region_id,region_name,region_code,city_name,created_at,updated_at,is_deleted
1,물치리,5183035025,강원특별자치도,2026-01-13 13:16:13.388277,2026-01-13 13:16:13.38828,f
2,간곡리,5183035026,강원특별자치도,2026-01-13 13:16:13.408777,2026-01-13 13:16:13.40878,f
3,둔전리,5183035027,강원특별자치도,2026-01-13 13:16:13.416367,2026-01-13 13:16:13.416371,f
4,석교리,5183035028,강원특별자치도,2026-01-13 13:16:13.42634,2026-01-13 13:16:13.426346,f
5,침교리,5183035029,강원특별자치도,2026-01-13 13:16:13.436915,2026-01-13 13:16:13.436919,f
6,회룡리,5183035030,강원특별자치도,2026-01-13 13:16:13.441569,2026-01-13 13:16:13.441573,f
7,금풍리,5183035031,강원특별자치도,2026-01-13 13:16:13.446474,2026-01-13 13:16:13.446478,f
8,사교리,5183035032,강원특별자치도,2026-01-13 13:16:13.451223,2026-01-13 13:16:13.451226,f
9,방축리,5183035033,강원특별자치도,2026-01-13 13:16:13.455791,2026-01-13 13:16:13.455794,f
10,답리,5183035034,강원특별자치도,2026-01-13 13:16:13.464492,2026-01-13 13:16:13.464498,f
11,광석리,5183035035,강원특별자치도,2026-01-13 13:16:13.470343,2026-01-13 13:16:13.470346,f
12,정암리,5183035036,강원특별자치도,2026-01-13 13:16:13.476545,2026-01-13 13:16:13.476552,f
13,용호리,5183035037,강원특별자치도,2026-01-13 13:16:13.489712,2026-01-13 13:16:13.489718,f
14,장산리,5183035038,강원특별자치도,2026-01-13 13:16:13.499578,2026-01-13 13:16:13.49958,f
15,전진리,5183035039,강원특별자치도,2026-01-13 13:16:13.505159,2026-01-13 13:16:13.505162,f
16,주청리,5183035040,강원특별자치도,2026-01-13 13:16:13.510516,2026-01-13 13:16:13.510518,f
17,적은리,5183035041,강원특별자치도,2026-01-13 13:16:13.515496,2026-01-13 13:16:13.515498,f
18,물갑리,5183035042,강원특별자치도,2026-01-13 13:16:13.519831,2026-01-13 13:16:13.519835,f
19,하왕도리,5183032037,강원특별자치도,2026-01-13 13:16:13.524334,2026-01-13 13:16:13.524337,f
20,도화리,5183032038,강원특별자치도,2026-01-13 13:16:13.532977,2026-01-13 13:16:13.53298,f
21,송현리,5183032039,강원특별자치도,2026-01-13 13:16:13.538162,2026-01-13 13:16:13.538164,f
22,주리,5183032040,강원특별자치도,2026-01-13 13:16:13.543921,2026-01-13 13:16:13.543923,f
23,여운포리,5183032041,강원특별자치도,2026-01-13 13:16:13.548188,2026-01-13 13:16:13.548189,f
24,상운리,5183032042,강원특별자치도,2026-01-13 13:16:13.552348,2026-01-13 13:16:13.55235,f
25,밀양리,5183032043,강원특별자치도,2026-01-13 13:16:13.556057,2026-01-13 13:16:13.556058,f
26,우암리,5183032044,강원특별자치도,2026-01-13 13:16:13.560134,2026-01-13 13:16:13.560136,f
27,현북면,5183033000,강원특별자치도,2026-01-13 13:16:13.567056,2026-01-13 13:16:13.567059,f
28,잔교리,5183033021,강원특별자치도,2026-01-13 13:16:13.57231,2026-01-13 13:16:13.572314,f
29,기사문리,5183033022,강원특별자치도,2026-01-13 13:16:13.576542,2026-01-13 13:16:13.576544,f
30,명지리,5183033023,강원특별자치도,2026-01-13 13:16:13.581945,2026-01-13 13:16:13.581948,f
31,장리,5183033024,강원특별자치도,2026-01-13 13:16:13.586475,2026-01-13 13:16:13.586478,f
32,도리,5183033025,강원특별자치도,2026-01-13 13:16:13.590236,2026-01-13 13:16:13.590253,f
33,말곡리,5183033026,강원특별자치도,2026-01-13 13:16:13.594203,2026-01-13 13:16:13.594206,f
34,대치리,5183033027,강원특별자치도,2026-01-13 13:16:13.602235,2026-01-13 13:16:13.602256,f
35,상광정리,5183033028,강원특별자치도,2026-01-13 13:16:13.607685,2026-01-13 13:16:13.607689,f
36,중광정리,5183033029,강원특별자치도,2026-01-13 13:16:13.612052,2026-01-13 13:16:13.612054,f
37,하광정리,5183033030,강원특별자치도,2026-01-13 13:16:13.616644,2026-01-13 13:16:13.616647,f
38,어성전리,5183033031,강원특별자치도,2026-01-13 13:16:13.622037,2026-01-13 13:16:13.622039,f
39,원일전리,5183033032,강원특별자치도,2026-01-13 13:16:13.628216,2026-01-13 13:16:13.628218,f
40,면옥치리,5183033033,강원특별자치도,2026-01-13 13:16:13.637265,2026-01-13 13:16:13.637268,f
41,법수치리,5183033034,강원특별자치도,2026-01-13 13:16:13.641811,2026-01-13 13:16:13.641814,f
42,현남면,5183034000,강원특별자치도,2026-01-13 13:16:13.647468,2026-01-13 13:16:13.64747,f
43,인구리,5183034021,강원특별자치도,2026-01-13 13:16:13.651929,2026-01-13 13:16:13.651931,f
44,북분리,5183034022,강원특별자치도,2026-01-13 13:16:13.656306,2026-01-13 13:16:13.656309,f
45,동산리,5183034023,강원특별자치도,2026-01-13 13:16:13.660833,2026-01-13 13:16:13.660836,f
46,시변리,5183034024,강원특별자치도,2026-01-13 13:16:13.665634,2026-01-13 13:16:13.665636,f
47,정자리,5183034025,강원특별자치도,2026-01-13 13:16:13.670516,2026-01-13 13:16:13.670519,f
48,광진리,5183034026,강원특별자치도,2026-01-13 13:16:13.676196,2026-01-13 13:16:13.676198,f
49,전포매리,5183034027,강원특별자치도,2026-01-13 13:16:13.680123,2026-01-13 13:16:13.680125,f
50,후포매리,5183034028,강원특별자치도,2026-01-13 13:16:13.684685,2026-01-13 13:16:13.684688,f
51,견불리,5183034029,강원특별자치도,2026-01-13 13:16:13.690223,2026-01-13 13:16:13.690228,f
52,상월천리,5183034030,강원특별자치도,2026-01-13 13:16:13.694587,2026-01-13 13:16:13.694589,f
53,하월천리,5183034031,강원특별자치도,2026-01-13 13:16:13.699507,2026-01-13 13:16:13.699509,f
54,창리,5183034032,강원특별자치도,2026-01-13 13:16:13.705303,2026-01-13 13:16:13.705305,f
55,임호정리,5183034033,강원특별자치도,2026-01-13 13:16:13.71076,2026-01-13 13:16:13.710763,f
56,원포리,5183034034,강원특별자치도,2026-01-13 13:16:13.715095,2026-01-13 13:16:13.715098,f
57,지리,5183034035,강원특별자치도,2026-01-13 13:16:13.719111,2026-01-13 13:16:13.719112,f
58,지경리,5183034036,강원특별자치도,2026-01-13 13:16:13.72299,2026-01-13 13:16:13.722992,f
59,입암리,5183034037,강원특별자치도,2026-01-13 13:16:13.727475,2026-01-13 13:16:13.727477,f
60,남애리,5183034038,강원특별자치도,2026-01-13 13:16:13.731678,2026-01-13 13:16:13.73168,f
61,주리,5183034039,강원특별자치도,2026-01-13 13:16:13.737325,2026-01-13 13:16:13.737327,f
62,두리,5183034040,강원특별자치도,2026-01-13 13:16:13.741887,2026-01-13 13:16:13.74189,f
63,죽리,5183034041,강원특별자치도,2026-01-13 13:16:13.74637,2026-01-13 13:16:13.746372,f
64,강현면,5183035000,강원특별자치도,2026-01-13 13:16:13.750371,2026-01-13 13:16:13.750374,f
65,상복리,5183035021,강원특별자치도,2026-01-13 13:16:13.754896,2026-01-13 13:16:13.754898,f
66,중복리,5183035022,강원특별자치도,2026-01-13 13:16:13.762657,2026-01-13 13:16:13.762659,f
67,하복리,5183035023,강원특별자치도,2026-01-13 13:16:13.768312,2026-01-13 13:16:13.768314,f
68,강선리,5183035024,강원특별자치도,2026-01-13 13:16:13.772498,2026-01-13 13:16:13.772499,f
69,송암리,5183025027,강원특별자치도,2026-01-13 13:16:13.777229,2026-01-13 13:16:13.777231,f
70,월리,5183025028,강원특별자치도,2026-01-13 13:16:13.781921,2026-01-13 13:16:13.781924,f
71,조산리,5183025029,강원특별자치도,2026-01-13 13:16:13.786048,2026-01-13 13:16:13.786051,f
72,사천리,5183025030,강원특별자치도,2026-01-13 13:16:13.789765,2026-01-13 13:16:13.789767,f
73,포월리,5183025031,강원특별자치도,2026-01-13 13:16:13.797165,2026-01-13 13:16:13.797167,f
74,기리,5183025032,강원특별자치도,2026-01-13 13:16:13.803194,2026-01-13 13:16:13.8032,f
75,정손리,5183025033,강원특별자치도,2026-01-13 13:16:13.808652,2026-01-13 13:16:13.808656,f
76,감곡리,5183025034,강원특별자치도,2026-01-13 13:16:13.814005,2026-01-13 13:16:13.814008,f
77,서문리,5183025035,강원특별자치도,2026-01-13 13:16:13.820109,2026-01-13 13:16:13.820111,f
78,내곡리,5183025036,강원특별자치도,2026-01-13 13:16:13.827197,2026-01-13 13:16:13.8272,f
79,임천리,5183025037,강원특별자치도,2026-01-13 13:16:13.831592,2026-01-13 13:16:13.831594,f
80,거마리,5183025038,강원특별자치도,2026-01-13 13:16:13.837026,2026-01-13 13:16:13.837028,f
81,화일리,5183025039,강원특별자치도,2026-01-13 13:16:13.841617,2026-01-13 13:16:13.841619,f
82,서면,5183031000,강원특별자치도,2026-01-13 13:16:13.846271,2026-01-13 13:16:13.846273,f
83,갈천리,5183031021,강원특별자치도,2026-01-13 13:16:13.850755,2026-01-13 13:16:13.85076,f
84,수리,5183031022,강원특별자치도,2026-01-13 13:16:13.855271,2026-01-13 13:16:13.855276,f
85,논화리,5183031023,강원특별자치도,2026-01-13 13:16:13.861013,2026-01-13 13:16:13.861017,f
86,용소리,5183031024,강원특별자치도,2026-01-13 13:16:13.866512,2026-01-13 13:16:13.866514,f
87,내현리,5183031025,강원특별자치도,2026-01-13 13:16:13.87172,2026-01-13 13:16:13.871722,f
88,용천리,5183031026,강원특별자치도,2026-01-13 13:16:13.876099,2026-01-13 13:16:13.876101,f
89,북평리,5183031027,강원특별자치도,2026-01-13 13:16:13.879944,2026-01-13 13:16:13.879947,f
90,범부리,5183031028,강원특별자치도,2026-01-13 13:16:13.885543,2026-01-13 13:16:13.885546,f
91,상평리,5183031029,강원특별자치도,2026-01-13 13:16:13.890262,2026-01-13 13:16:13.890266,f
92,장승리,5183031030,강원특별자치도,2026-01-13 13:16:13.894452,2026-01-13 13:16:13.894453,f
93,서선리,5183031031,강원특별자치도,2026-01-13 13:16:13.901378,2026-01-13 13:16:13.901383,f
94,가라피리,5183031032,강원특별자치도,2026-01-13 13:16:13.906313,2026-01-13 13:16:13.906315,f
95,오색리,5183031033,강원특별자치도,2026-01-13 13:16:13.910335,2026-01-13 13:16:13.910338,f
96,영덕리,5183031034,강원특별자치도,2026-01-13 13:16:13.915046,2026-01-13 13:16:13.915047,f
97,서림리,5183031035,강원특별자치도,2026-01-13 13:16:13.919109,2026-01-13 13:16:13.919116,f
98,미천리,5183031036,강원특별자치도,2026-01-13 13:16:13.923578,2026-01-13 13:16:13.923582,f
99,북암리,5183031037,강원특별자치도,2026-01-13 13:16:13.928622,2026-01-13 13:16:13.928624,f
100,송천리,5183031038,강원특별자치도,2026-01-13 13:16:13.935042,2026-01-13 13:16:13.935045,f
101,송어리,5183031039,강원특별자치도,2026-01-13 13:16:13.940639,2026-01-13 13:16:13.940641,f
102,공수전리,5183031040,강원특별자치도,2026-01-13 13:16:13.947078,2026-01-13 13:16:13.947082,f
103,손양면,5183032000,강원특별자치도,2026-01-13 13:16:13.952311,2026-01-13 13:16:13.952315,f
104,동호리,5183032021,강원특별자치도,2026-01-13 13:16:13.956569,2026-01-13 13:16:13.95657,f
105,금강리,5183032022,강원특별자치도,2026-01-13 13:16:13.960845,2026-01-13 13:16:13.960848,f
106,송전리,5183032023,강원특별자치도,2026-01-13 13:16:13.966607,2026-01-13 13:16:13.96661,f
107,가평리,5183032024,강원특별자치도,2026-01-13 13:16:13.975378,2026-01-13 13:16:13.97538,f
108,오산리,5183032025,강원특별자치도,2026-01-13 13:16:13.982464,2026-01-13 13:16:13.982466,f
109,삽존리,5183032026,강원특별자치도,2026-01-13 13:16:13.987794,2026-01-13 13:16:13.987797,f
110,석계리,5183032027,강원특별자치도,2026-01-13 13:16:13.994567,2026-01-13 13:16:13.994569,f
111,학포리,5183032028,강원특별자치도,2026-01-13 13:16:13.999586,2026-01-13 13:16:13.999589,f
112,수여리,5183032029,강원특별자치도,2026-01-13 13:16:14.004979,2026-01-13 13:16:14.004985,f
113,상양혈리,5183032030,강원특별자치도,2026-01-13 13:16:14.010495,2026-01-13 13:16:14.010498,f
114,하양혈리,5183032031,강원특별자치도,2026-01-13 13:16:14.019921,2026-01-13 13:16:14.019927,f
115,부소치리,5183032032,강원특별자치도,2026-01-13 13:16:14.03145,2026-01-13 13:16:14.031453,f
116,수산리,5183032033,강원특별자치도,2026-01-13 13:16:14.035512,2026-01-13 13:16:14.035514,f
117,와리,5183032034,강원특별자치도,2026-01-13 13:16:14.03927,2026-01-13 13:16:14.039272,f
118,간리,5183032035,강원특별자치도,2026-01-13 13:16:14.043397,2026-01-13 13:16:14.043399,f
119,상왕도리,5183032036,강원특별자치도,2026-01-13 13:16:14.04792,2026-01-13 13:16:14.047923,f
120,가진리,5182032023,강원특별자치도,2026-01-13 13:16:14.0564,2026-01-13 13:16:14.056403,f
121,공현진리,5182032024,강원특별자치도,2026-01-13 13:16:14.064342,2026-01-13 13:16:14.064346,f
122,오봉리,5182032025,강원특별자치도,2026-01-13 13:16:14.069232,2026-01-13 13:16:14.069235,f
123,인정리,5182032026,강원특별자치도,2026-01-13 13:16:14.073272,2026-01-13 13:16:14.073274,f
124,구성리,5182032027,강원특별자치도,2026-01-13 13:16:14.077551,2026-01-13 13:16:14.077553,f
125,마좌리,5182032028,강원특별자치도,2026-01-13 13:16:14.081834,2026-01-13 13:16:14.081836,f
126,삼포리,5182032029,강원특별자치도,2026-01-13 13:16:14.087772,2026-01-13 13:16:14.087774,f
127,야촌리,5182032030,강원특별자치도,2026-01-13 13:16:14.091977,2026-01-13 13:16:14.091978,f
128,문암진리,5182032031,강원특별자치도,2026-01-13 13:16:14.099504,2026-01-13 13:16:14.099506,f
129,송암리,5182032032,강원특별자치도,2026-01-13 13:16:14.104448,2026-01-13 13:16:14.10445,f
130,토성면,5182033000,강원특별자치도,2026-01-13 13:16:14.108903,2026-01-13 13:16:14.108904,f
131,천진리,5182033021,강원특별자치도,2026-01-13 13:16:14.112939,2026-01-13 13:16:14.112941,f
132,청간리,5182033022,강원특별자치도,2026-01-13 13:16:14.11735,2026-01-13 13:16:14.117352,f
133,아야진리,5182033023,강원특별자치도,2026-01-13 13:16:14.121401,2026-01-13 13:16:14.121403,f
134,교암리,5182033024,강원특별자치도,2026-01-13 13:16:14.126427,2026-01-13 13:16:14.126429,f
135,백촌리,5182033025,강원특별자치도,2026-01-13 13:16:14.132649,2026-01-13 13:16:14.132652,f
136,운봉리,5182033026,강원특별자치도,2026-01-13 13:16:14.13868,2026-01-13 13:16:14.138682,f
137,학야리,5182033027,강원특별자치도,2026-01-13 13:16:14.144406,2026-01-13 13:16:14.144408,f
138,도원리,5182033028,강원특별자치도,2026-01-13 13:16:14.148722,2026-01-13 13:16:14.148724,f
139,용암리,5182033029,강원특별자치도,2026-01-13 13:16:14.152856,2026-01-13 13:16:14.152858,f
140,신평리,5182033030,강원특별자치도,2026-01-13 13:16:14.156694,2026-01-13 13:16:14.156696,f
141,인흥리,5182033031,강원특별자치도,2026-01-13 13:16:14.160954,2026-01-13 13:16:14.160956,f
142,성천리,5182033032,강원특별자치도,2026-01-13 13:16:14.165771,2026-01-13 13:16:14.165774,f
143,원암리,5182033033,강원특별자치도,2026-01-13 13:16:14.172643,2026-01-13 13:16:14.172645,f
144,용촌리,5182033034,강원특별자치도,2026-01-13 13:16:14.178282,2026-01-13 13:16:14.178285,f
145,봉포리,5182033035,강원특별자치도,2026-01-13 13:16:14.183256,2026-01-13 13:16:14.183259,f
146,성대리,5182033036,강원특별자치도,2026-01-13 13:16:14.187286,2026-01-13 13:16:14.187289,f
147,금화정리,5182033037,강원특별자치도,2026-01-13 13:16:14.192005,2026-01-13 13:16:14.192008,f
148,수동면,5182034000,강원특별자치도,2026-01-13 13:16:14.195795,2026-01-13 13:16:14.195797,f
149,신대리,5182034021,강원특별자치도,2026-01-13 13:16:14.199812,2026-01-13 13:16:14.199814,f
150,외면리,5182034022,강원특별자치도,2026-01-13 13:16:14.207527,2026-01-13 13:16:14.20753,f
151,덕산리,5182034023,강원특별자치도,2026-01-13 13:16:14.21251,2026-01-13 13:16:14.212513,f
152,사비리,5182034024,강원특별자치도,2026-01-13 13:16:14.217365,2026-01-13 13:16:14.217368,f
153,고미성리,5182034025,강원특별자치도,2026-01-13 13:16:14.222944,2026-01-13 13:16:14.222949,f
154,신탄리,5182034026,강원특별자치도,2026-01-13 13:16:14.228892,2026-01-13 13:16:14.228896,f
155,사천리,5182034027,강원특별자치도,2026-01-13 13:16:14.233176,2026-01-13 13:16:14.233178,f
156,상원리,5182034028,강원특별자치도,2026-01-13 13:16:14.242632,2026-01-13 13:16:14.242635,f
157,양양군,5183000000,강원특별자치도,2026-01-13 13:16:14.247711,2026-01-13 13:16:14.247713,f
158,양양읍,5183025000,강원특별자치도,2026-01-13 13:16:14.251742,2026-01-13 13:16:14.251744,f
159,남문리,5183025021,강원특별자치도,2026-01-13 13:16:14.255638,2026-01-13 13:16:14.25564,f
160,구교리,5183025022,강원특별자치도,2026-01-13 13:16:14.265168,2026-01-13 13:16:14.265171,f
161,성내리,5183025023,강원특별자치도,2026-01-13 13:16:14.270894,2026-01-13 13:16:14.270897,f
162,군행리,5183025024,강원특별자치도,2026-01-13 13:16:14.275093,2026-01-13 13:16:14.275096,f
163,연창리,5183025025,강원특별자치도,2026-01-13 13:16:14.27883,2026-01-13 13:16:14.278831,f
164,청곡리,5183025026,강원특별자치도,2026-01-13 13:16:14.283012,2026-01-13 13:16:14.283015,f
165,광산리,5182025029,강원특별자치도,2026-01-13 13:16:14.287976,2026-01-13 13:16:14.287978,f
166,어천리,5182025030,강원특별자치도,2026-01-13 13:16:14.292376,2026-01-13 13:16:14.292378,f
167,장신리,5182025031,강원특별자치도,2026-01-13 13:16:14.300139,2026-01-13 13:16:14.300142,f
168,진부리,5182025032,강원특별자치도,2026-01-13 13:16:14.305435,2026-01-13 13:16:14.305438,f
169,탑동리,5182025033,강원특별자치도,2026-01-13 13:16:14.310031,2026-01-13 13:16:14.310033,f
170,선유실리,5182025034,강원특별자치도,2026-01-13 13:16:14.314365,2026-01-13 13:16:14.314367,f
171,금수리,5182025035,강원특별자치도,2026-01-13 13:16:14.318259,2026-01-13 13:16:14.318261,f
172,탑현리,5182025036,강원특별자치도,2026-01-13 13:16:14.322566,2026-01-13 13:16:14.322568,f
173,흘리,5182025037,강원특별자치도,2026-01-13 13:16:14.326984,2026-01-13 13:16:14.326986,f
174,거진읍,5182025300,강원특별자치도,2026-01-13 13:16:14.333476,2026-01-13 13:16:14.333478,f
175,거진리,5182025321,강원특별자치도,2026-01-13 13:16:14.338116,2026-01-13 13:16:14.33812,f
176,화포리,5182025322,강원특별자치도,2026-01-13 13:16:14.343315,2026-01-13 13:16:14.343317,f
177,원당리,5182025323,강원특별자치도,2026-01-13 13:16:14.347442,2026-01-13 13:16:14.347444,f
178,송정리,5182025324,강원특별자치도,2026-01-13 13:16:14.355639,2026-01-13 13:16:14.355641,f
179,용하리,5182025325,강원특별자치도,2026-01-13 13:16:14.363144,2026-01-13 13:16:14.36315,f
180,산북리,5182025326,강원특별자치도,2026-01-13 13:16:14.368772,2026-01-13 13:16:14.368775,f
181,송강리,5182025327,강원특별자치도,2026-01-13 13:16:14.374805,2026-01-13 13:16:14.374809,f
182,석문리,5182025328,강원특별자치도,2026-01-13 13:16:14.379148,2026-01-13 13:16:14.37915,f
183,초계리,5182025329,강원특별자치도,2026-01-13 13:16:14.383974,2026-01-13 13:16:14.383977,f
184,대대리,5182025330,강원특별자치도,2026-01-13 13:16:14.392615,2026-01-13 13:16:14.392618,f
185,송죽리,5182025331,강원특별자치도,2026-01-13 13:16:14.397391,2026-01-13 13:16:14.397394,f
186,반암리,5182025332,강원특별자치도,2026-01-13 13:16:14.401461,2026-01-13 13:16:14.401464,f
187,송포리,5182025333,강원특별자치도,2026-01-13 13:16:14.406033,2026-01-13 13:16:14.406036,f
188,봉평리,5182025334,강원특별자치도,2026-01-13 13:16:14.41044,2026-01-13 13:16:14.410442,f
189,냉천리,5182025335,강원특별자치도,2026-01-13 13:16:14.414865,2026-01-13 13:16:14.414868,f
190,오정리,5182025336,강원특별자치도,2026-01-13 13:16:14.41956,2026-01-13 13:16:14.419563,f
191,자산리,5182025337,강원특별자치도,2026-01-13 13:16:14.426137,2026-01-13 13:16:14.426139,f
192,현내면,5182031000,강원특별자치도,2026-01-13 13:16:14.43151,2026-01-13 13:16:14.431512,f
193,대진리,5182031021,강원특별자치도,2026-01-13 13:16:14.435984,2026-01-13 13:16:14.435989,f
194,철통리,5182031022,강원특별자치도,2026-01-13 13:16:14.441699,2026-01-13 13:16:14.441703,f
195,초도리,5182031023,강원특별자치도,2026-01-13 13:16:14.447839,2026-01-13 13:16:14.447841,f
196,죽정리,5182031024,강원특별자치도,2026-01-13 13:16:14.452126,2026-01-13 13:16:14.452129,f
197,산학리,5182031025,강원특별자치도,2026-01-13 13:16:14.461384,2026-01-13 13:16:14.461387,f
198,화곡리,5182031026,강원특별자치도,2026-01-13 13:16:14.466589,2026-01-13 13:16:14.466592,f
199,마달리,5182031027,강원특별자치도,2026-01-13 13:16:14.471262,2026-01-13 13:16:14.471264,f
200,마차진리,5182031028,강원특별자치도,2026-01-13 13:16:14.47634,2026-01-13 13:16:14.476344,f
201,명파리,5182031029,강원특별자치도,2026-01-13 13:16:14.481177,2026-01-13 13:16:14.481179,f
202,배봉리,5182031030,강원특별자치도,2026-01-13 13:16:14.487847,2026-01-13 13:16:14.487852,f
203,검장리,5182031032,강원특별자치도,2026-01-13 13:16:14.496286,2026-01-13 13:16:14.49629,f
204,사천리,5182031033,강원특별자치도,2026-01-13 13:16:14.50193,2026-01-13 13:16:14.501934,f
205,송현리,5182031034,강원특별자치도,2026-01-13 13:16:14.506678,2026-01-13 13:16:14.506681,f
206,명호리,5182031035,강원특별자치도,2026-01-13 13:16:14.510905,2026-01-13 13:16:14.510908,f
207,송도진리,5182031036,강원특별자치도,2026-01-13 13:16:14.517799,2026-01-13 13:16:14.517801,f
208,제진리,5182031037,강원특별자치도,2026-01-13 13:16:14.523755,2026-01-13 13:16:14.523758,f
209,대강리,5182031038,강원특별자치도,2026-01-13 13:16:14.528921,2026-01-13 13:16:14.528923,f
210,죽왕면,5182032000,강원특별자치도,2026-01-13 13:16:14.533906,2026-01-13 13:16:14.533908,f
211,오호리,5182032021,강원특별자치도,2026-01-13 13:16:14.538476,2026-01-13 13:16:14.538479,f
212,향목리,5182032022,강원특별자치도,2026-01-13 13:16:14.543815,2026-01-13 13:16:14.543818,f
213,하수내리,5181031031,강원특별자치도,2026-01-13 13:16:14.548937,2026-01-13 13:16:14.548939,f
214,수산리,5181031032,강원특별자치도,2026-01-13 13:16:14.55426,2026-01-13 13:16:14.554262,f
215,소치리,5181031033,강원특별자치도,2026-01-13 13:16:14.560062,2026-01-13 13:16:14.560064,f
216,북면,5181032000,강원특별자치도,2026-01-13 13:16:14.565099,2026-01-13 13:16:14.565101,f
217,원통리,5181032021,강원특별자치도,2026-01-13 13:16:14.571149,2026-01-13 13:16:14.571154,f
218,월학리,5181032022,강원특별자치도,2026-01-13 13:16:14.575424,2026-01-13 13:16:14.575426,f
219,한계리,5181032023,강원특별자치도,2026-01-13 13:16:14.57931,2026-01-13 13:16:14.579314,f
220,용대리,5181032024,강원특별자치도,2026-01-13 13:16:14.588392,2026-01-13 13:16:14.588394,f
221,기린면,5181033000,강원특별자치도,2026-01-13 13:16:14.594569,2026-01-13 13:16:14.594572,f
222,현리,5181033021,강원특별자치도,2026-01-13 13:16:14.59868,2026-01-13 13:16:14.598682,f
223,북리,5181033022,강원특별자치도,2026-01-13 13:16:14.602694,2026-01-13 13:16:14.602696,f
224,서리,5181033023,강원특별자치도,2026-01-13 13:16:14.6105,2026-01-13 13:16:14.610506,f
225,방동리,5181033024,강원특별자치도,2026-01-13 13:16:14.616845,2026-01-13 13:16:14.616847,f
226,진동리,5181033025,강원특별자치도,2026-01-13 13:16:14.624523,2026-01-13 13:16:14.624526,f
227,서화면,5181034000,강원특별자치도,2026-01-13 13:16:14.629137,2026-01-13 13:16:14.629139,f
228,천도리,5181034021,강원특별자치도,2026-01-13 13:16:14.634025,2026-01-13 13:16:14.634029,f
229,서흥리,5181034022,강원특별자치도,2026-01-13 13:16:14.639438,2026-01-13 13:16:14.639442,f
230,서화리,5181034023,강원특별자치도,2026-01-13 13:16:14.643641,2026-01-13 13:16:14.643643,f
231,가전리,5181034024,강원특별자치도,2026-01-13 13:16:14.64811,2026-01-13 13:16:14.648113,f
232,심적리,5181034025,강원특별자치도,2026-01-13 13:16:14.653063,2026-01-13 13:16:14.653076,f
233,서희리,5181034026,강원특별자치도,2026-01-13 13:16:14.65766,2026-01-13 13:16:14.657662,f
234,장승리,5181034027,강원특별자치도,2026-01-13 13:16:14.66485,2026-01-13 13:16:14.664853,f
235,상남면,5181035000,강원특별자치도,2026-01-13 13:16:14.669666,2026-01-13 13:16:14.66967,f
236,상남리,5181035021,강원특별자치도,2026-01-13 13:16:14.675202,2026-01-13 13:16:14.675204,f
237,하남리,5181035022,강원특별자치도,2026-01-13 13:16:14.679295,2026-01-13 13:16:14.679298,f
238,미산리,5181035023,강원특별자치도,2026-01-13 13:16:14.683924,2026-01-13 13:16:14.683926,f
239,김부리,5181035024,강원특별자치도,2026-01-13 13:16:14.692695,2026-01-13 13:16:14.692697,f
240,고성군,5182000000,강원특별자치도,2026-01-13 13:16:14.698997,2026-01-13 13:16:14.698999,f
241,간성읍,5182025000,강원특별자치도,2026-01-13 13:16:14.704332,2026-01-13 13:16:14.704334,f
242,하리,5182025021,강원특별자치도,2026-01-13 13:16:14.709426,2026-01-13 13:16:14.709428,f
243,신안리,5182025022,강원특별자치도,2026-01-13 13:16:14.714928,2026-01-13 13:16:14.71493,f
244,동호리,5182025023,강원특별자치도,2026-01-13 13:16:14.719423,2026-01-13 13:16:14.719426,f
245,봉호리,5182025024,강원특별자치도,2026-01-13 13:16:14.723422,2026-01-13 13:16:14.723424,f
246,상리,5182025025,강원특별자치도,2026-01-13 13:16:14.730686,2026-01-13 13:16:14.73069,f
247,간촌리,5182025026,강원특별자치도,2026-01-13 13:16:14.735524,2026-01-13 13:16:14.735527,f
248,교동리,5182025027,강원특별자치도,2026-01-13 13:16:14.740105,2026-01-13 13:16:14.74011,f
249,해상리,5182025028,강원특별자치도,2026-01-13 13:16:14.745011,2026-01-13 13:16:14.745014,f
250,월운리,5180032027,강원특별자치도,2026-01-13 13:16:14.749549,2026-01-13 13:16:14.749551,f
251,비아리,5180032028,강원특별자치도,2026-01-13 13:16:14.753661,2026-01-13 13:16:14.753663,f
252,사태리,5180032029,강원특별자치도,2026-01-13 13:16:14.757615,2026-01-13 13:16:14.757617,f
253,방산면,5180033000,강원특별자치도,2026-01-13 13:16:14.76369,2026-01-13 13:16:14.763692,f
254,현리,5180033021,강원특별자치도,2026-01-13 13:16:14.769937,2026-01-13 13:16:14.769939,f
255,오미리,5180033022,강원특별자치도,2026-01-13 13:16:14.774051,2026-01-13 13:16:14.774054,f
256,금악리,5180033023,강원특별자치도,2026-01-13 13:16:14.778334,2026-01-13 13:16:14.778337,f
257,장평리,5180033024,강원특별자치도,2026-01-13 13:16:14.783047,2026-01-13 13:16:14.783049,f
258,칠전리,5180033025,강원특별자치도,2026-01-13 13:16:14.787631,2026-01-13 13:16:14.787634,f
259,송현리,5180033026,강원특별자치도,2026-01-13 13:16:14.791674,2026-01-13 13:16:14.791675,f
260,고방산리,5180033027,강원특별자치도,2026-01-13 13:16:14.798257,2026-01-13 13:16:14.798261,f
261,천미리,5180033028,강원특별자치도,2026-01-13 13:16:14.803546,2026-01-13 13:16:14.803548,f
262,건솔리,5180033029,강원특별자치도,2026-01-13 13:16:14.807602,2026-01-13 13:16:14.807605,f
263,해안면,5180034000,강원특별자치도,2026-01-13 13:16:14.812259,2026-01-13 13:16:14.812262,f
264,현리,5180034021,강원특별자치도,2026-01-13 13:16:14.816549,2026-01-13 13:16:14.816551,f
265,오유리,5180034022,강원특별자치도,2026-01-13 13:16:14.821578,2026-01-13 13:16:14.821581,f
266,만대리,5180034023,강원특별자치도,2026-01-13 13:16:14.82648,2026-01-13 13:16:14.826482,f
267,월산리,5180034024,강원특별자치도,2026-01-13 13:16:14.832742,2026-01-13 13:16:14.832744,f
268,이현리,5180034025,강원특별자치도,2026-01-13 13:16:14.837891,2026-01-13 13:16:14.837892,f
269,후리,5180034026,강원특별자치도,2026-01-13 13:16:14.84196,2026-01-13 13:16:14.841963,f
270,인제군,5181000000,강원특별자치도,2026-01-13 13:16:14.845624,2026-01-13 13:16:14.845626,f
271,인제읍,5181025000,강원특별자치도,2026-01-13 13:16:14.850225,2026-01-13 13:16:14.850228,f
272,상동리,5181025021,강원특별자치도,2026-01-13 13:16:14.854495,2026-01-13 13:16:14.854496,f
273,남북리,5181025022,강원특별자치도,2026-01-13 13:16:14.859051,2026-01-13 13:16:14.859053,f
274,합강리,5181025023,강원특별자치도,2026-01-13 13:16:14.867453,2026-01-13 13:16:14.867456,f
275,덕산리,5181025024,강원특별자치도,2026-01-13 13:16:14.873013,2026-01-13 13:16:14.873016,f
276,덕적리,5181025025,강원특별자치도,2026-01-13 13:16:14.877218,2026-01-13 13:16:14.877221,f
277,원대리,5181025026,강원특별자치도,2026-01-13 13:16:14.881437,2026-01-13 13:16:14.881439,f
278,귀둔리,5181025027,강원특별자치도,2026-01-13 13:16:14.885765,2026-01-13 13:16:14.885767,f
279,가아리,5181025028,강원특별자치도,2026-01-13 13:16:14.890705,2026-01-13 13:16:14.890708,f
280,가리산리,5181025029,강원특별자치도,2026-01-13 13:16:14.895012,2026-01-13 13:16:14.895014,f
281,하추리,5181025030,강원특별자치도,2026-01-13 13:16:14.902282,2026-01-13 13:16:14.902286,f
282,고사리,5181025031,강원특별자치도,2026-01-13 13:16:14.907487,2026-01-13 13:16:14.907491,f
283,남면,5181031000,강원특별자치도,2026-01-13 13:16:14.911967,2026-01-13 13:16:14.911969,f
284,신남리,5181031021,강원특별자치도,2026-01-13 13:16:14.91606,2026-01-13 13:16:14.916062,f
285,신풍리,5181031022,강원특별자치도,2026-01-13 13:16:14.920489,2026-01-13 13:16:14.920491,f
286,어론리,5181031023,강원특별자치도,2026-01-13 13:16:14.924764,2026-01-13 13:16:14.924766,f
287,부평리,5181031024,강원특별자치도,2026-01-13 13:16:14.930004,2026-01-13 13:16:14.930014,f
288,갑둔리,5181031025,강원특별자치도,2026-01-13 13:16:14.936691,2026-01-13 13:16:14.936693,f
289,정자리,5181031026,강원특별자치도,2026-01-13 13:16:14.943078,2026-01-13 13:16:14.943082,f
290,남전리,5181031027,강원특별자치도,2026-01-13 13:16:14.948018,2026-01-13 13:16:14.948022,f
291,관대리,5181031028,강원특별자치도,2026-01-13 13:16:14.95354,2026-01-13 13:16:14.953542,f
292,신월리,5181031029,강원특별자치도,2026-01-13 13:16:14.957575,2026-01-13 13:16:14.957577,f
293,상수내리,5181031030,강원특별자치도,2026-01-13 13:16:14.961795,2026-01-13 13:16:14.961798,f
294,양구읍,5180025000,강원특별자치도,2026-01-13 13:16:14.966551,2026-01-13 13:16:14.966553,f
295,상리,5180025021,강원특별자치도,2026-01-13 13:16:14.97415,2026-01-13 13:16:14.974153,f
296,중리,5180025022,강원특별자치도,2026-01-13 13:16:14.979021,2026-01-13 13:16:14.979023,f
297,하리,5180025023,강원특별자치도,2026-01-13 13:16:14.983539,2026-01-13 13:16:14.983542,f
298,송청리,5180025024,강원특별자치도,2026-01-13 13:16:14.990273,2026-01-13 13:16:14.99028,f
299,수인리,5180025025,강원특별자치도,2026-01-13 13:16:15.000902,2026-01-13 13:16:15.000905,f
300,웅진리,5180025026,강원특별자치도,2026-01-13 13:16:15.007347,2026-01-13 13:16:15.007352,f
301,석현리,5180025027,강원특별자치도,2026-01-13 13:16:15.014504,2026-01-13 13:16:15.014506,f
302,공리,5180025028,강원특별자치도,2026-01-13 13:16:15.018621,2026-01-13 13:16:15.018622,f
303,학조리,5180025029,강원특별자치도,2026-01-13 13:16:15.024317,2026-01-13 13:16:15.024323,f
304,이리,5180025030,강원특별자치도,2026-01-13 13:16:15.030694,2026-01-13 13:16:15.030698,f
305,안대리,5180025031,강원특별자치도,2026-01-13 13:16:15.035831,2026-01-13 13:16:15.035834,f
306,정림리,5180025032,강원특별자치도,2026-01-13 13:16:15.039829,2026-01-13 13:16:15.039831,f
307,동수리,5180025033,강원특별자치도,2026-01-13 13:16:15.04389,2026-01-13 13:16:15.043891,f
308,고대리,5180025034,강원특별자치도,2026-01-13 13:16:15.048458,2026-01-13 13:16:15.048461,f
309,죽곡리,5180025035,강원특별자치도,2026-01-13 13:16:15.053328,2026-01-13 13:16:15.053331,f
310,한전리,5180025036,강원특별자치도,2026-01-13 13:16:15.057614,2026-01-13 13:16:15.057617,f
311,도사리,5180025037,강원특별자치도,2026-01-13 13:16:15.062623,2026-01-13 13:16:15.062627,f
312,공수리,5180025038,강원특별자치도,2026-01-13 13:16:15.068262,2026-01-13 13:16:15.068266,f
313,군량리,5180025039,강원특별자치도,2026-01-13 13:16:15.073341,2026-01-13 13:16:15.073343,f
314,월명리,5180025040,강원특별자치도,2026-01-13 13:16:15.077979,2026-01-13 13:16:15.077981,f
315,상무룡리,5180025041,강원특별자치도,2026-01-13 13:16:15.082273,2026-01-13 13:16:15.082275,f
316,국토정중앙면,5180031500,강원특별자치도,2026-01-13 13:16:15.087223,2026-01-13 13:16:15.087225,f
317,적리,5180031521,강원특별자치도,2026-01-13 13:16:15.093849,2026-01-13 13:16:15.093854,f
318,가오작리,5180031522,강원특별자치도,2026-01-13 13:16:15.099386,2026-01-13 13:16:15.099388,f
319,야촌리,5180031523,강원특별자치도,2026-01-13 13:16:15.105741,2026-01-13 13:16:15.105743,f
320,용하리,5180031524,강원특별자치도,2026-01-13 13:16:15.110784,2026-01-13 13:16:15.110786,f
321,청리,5180031525,강원특별자치도,2026-01-13 13:16:15.115272,2026-01-13 13:16:15.115274,f
322,송우리,5180031526,강원특별자치도,2026-01-13 13:16:15.120545,2026-01-13 13:16:15.120547,f
323,황강리,5180031527,강원특별자치도,2026-01-13 13:16:15.124833,2026-01-13 13:16:15.124835,f
324,창리,5180031528,강원특별자치도,2026-01-13 13:16:15.130028,2026-01-13 13:16:15.130032,f
325,도촌리,5180031529,강원특별자치도,2026-01-13 13:16:15.134435,2026-01-13 13:16:15.134443,f
326,구암리,5180031530,강원특별자치도,2026-01-13 13:16:15.138544,2026-01-13 13:16:15.138547,f
327,죽리,5180031531,강원특별자치도,2026-01-13 13:16:15.143178,2026-01-13 13:16:15.143181,f
328,심포리,5180031532,강원특별자치도,2026-01-13 13:16:15.148403,2026-01-13 13:16:15.148405,f
329,원리,5180031533,강원특별자치도,2026-01-13 13:16:15.152907,2026-01-13 13:16:15.152909,f
330,두무리,5180031534,강원특별자치도,2026-01-13 13:16:15.156561,2026-01-13 13:16:15.156563,f
331,명곶리,5180031535,강원특별자치도,2026-01-13 13:16:15.160546,2026-01-13 13:16:15.160548,f
332,동면,5180032000,강원특별자치도,2026-01-13 13:16:15.165173,2026-01-13 13:16:15.165175,f
333,후곡리,5180032021,강원특별자치도,2026-01-13 13:16:15.170385,2026-01-13 13:16:15.170388,f
334,지석리,5180032022,강원특별자치도,2026-01-13 13:16:15.174388,2026-01-13 13:16:15.17439,f
335,원당리,5180032023,강원특별자치도,2026-01-13 13:16:15.178048,2026-01-13 13:16:15.17805,f
336,덕곡리,5180032024,강원특별자치도,2026-01-13 13:16:15.183013,2026-01-13 13:16:15.183016,f
337,임당리,5180032025,강원특별자치도,2026-01-13 13:16:15.188099,2026-01-13 13:16:15.188101,f
338,팔랑리,5180032026,강원특별자치도,2026-01-13 13:16:15.192204,2026-01-13 13:16:15.192206,f
339,진현리,5178036031,강원특별자치도,2026-01-13 13:16:15.195958,2026-01-13 13:16:15.19596,f
340,임남면,5178037000,강원특별자치도,2026-01-13 13:16:15.200175,2026-01-13 13:16:15.200177,f
341,달전리,5178037021,강원특별자치도,2026-01-13 13:16:15.204223,2026-01-13 13:16:15.204225,f
342,과호리,5178037022,강원특별자치도,2026-01-13 13:16:15.209389,2026-01-13 13:16:15.209392,f
343,좌패리,5178037023,강원특별자치도,2026-01-13 13:16:15.213566,2026-01-13 13:16:15.213568,f
344,수동리,5178037024,강원특별자치도,2026-01-13 13:16:15.22217,2026-01-13 13:16:15.222176,f
345,화천군,5179000000,강원특별자치도,2026-01-13 13:16:15.228528,2026-01-13 13:16:15.228535,f
346,화천읍,5179025000,강원특별자치도,2026-01-13 13:16:15.2354,2026-01-13 13:16:15.235402,f
347,아리,5179025021,강원특별자치도,2026-01-13 13:16:15.239429,2026-01-13 13:16:15.239431,f
348,하리,5179025022,강원특별자치도,2026-01-13 13:16:15.243507,2026-01-13 13:16:15.243508,f
349,중리,5179025023,강원특별자치도,2026-01-13 13:16:15.24884,2026-01-13 13:16:15.248845,f
350,상리,5179025024,강원특별자치도,2026-01-13 13:16:15.254862,2026-01-13 13:16:15.254866,f
351,신읍리,5179025025,강원특별자치도,2026-01-13 13:16:15.259529,2026-01-13 13:16:15.259531,f
352,풍산리,5179025026,강원특별자치도,2026-01-13 13:16:15.265635,2026-01-13 13:16:15.265637,f
353,동촌리,5179025027,강원특별자치도,2026-01-13 13:16:15.270288,2026-01-13 13:16:15.270291,f
354,대이리,5179025028,강원특별자치도,2026-01-13 13:16:15.274312,2026-01-13 13:16:15.274315,f
355,간동면,5179031000,강원특별자치도,2026-01-13 13:16:15.278295,2026-01-13 13:16:15.278296,f
356,유촌리,5179031021,강원특별자치도,2026-01-13 13:16:15.282165,2026-01-13 13:16:15.282167,f
357,용호리,5179031022,강원특별자치도,2026-01-13 13:16:15.286656,2026-01-13 13:16:15.286658,f
358,간척리,5179031023,강원특별자치도,2026-01-13 13:16:15.291043,2026-01-13 13:16:15.291046,f
359,오음리,5179031024,강원특별자치도,2026-01-13 13:16:15.294933,2026-01-13 13:16:15.294934,f
360,방천리,5179031025,강원특별자치도,2026-01-13 13:16:15.299684,2026-01-13 13:16:15.299686,f
361,도송리,5179031026,강원특별자치도,2026-01-13 13:16:15.30517,2026-01-13 13:16:15.305173,f
362,구만리,5179031027,강원특별자치도,2026-01-13 13:16:15.310759,2026-01-13 13:16:15.310763,f
363,하남면,5179032000,강원특별자치도,2026-01-13 13:16:15.31636,2026-01-13 13:16:15.316363,f
364,원천리,5179032021,강원특별자치도,2026-01-13 13:16:15.320627,2026-01-13 13:16:15.320629,f
365,논미리,5179032022,강원특별자치도,2026-01-13 13:16:15.324878,2026-01-13 13:16:15.324881,f
366,계성리,5179032023,강원특별자치도,2026-01-13 13:16:15.329338,2026-01-13 13:16:15.329342,f
367,안평리,5179032024,강원특별자치도,2026-01-13 13:16:15.334108,2026-01-13 13:16:15.334111,f
368,위라리,5179032025,강원특별자치도,2026-01-13 13:16:15.339082,2026-01-13 13:16:15.339084,f
369,용암리,5179032026,강원특별자치도,2026-01-13 13:16:15.343996,2026-01-13 13:16:15.343998,f
370,삼화리,5179032027,강원특별자치도,2026-01-13 13:16:15.348878,2026-01-13 13:16:15.348881,f
371,거례리,5179032028,강원특별자치도,2026-01-13 13:16:15.353185,2026-01-13 13:16:15.353188,f
372,서오지리,5179032029,강원특별자치도,2026-01-13 13:16:15.358377,2026-01-13 13:16:15.35838,f
373,상서면,5179033000,강원특별자치도,2026-01-13 13:16:15.363323,2026-01-13 13:16:15.363325,f
374,신풍리,5179033021,강원특별자치도,2026-01-13 13:16:15.368604,2026-01-13 13:16:15.36861,f
375,신대리,5179033022,강원특별자치도,2026-01-13 13:16:15.378929,2026-01-13 13:16:15.378933,f
376,구운리,5179033023,강원특별자치도,2026-01-13 13:16:15.386263,2026-01-13 13:16:15.386266,f
377,장촌리,5179033024,강원특별자치도,2026-01-13 13:16:15.39292,2026-01-13 13:16:15.392923,f
378,파포리,5179033025,강원특별자치도,2026-01-13 13:16:15.39889,2026-01-13 13:16:15.398893,f
379,노동리,5179033026,강원특별자치도,2026-01-13 13:16:15.404304,2026-01-13 13:16:15.404307,f
380,부촌리,5179033027,강원특별자치도,2026-01-13 13:16:15.414226,2026-01-13 13:16:15.414229,f
381,산양리,5179033028,강원특별자치도,2026-01-13 13:16:15.418994,2026-01-13 13:16:15.418996,f
382,봉오리,5179033029,강원특별자치도,2026-01-13 13:16:15.424107,2026-01-13 13:16:15.424113,f
383,다목리,5179033030,강원특별자치도,2026-01-13 13:16:15.43014,2026-01-13 13:16:15.430145,f
384,마현리,5179033031,강원특별자치도,2026-01-13 13:16:15.43555,2026-01-13 13:16:15.435554,f
385,사내면,5179034000,강원특별자치도,2026-01-13 13:16:15.439522,2026-01-13 13:16:15.439524,f
386,사창리,5179034021,강원특별자치도,2026-01-13 13:16:15.443608,2026-01-13 13:16:15.443609,f
387,광덕리,5179034022,강원특별자치도,2026-01-13 13:16:15.448291,2026-01-13 13:16:15.448294,f
388,명월리,5179034023,강원특별자치도,2026-01-13 13:16:15.453324,2026-01-13 13:16:15.453327,f
389,용담리,5179034024,강원특별자치도,2026-01-13 13:16:15.457184,2026-01-13 13:16:15.457186,f
390,삼일리,5179034025,강원특별자치도,2026-01-13 13:16:15.463966,2026-01-13 13:16:15.463971,f
391,양구군,5180000000,강원특별자치도,2026-01-13 13:16:15.470502,2026-01-13 13:16:15.470504,f
392,이길리,5178025929,강원특별자치도,2026-01-13 13:16:15.475369,2026-01-13 13:16:15.475371,f
393,하갈리,5178025930,강원특별자치도,2026-01-13 13:16:15.479443,2026-01-13 13:16:15.479445,f
394,중강리,5178025931,강원특별자치도,2026-01-13 13:16:15.48486,2026-01-13 13:16:15.484864,f
395,강산리,5178025932,강원특별자치도,2026-01-13 13:16:15.498413,2026-01-13 13:16:15.498422,f
396,서면,5178031000,강원특별자치도,2026-01-13 13:16:15.505269,2026-01-13 13:16:15.505271,f
397,자등리,5178031021,강원특별자치도,2026-01-13 13:16:15.509751,2026-01-13 13:16:15.509753,f
398,와수리,5178031022,강원특별자치도,2026-01-13 13:16:15.515208,2026-01-13 13:16:15.515211,f
399,근남면,5178032000,강원특별자치도,2026-01-13 13:16:15.524393,2026-01-13 13:16:15.5244,f
400,육단리,5178032021,강원특별자치도,2026-01-13 13:16:15.532557,2026-01-13 13:16:15.53256,f
401,잠곡리,5178032022,강원특별자치도,2026-01-13 13:16:15.537056,2026-01-13 13:16:15.537066,f
402,사곡리,5178032023,강원특별자치도,2026-01-13 13:16:15.54237,2026-01-13 13:16:15.542372,f
403,양지리,5178032024,강원특별자치도,2026-01-13 13:16:15.548773,2026-01-13 13:16:15.548776,f
404,풍암리,5178032025,강원특별자치도,2026-01-13 13:16:15.553955,2026-01-13 13:16:15.553958,f
405,마현리,5178032026,강원특별자치도,2026-01-13 13:16:15.558437,2026-01-13 13:16:15.558439,f
406,근북면,5178033000,강원특별자치도,2026-01-13 13:16:15.562443,2026-01-13 13:16:15.562445,f
407,유곡리,5178033021,강원특별자치도,2026-01-13 13:16:15.567541,2026-01-13 13:16:15.567545,f
408,백덕리,5178033022,강원특별자치도,2026-01-13 13:16:15.573657,2026-01-13 13:16:15.573661,f
409,금곡리,5178033023,강원특별자치도,2026-01-13 13:16:15.578139,2026-01-13 13:16:15.57814,f
410,율목리,5178033024,강원특별자치도,2026-01-13 13:16:15.582769,2026-01-13 13:16:15.582771,f
411,근동면,5178034000,강원특별자치도,2026-01-13 13:16:15.587691,2026-01-13 13:16:15.587697,f
412,광삼리,5178034021,강원특별자치도,2026-01-13 13:16:15.592356,2026-01-13 13:16:15.592358,f
413,방통리,5178034022,강원특별자치도,2026-01-13 13:16:15.596576,2026-01-13 13:16:15.59658,f
414,원동면,5178035000,강원특별자치도,2026-01-13 13:16:15.600704,2026-01-13 13:16:15.600706,f
415,등대리,5178035021,강원특별자치도,2026-01-13 13:16:15.604796,2026-01-13 13:16:15.604799,f
416,송실리,5178035022,강원특별자치도,2026-01-13 13:16:15.612307,2026-01-13 13:16:15.612311,f
417,용연리,5178035023,강원특별자치도,2026-01-13 13:16:15.616937,2026-01-13 13:16:15.616939,f
418,세현리,5178035024,강원특별자치도,2026-01-13 13:16:15.62164,2026-01-13 13:16:15.621642,f
419,원남면,5178036000,강원특별자치도,2026-01-13 13:16:15.627205,2026-01-13 13:16:15.627208,f
420,개야리,5178036021,강원특별자치도,2026-01-13 13:16:15.636188,2026-01-13 13:16:15.636192,f
421,경상리,5178036022,강원특별자치도,2026-01-13 13:16:15.641267,2026-01-13 13:16:15.641271,f
422,죽대리,5178036023,강원특별자치도,2026-01-13 13:16:15.645768,2026-01-13 13:16:15.645772,f
423,백양리,5178036024,강원특별자치도,2026-01-13 13:16:15.650586,2026-01-13 13:16:15.650589,f
424,남둔리,5178036025,강원특별자치도,2026-01-13 13:16:15.655635,2026-01-13 13:16:15.655637,f
425,월봉리,5178036026,강원특별자치도,2026-01-13 13:16:15.660455,2026-01-13 13:16:15.660458,f
426,풍동리,5178036027,강원특별자치도,2026-01-13 13:16:15.667172,2026-01-13 13:16:15.667175,f
427,주파리,5178036028,강원특별자치도,2026-01-13 13:16:15.674668,2026-01-13 13:16:15.674674,f
428,구룡리,5178036029,강원특별자치도,2026-01-13 13:16:15.682097,2026-01-13 13:16:15.682099,f
429,노동리,5178036030,강원특별자치도,2026-01-13 13:16:15.687814,2026-01-13 13:16:15.687817,f
430,고양리,5177037025,강원특별자치도,2026-01-13 13:16:15.693511,2026-01-13 13:16:15.693513,f
431,봉정리,5177037026,강원특별자치도,2026-01-13 13:16:15.698619,2026-01-13 13:16:15.698623,f
432,철원군,5178000000,강원특별자치도,2026-01-13 13:16:15.704592,2026-01-13 13:16:15.704594,f
433,철원읍,5178025000,강원특별자치도,2026-01-13 13:16:15.710394,2026-01-13 13:16:15.710396,f
434,화지리,5178025021,강원특별자치도,2026-01-13 13:16:15.715376,2026-01-13 13:16:15.715379,f
435,관전리,5178025022,강원특별자치도,2026-01-13 13:16:15.719794,2026-01-13 13:16:15.719796,f
436,월하리,5178025023,강원특별자치도,2026-01-13 13:16:15.723972,2026-01-13 13:16:15.723975,f
437,사요리,5178025024,강원특별자치도,2026-01-13 13:16:15.729779,2026-01-13 13:16:15.729783,f
438,외촌리,5178025025,강원특별자치도,2026-01-13 13:16:15.735763,2026-01-13 13:16:15.735766,f
439,율이리,5178025026,강원특별자치도,2026-01-13 13:16:15.740983,2026-01-13 13:16:15.740986,f
440,내포리,5178025027,강원특별자치도,2026-01-13 13:16:15.74927,2026-01-13 13:16:15.749274,f
441,중리,5178025028,강원특별자치도,2026-01-13 13:16:15.755615,2026-01-13 13:16:15.755618,f
442,대마리,5178025029,강원특별자치도,2026-01-13 13:16:15.761089,2026-01-13 13:16:15.761091,f
443,중세리,5178025030,강원특별자치도,2026-01-13 13:16:15.765769,2026-01-13 13:16:15.765772,f
444,산명리,5178025031,강원특별자치도,2026-01-13 13:16:15.771798,2026-01-13 13:16:15.7718,f
445,가단리,5178025032,강원특별자치도,2026-01-13 13:16:15.77665,2026-01-13 13:16:15.776652,f
446,유정리,5178025033,강원특별자치도,2026-01-13 13:16:15.783173,2026-01-13 13:16:15.783177,f
447,홍원리,5178025034,강원특별자치도,2026-01-13 13:16:15.788648,2026-01-13 13:16:15.788652,f
448,독검리,5178025035,강원특별자치도,2026-01-13 13:16:15.793777,2026-01-13 13:16:15.79378,f
449,김화읍,5178025300,강원특별자치도,2026-01-13 13:16:15.798648,2026-01-13 13:16:15.79865,f
450,학사리,5178025321,강원특별자치도,2026-01-13 13:16:15.803992,2026-01-13 13:16:15.803996,f
451,읍내리,5178025322,강원특별자치도,2026-01-13 13:16:15.812105,2026-01-13 13:16:15.812111,f
452,생창리,5178025323,강원특별자치도,2026-01-13 13:16:15.822257,2026-01-13 13:16:15.822264,f
453,암정리,5178025324,강원특별자치도,2026-01-13 13:16:15.830307,2026-01-13 13:16:15.830311,f
454,운장리,5178025325,강원특별자치도,2026-01-13 13:16:15.839431,2026-01-13 13:16:15.839443,f
455,용양리,5178025326,강원특별자치도,2026-01-13 13:16:15.846432,2026-01-13 13:16:15.846436,f
456,감봉리,5178025327,강원특별자치도,2026-01-13 13:16:15.853033,2026-01-13 13:16:15.853036,f
457,청양리,5178025328,강원특별자치도,2026-01-13 13:16:15.858215,2026-01-13 13:16:15.858219,f
458,도창리,5178025329,강원특별자치도,2026-01-13 13:16:15.86337,2026-01-13 13:16:15.863373,f
459,갈말읍,5178025600,강원특별자치도,2026-01-13 13:16:15.869693,2026-01-13 13:16:15.8697,f
460,신철원리,5178025621,강원특별자치도,2026-01-13 13:16:15.876141,2026-01-13 13:16:15.876143,f
461,지포리,5178025622,강원특별자치도,2026-01-13 13:16:15.882025,2026-01-13 13:16:15.882029,f
462,강포리,5178025623,강원특별자치도,2026-01-13 13:16:15.88922,2026-01-13 13:16:15.889225,f
463,군탄리,5178025624,강원특별자치도,2026-01-13 13:16:15.896944,2026-01-13 13:16:15.896948,f
464,문혜리,5178025625,강원특별자치도,2026-01-13 13:16:15.901573,2026-01-13 13:16:15.901576,f
465,내대리,5178025626,강원특별자치도,2026-01-13 13:16:15.906554,2026-01-13 13:16:15.906556,f
466,지경리,5178025627,강원특별자치도,2026-01-13 13:16:15.912844,2026-01-13 13:16:15.912848,f
467,토성리,5178025628,강원특별자치도,2026-01-13 13:16:15.921572,2026-01-13 13:16:15.921577,f
468,상사리,5178025629,강원특별자치도,2026-01-13 13:16:15.927255,2026-01-13 13:16:15.927258,f
469,동막리,5178025630,강원특별자치도,2026-01-13 13:16:15.934289,2026-01-13 13:16:15.934291,f
470,정연리,5178025631,강원특별자치도,2026-01-13 13:16:15.93942,2026-01-13 13:16:15.939423,f
471,동송읍,5178025900,강원특별자치도,2026-01-13 13:16:15.944383,2026-01-13 13:16:15.944386,f
472,이평리,5178025921,강원특별자치도,2026-01-13 13:16:15.94966,2026-01-13 13:16:15.949665,f
473,오덕리,5178025922,강원특별자치도,2026-01-13 13:16:15.954703,2026-01-13 13:16:15.954705,f
474,장흥리,5178025923,강원특별자치도,2026-01-13 13:16:15.959279,2026-01-13 13:16:15.959282,f
475,오지리,5178025924,강원특별자치도,2026-01-13 13:16:15.963951,2026-01-13 13:16:15.963955,f
476,상노리,5178025925,강원특별자치도,2026-01-13 13:16:15.970996,2026-01-13 13:16:15.971002,f
477,대위리,5178025926,강원특별자치도,2026-01-13 13:16:15.978015,2026-01-13 13:16:15.978017,f
478,관우리,5178025927,강원특별자치도,2026-01-13 13:16:15.983265,2026-01-13 13:16:15.983268,f
479,양지리,5178025928,강원특별자치도,2026-01-13 13:16:15.990736,2026-01-13 13:16:15.990742,f
480,가수리,5177025032,강원특별자치도,2026-01-13 13:16:15.998051,2026-01-13 13:16:15.998062,f
481,고한읍,5177025300,강원특별자치도,2026-01-13 13:16:16.002642,2026-01-13 13:16:16.002645,f
482,고한리,5177025321,강원특별자치도,2026-01-13 13:16:16.007174,2026-01-13 13:16:16.007177,f
483,사북읍,5177025600,강원특별자치도,2026-01-13 13:16:16.011861,2026-01-13 13:16:16.011865,f
484,직전리,5177025621,강원특별자치도,2026-01-13 13:16:16.016252,2026-01-13 13:16:16.016254,f
485,사북리,5177025622,강원특별자치도,2026-01-13 13:16:16.020371,2026-01-13 13:16:16.020373,f
486,신동읍,5177025900,강원특별자치도,2026-01-13 13:16:16.025661,2026-01-13 13:16:16.025663,f
487,예미리,5177025921,강원특별자치도,2026-01-13 13:16:16.030681,2026-01-13 13:16:16.030684,f
488,천포리,5177025922,강원특별자치도,2026-01-13 13:16:16.034902,2026-01-13 13:16:16.034904,f
489,조동리,5177025923,강원특별자치도,2026-01-13 13:16:16.039507,2026-01-13 13:16:16.039509,f
490,방제리,5177025924,강원특별자치도,2026-01-13 13:16:16.043917,2026-01-13 13:16:16.043919,f
491,가사리,5177025925,강원특별자치도,2026-01-13 13:16:16.049439,2026-01-13 13:16:16.049444,f
492,고성리,5177025926,강원특별자치도,2026-01-13 13:16:16.054513,2026-01-13 13:16:16.054515,f
493,덕천리,5177025927,강원특별자치도,2026-01-13 13:16:16.059462,2026-01-13 13:16:16.059464,f
494,운치리,5177025928,강원특별자치도,2026-01-13 13:16:16.065348,2026-01-13 13:16:16.06535,f
495,남면,5177032000,강원특별자치도,2026-01-13 13:16:16.070998,2026-01-13 13:16:16.071001,f
496,문곡리,5177032021,강원특별자치도,2026-01-13 13:16:16.076135,2026-01-13 13:16:16.076137,f
497,무릉리,5177032022,강원특별자치도,2026-01-13 13:16:16.081232,2026-01-13 13:16:16.081246,f
498,유평리,5177032023,강원특별자치도,2026-01-13 13:16:16.085281,2026-01-13 13:16:16.085284,f
499,낙동리,5177032024,강원특별자치도,2026-01-13 13:16:16.090819,2026-01-13 13:16:16.090823,f
500,광덕리,5177032025,강원특별자치도,2026-01-13 13:16:16.094892,2026-01-13 13:16:16.094893,f
501,북평면,5177034000,강원특별자치도,2026-01-13 13:16:16.099361,2026-01-13 13:16:16.099363,f
502,장열리,5177034021,강원특별자치도,2026-01-13 13:16:16.104294,2026-01-13 13:16:16.104298,f
503,북평리,5177034022,강원특별자치도,2026-01-13 13:16:16.1094,2026-01-13 13:16:16.109402,f
504,남평리,5177034023,강원특별자치도,2026-01-13 13:16:16.114172,2026-01-13 13:16:16.114174,f
505,문곡리,5177034024,강원특별자치도,2026-01-13 13:16:16.118017,2026-01-13 13:16:16.118019,f
506,나전리,5177034025,강원특별자치도,2026-01-13 13:16:16.122427,2026-01-13 13:16:16.122429,f
507,숙암리,5177034026,강원특별자치도,2026-01-13 13:16:16.127757,2026-01-13 13:16:16.127761,f
508,임계면,5177035000,강원특별자치도,2026-01-13 13:16:16.132555,2026-01-13 13:16:16.132557,f
509,가목리,5177035021,강원특별자치도,2026-01-13 13:16:16.136827,2026-01-13 13:16:16.13683,f
510,도전리,5177035022,강원특별자치도,2026-01-13 13:16:16.14212,2026-01-13 13:16:16.142123,f
511,직원리,5177035023,강원특별자치도,2026-01-13 13:16:16.149226,2026-01-13 13:16:16.149228,f
512,임계리,5177035024,강원특별자치도,2026-01-13 13:16:16.15497,2026-01-13 13:16:16.154974,f
513,송계리,5177035025,강원특별자치도,2026-01-13 13:16:16.160166,2026-01-13 13:16:16.160168,f
514,봉산리,5177035026,강원특별자치도,2026-01-13 13:16:16.164669,2026-01-13 13:16:16.164673,f
515,낙천리,5177035027,강원특별자치도,2026-01-13 13:16:16.17225,2026-01-13 13:16:16.172252,f
516,용산리,5177035028,강원특별자치도,2026-01-13 13:16:16.176533,2026-01-13 13:16:16.176535,f
517,덕암리,5177035030,강원특별자치도,2026-01-13 13:16:16.183188,2026-01-13 13:16:16.183192,f
518,고양리,5177035031,강원특별자치도,2026-01-13 13:16:16.194448,2026-01-13 13:16:16.194454,f
519,반천리,5177035032,강원특별자치도,2026-01-13 13:16:16.200177,2026-01-13 13:16:16.200179,f
520,문래리,5177035034,강원특별자치도,2026-01-13 13:16:16.204797,2026-01-13 13:16:16.204799,f
521,화암면,5177036000,강원특별자치도,2026-01-13 13:16:16.211233,2026-01-13 13:16:16.211249,f
522,화암리,5177036021,강원특별자치도,2026-01-13 13:16:16.216262,2026-01-13 13:16:16.216263,f
523,석곡리,5177036022,강원특별자치도,2026-01-13 13:16:16.220275,2026-01-13 13:16:16.220277,f
524,북동리,5177036023,강원특별자치도,2026-01-13 13:16:16.22699,2026-01-13 13:16:16.226993,f
525,몰운리,5177036024,강원특별자치도,2026-01-13 13:16:16.232224,2026-01-13 13:16:16.232227,f
526,건천리,5177036025,강원특별자치도,2026-01-13 13:16:16.236977,2026-01-13 13:16:16.236979,f
527,호촌리,5177036026,강원특별자치도,2026-01-13 13:16:16.241195,2026-01-13 13:16:16.241197,f
528,백전리,5177036027,강원특별자치도,2026-01-13 13:16:16.244851,2026-01-13 13:16:16.244853,f
529,여량면,5177037000,강원특별자치도,2026-01-13 13:16:16.249526,2026-01-13 13:16:16.24953,f
530,여량리,5177037021,강원특별자치도,2026-01-13 13:16:16.253644,2026-01-13 13:16:16.253645,f
531,유천리,5177037022,강원특별자치도,2026-01-13 13:16:16.257553,2026-01-13 13:16:16.257555,f
532,구절리,5177037023,강원특별자치도,2026-01-13 13:16:16.262389,2026-01-13 13:16:16.262394,f
533,남곡리,5177037024,강원특별자치도,2026-01-13 13:16:16.267026,2026-01-13 13:16:16.267028,f
534,도사리,5176035025,강원특별자치도,2026-01-13 13:16:16.272558,2026-01-13 13:16:16.272561,f
535,백옥포리,5176035026,강원특별자치도,2026-01-13 13:16:16.276648,2026-01-13 13:16:16.27665,f
536,장평리,5176035027,강원특별자치도,2026-01-13 13:16:16.2808,2026-01-13 13:16:16.280802,f
537,재산리,5176035028,강원특별자치도,2026-01-13 13:16:16.284845,2026-01-13 13:16:16.284848,f
538,진부면,5176036000,강원특별자치도,2026-01-13 13:16:16.290518,2026-01-13 13:16:16.290525,f
539,하진부리,5176036021,강원특별자치도,2026-01-13 13:16:16.295575,2026-01-13 13:16:16.295577,f
540,상진부리,5176036022,강원특별자치도,2026-01-13 13:16:16.300441,2026-01-13 13:16:16.300444,f
541,송정리,5176036023,강원특별자치도,2026-01-13 13:16:16.305301,2026-01-13 13:16:16.305306,f
542,두일리,5176036024,강원특별자치도,2026-01-13 13:16:16.309825,2026-01-13 13:16:16.309826,f
543,척천리,5176036025,강원특별자치도,2026-01-13 13:16:16.31433,2026-01-13 13:16:16.314332,f
544,탑동리,5176036026,강원특별자치도,2026-01-13 13:16:16.318128,2026-01-13 13:16:16.31813,f
545,동산리,5176036027,강원특별자치도,2026-01-13 13:16:16.322732,2026-01-13 13:16:16.322734,f
546,간평리,5176036028,강원특별자치도,2026-01-13 13:16:16.326697,2026-01-13 13:16:16.326701,f
547,상월오개리,5176036029,강원특별자치도,2026-01-13 13:16:16.332521,2026-01-13 13:16:16.332524,f
548,거문리,5176036030,강원특별자치도,2026-01-13 13:16:16.337499,2026-01-13 13:16:16.337502,f
549,신기리,5176036031,강원특별자치도,2026-01-13 13:16:16.342929,2026-01-13 13:16:16.342932,f
550,봉산리,5176036032,강원특별자치도,2026-01-13 13:16:16.348516,2026-01-13 13:16:16.34852,f
551,마평리,5176036033,강원특별자치도,2026-01-13 13:16:16.353562,2026-01-13 13:16:16.353564,f
552,수항리,5176036034,강원특별자치도,2026-01-13 13:16:16.358543,2026-01-13 13:16:16.358545,f
553,화의리,5176036035,강원특별자치도,2026-01-13 13:16:16.362873,2026-01-13 13:16:16.362877,f
554,막동리,5176036036,강원특별자치도,2026-01-13 13:16:16.37083,2026-01-13 13:16:16.370835,f
555,장전리,5176036037,강원특별자치도,2026-01-13 13:16:16.377817,2026-01-13 13:16:16.37782,f
556,호명리,5176036038,강원특별자치도,2026-01-13 13:16:16.382525,2026-01-13 13:16:16.382528,f
557,대관령면,5176038000,강원특별자치도,2026-01-13 13:16:16.388355,2026-01-13 13:16:16.388357,f
558,유천리,5176038021,강원특별자치도,2026-01-13 13:16:16.39375,2026-01-13 13:16:16.393754,f
559,병내리,5176038022,강원특별자치도,2026-01-13 13:16:16.399536,2026-01-13 13:16:16.399538,f
560,차항리,5176038023,강원특별자치도,2026-01-13 13:16:16.40533,2026-01-13 13:16:16.405332,f
561,횡계리,5176038024,강원특별자치도,2026-01-13 13:16:16.418843,2026-01-13 13:16:16.418852,f
562,수하리,5176038025,강원특별자치도,2026-01-13 13:16:16.430404,2026-01-13 13:16:16.430411,f
563,용산리,5176038026,강원특별자치도,2026-01-13 13:16:16.438397,2026-01-13 13:16:16.4384,f
564,정선군,5177000000,강원특별자치도,2026-01-13 13:16:16.443652,2026-01-13 13:16:16.443654,f
565,정선읍,5177025000,강원특별자치도,2026-01-13 13:16:16.449292,2026-01-13 13:16:16.449294,f
566,봉양리,5177025021,강원특별자치도,2026-01-13 13:16:16.455215,2026-01-13 13:16:16.455217,f
567,북실리,5177025022,강원특별자치도,2026-01-13 13:16:16.460565,2026-01-13 13:16:16.460568,f
568,덕송리,5177025023,강원특별자치도,2026-01-13 13:16:16.466558,2026-01-13 13:16:16.466562,f
569,애산리,5177025024,강원특별자치도,2026-01-13 13:16:16.472961,2026-01-13 13:16:16.472963,f
570,신월리,5177025025,강원특별자치도,2026-01-13 13:16:16.478391,2026-01-13 13:16:16.478394,f
571,덕우리,5177025026,강원특별자치도,2026-01-13 13:16:16.483677,2026-01-13 13:16:16.483679,f
572,여탄리,5177025027,강원특별자치도,2026-01-13 13:16:16.488746,2026-01-13 13:16:16.488748,f
573,회동리,5177025028,강원특별자치도,2026-01-13 13:16:16.494657,2026-01-13 13:16:16.49466,f
574,용탄리,5177025029,강원특별자치도,2026-01-13 13:16:16.499898,2026-01-13 13:16:16.499901,f
575,광하리,5177025030,강원특별자치도,2026-01-13 13:16:16.50477,2026-01-13 13:16:16.504774,f
576,귤암리,5177025031,강원특별자치도,2026-01-13 13:16:16.510355,2026-01-13 13:16:16.510358,f
577,여만리,5176025042,강원특별자치도,2026-01-13 13:16:16.515394,2026-01-13 13:16:16.515396,f
578,후평리,5176025043,강원특별자치도,2026-01-13 13:16:16.520074,2026-01-13 13:16:16.520075,f
579,주진리,5176025044,강원특별자치도,2026-01-13 13:16:16.524387,2026-01-13 13:16:16.524391,f
580,용항리,5176025045,강원특별자치도,2026-01-13 13:16:16.530584,2026-01-13 13:16:16.530586,f
581,임하리,5176025046,강원특별자치도,2026-01-13 13:16:16.536861,2026-01-13 13:16:16.536863,f
582,계장리,5176025047,강원특별자치도,2026-01-13 13:16:16.541776,2026-01-13 13:16:16.541778,f
583,다수리,5176025048,강원특별자치도,2026-01-13 13:16:16.547729,2026-01-13 13:16:16.547732,f
584,하일리,5176025049,강원특별자치도,2026-01-13 13:16:16.553857,2026-01-13 13:16:16.55386,f
585,원당리,5176025050,강원특별자치도,2026-01-13 13:16:16.558906,2026-01-13 13:16:16.558908,f
586,뇌운리,5176025051,강원특별자치도,2026-01-13 13:16:16.563487,2026-01-13 13:16:16.56349,f
587,미탄면,5176031000,강원특별자치도,2026-01-13 13:16:16.568129,2026-01-13 13:16:16.568133,f
588,창리,5176031021,강원특별자치도,2026-01-13 13:16:16.574574,2026-01-13 13:16:16.574576,f
589,율치리,5176031022,강원특별자치도,2026-01-13 13:16:16.578715,2026-01-13 13:16:16.578717,f
590,회동리,5176031023,강원특별자치도,2026-01-13 13:16:16.58299,2026-01-13 13:16:16.582992,f
591,평안리,5176031024,강원특별자치도,2026-01-13 13:16:16.588963,2026-01-13 13:16:16.588965,f
592,백운리,5176031025,강원특별자치도,2026-01-13 13:16:16.594819,2026-01-13 13:16:16.594821,f
593,한탄리,5176031026,강원특별자치도,2026-01-13 13:16:16.599147,2026-01-13 13:16:16.599149,f
594,기화리,5176031027,강원특별자치도,2026-01-13 13:16:16.603513,2026-01-13 13:16:16.603515,f
595,마하리,5176031028,강원특별자치도,2026-01-13 13:16:16.607545,2026-01-13 13:16:16.607548,f
596,수청리,5176031029,강원특별자치도,2026-01-13 13:16:16.611692,2026-01-13 13:16:16.611695,f
597,방림면,5176032000,강원특별자치도,2026-01-13 13:16:16.616548,2026-01-13 13:16:16.61655,f
598,방림리,5176032021,강원특별자치도,2026-01-13 13:16:16.621293,2026-01-13 13:16:16.621295,f
599,운교리,5176032022,강원특별자치도,2026-01-13 13:16:16.626269,2026-01-13 13:16:16.626272,f
600,계촌리,5176032023,강원특별자치도,2026-01-13 13:16:16.632643,2026-01-13 13:16:16.632649,f
601,대화면,5176033000,강원특별자치도,2026-01-13 13:16:16.638097,2026-01-13 13:16:16.6381,f
602,대화리,5176033021,강원특별자치도,2026-01-13 13:16:16.642757,2026-01-13 13:16:16.642759,f
603,신리,5176033022,강원특별자치도,2026-01-13 13:16:16.647183,2026-01-13 13:16:16.647186,f
604,개수리,5176033023,강원특별자치도,2026-01-13 13:16:16.652111,2026-01-13 13:16:16.652119,f
605,상안미리,5176033024,강원특별자치도,2026-01-13 13:16:16.658436,2026-01-13 13:16:16.658438,f
606,하안미리,5176033025,강원특별자치도,2026-01-13 13:16:16.662985,2026-01-13 13:16:16.662989,f
607,봉평면,5176034000,강원특별자치도,2026-01-13 13:16:16.667758,2026-01-13 13:16:16.667762,f
608,창동리,5176034021,강원특별자치도,2026-01-13 13:16:16.673501,2026-01-13 13:16:16.673505,f
609,평촌리,5176034022,강원특별자치도,2026-01-13 13:16:16.678476,2026-01-13 13:16:16.678478,f
610,유포리,5176034023,강원특별자치도,2026-01-13 13:16:16.683131,2026-01-13 13:16:16.683134,f
611,진조리,5176034024,강원특별자치도,2026-01-13 13:16:16.688379,2026-01-13 13:16:16.688381,f
612,면온리,5176034025,강원특별자치도,2026-01-13 13:16:16.696605,2026-01-13 13:16:16.696611,f
613,무이리,5176034026,강원특별자치도,2026-01-13 13:16:16.703964,2026-01-13 13:16:16.703968,f
614,흥정리,5176034027,강원특별자치도,2026-01-13 13:16:16.710615,2026-01-13 13:16:16.710618,f
615,원길리,5176034028,강원특별자치도,2026-01-13 13:16:16.721304,2026-01-13 13:16:16.72131,f
616,덕거리,5176034029,강원특별자치도,2026-01-13 13:16:16.730146,2026-01-13 13:16:16.730152,f
617,용평면,5176035000,강원특별자치도,2026-01-13 13:16:16.737666,2026-01-13 13:16:16.737669,f
618,용전리,5176035021,강원특별자치도,2026-01-13 13:16:16.743602,2026-01-13 13:16:16.743605,f
619,이목정리,5176035022,강원특별자치도,2026-01-13 13:16:16.749645,2026-01-13 13:16:16.74965,f
620,속사리,5176035023,강원특별자치도,2026-01-13 13:16:16.756028,2026-01-13 13:16:16.75603,f
621,노동리,5176035024,강원특별자치도,2026-01-13 13:16:16.761264,2026-01-13 13:16:16.761267,f
622,한반도면,5175035500,강원특별자치도,2026-01-13 13:16:16.765702,2026-01-13 13:16:16.765704,f
623,옹정리,5175035521,강원특별자치도,2026-01-13 13:16:16.771594,2026-01-13 13:16:16.771596,f
624,광전리,5175035522,강원특별자치도,2026-01-13 13:16:16.777565,2026-01-13 13:16:16.777568,f
625,신천리,5175035523,강원특별자치도,2026-01-13 13:16:16.782846,2026-01-13 13:16:16.782851,f
626,후탄리,5175035524,강원특별자치도,2026-01-13 13:16:16.789228,2026-01-13 13:16:16.789231,f
627,쌍용리,5175035525,강원특별자치도,2026-01-13 13:16:16.797081,2026-01-13 13:16:16.797086,f
628,주천면,5175036000,강원특별자치도,2026-01-13 13:16:16.802773,2026-01-13 13:16:16.802778,f
629,주천리,5175036021,강원특별자치도,2026-01-13 13:16:16.807914,2026-01-13 13:16:16.807917,f
630,판운리,5175036022,강원특별자치도,2026-01-13 13:16:16.813335,2026-01-13 13:16:16.813345,f
631,도천리,5175036023,강원특별자치도,2026-01-13 13:16:16.820737,2026-01-13 13:16:16.820742,f
632,신일리,5175036024,강원특별자치도,2026-01-13 13:16:16.827496,2026-01-13 13:16:16.827498,f
633,금마리,5175036025,강원특별자치도,2026-01-13 13:16:16.833216,2026-01-13 13:16:16.833218,f
634,용석리,5175036026,강원특별자치도,2026-01-13 13:16:16.838399,2026-01-13 13:16:16.838401,f
635,무릉도원면,5175038000,강원특별자치도,2026-01-13 13:16:16.843945,2026-01-13 13:16:16.843948,f
636,무릉리,5175038021,강원특별자치도,2026-01-13 13:16:16.84923,2026-01-13 13:16:16.849233,f
637,법흥리,5175038022,강원특별자치도,2026-01-13 13:16:16.855584,2026-01-13 13:16:16.855587,f
638,도원리,5175038023,강원특별자치도,2026-01-13 13:16:16.860308,2026-01-13 13:16:16.86031,f
639,운학리,5175038024,강원특별자치도,2026-01-13 13:16:16.865685,2026-01-13 13:16:16.865687,f
640,두산리,5175038025,강원특별자치도,2026-01-13 13:16:16.87161,2026-01-13 13:16:16.871613,f
641,평창군,5176000000,강원특별자치도,2026-01-13 13:16:16.877576,2026-01-13 13:16:16.877581,f
642,평창읍,5176025000,강원특별자치도,2026-01-13 13:16:16.882677,2026-01-13 13:16:16.882679,f
643,상리,5176025021,강원특별자치도,2026-01-13 13:16:16.887876,2026-01-13 13:16:16.88788,f
644,중리,5176025022,강원특별자치도,2026-01-13 13:16:16.895061,2026-01-13 13:16:16.895064,f
645,하리,5176025023,강원특별자치도,2026-01-13 13:16:16.900554,2026-01-13 13:16:16.900556,f
646,천변리,5176025024,강원특별자치도,2026-01-13 13:16:16.905747,2026-01-13 13:16:16.90575,f
647,종부리,5176025025,강원특별자치도,2026-01-13 13:16:16.911014,2026-01-13 13:16:16.911017,f
648,노론리,5176025026,강원특별자치도,2026-01-13 13:16:16.917044,2026-01-13 13:16:16.917054,f
649,이곡리,5176025027,강원특별자치도,2026-01-13 13:16:16.924605,2026-01-13 13:16:16.924612,f
650,조동리,5176025028,강원특별자치도,2026-01-13 13:16:16.935623,2026-01-13 13:16:16.93563,f
651,고길리,5176025029,강원특별자치도,2026-01-13 13:16:16.945166,2026-01-13 13:16:16.94517,f
652,지동리,5176025030,강원특별자치도,2026-01-13 13:16:16.950978,2026-01-13 13:16:16.95098,f
653,유동리,5176025031,강원특별자치도,2026-01-13 13:16:16.959828,2026-01-13 13:16:16.959835,f
654,약수리,5176025032,강원특별자치도,2026-01-13 13:16:16.967376,2026-01-13 13:16:16.967378,f
655,조둔리,5176025033,강원특별자치도,2026-01-13 13:16:16.974965,2026-01-13 13:16:16.97497,f
656,천동리,5176025034,강원특별자치도,2026-01-13 13:16:16.984056,2026-01-13 13:16:16.98406,f
657,도돈리,5176025035,강원특별자치도,2026-01-13 13:16:17.001771,2026-01-13 13:16:17.00178,f
658,마지리,5176025036,강원특별자치도,2026-01-13 13:16:17.01004,2026-01-13 13:16:17.010061,f
659,응암리,5176025037,강원특별자치도,2026-01-13 13:16:17.017756,2026-01-13 13:16:17.01776,f
660,대상리,5176025038,강원특별자치도,2026-01-13 13:16:17.03552,2026-01-13 13:16:17.035527,f
661,대하리,5176025039,강원특별자치도,2026-01-13 13:16:17.044682,2026-01-13 13:16:17.044685,f
662,입탄리,5176025040,강원특별자치도,2026-01-13 13:16:17.050185,2026-01-13 13:16:17.050187,f
663,향동리,5176025041,강원특별자치도,2026-01-13 13:16:17.05609,2026-01-13 13:16:17.056093,f
664,영흥리,5175025021,강원특별자치도,2026-01-13 13:16:17.061527,2026-01-13 13:16:17.06153,f
665,하송리,5175025022,강원특별자치도,2026-01-13 13:16:17.067291,2026-01-13 13:16:17.067294,f
666,방절리,5175025023,강원특별자치도,2026-01-13 13:16:17.072731,2026-01-13 13:16:17.072733,f
667,덕포리,5175025024,강원특별자치도,2026-01-13 13:16:17.077784,2026-01-13 13:16:17.077786,f
668,삼옥리,5175025025,강원특별자치도,2026-01-13 13:16:17.082917,2026-01-13 13:16:17.082919,f
669,거운리,5175025026,강원특별자치도,2026-01-13 13:16:17.088157,2026-01-13 13:16:17.088159,f
670,문산리,5175025027,강원특별자치도,2026-01-13 13:16:17.094718,2026-01-13 13:16:17.094723,f
671,연하리,5175025028,강원특별자치도,2026-01-13 13:16:17.100558,2026-01-13 13:16:17.100561,f
672,정양리,5175025029,강원특별자치도,2026-01-13 13:16:17.105546,2026-01-13 13:16:17.105548,f
673,팔괴리,5175025030,강원특별자치도,2026-01-13 13:16:17.110512,2026-01-13 13:16:17.110514,f
674,흥월리,5175025031,강원특별자치도,2026-01-13 13:16:17.115923,2026-01-13 13:16:17.115926,f
675,상동읍,5175025300,강원특별자치도,2026-01-13 13:16:17.1213,2026-01-13 13:16:17.121302,f
676,내덕리,5175025321,강원특별자치도,2026-01-13 13:16:17.125946,2026-01-13 13:16:17.125948,f
677,구래리,5175025322,강원특별자치도,2026-01-13 13:16:17.131167,2026-01-13 13:16:17.131171,f
678,천평리,5175025323,강원특별자치도,2026-01-13 13:16:17.136796,2026-01-13 13:16:17.136799,f
679,덕구리,5175025324,강원특별자치도,2026-01-13 13:16:17.14231,2026-01-13 13:16:17.142313,f
680,산솔면,5175031200,강원특별자치도,2026-01-13 13:16:17.148017,2026-01-13 13:16:17.148019,f
681,녹전리,5175031221,강원특별자치도,2026-01-13 13:16:17.153644,2026-01-13 13:16:17.153646,f
682,직동리,5175031222,강원특별자치도,2026-01-13 13:16:17.159151,2026-01-13 13:16:17.159154,f
683,이목리,5175031223,강원특별자치도,2026-01-13 13:16:17.164363,2026-01-13 13:16:17.164365,f
684,화원리,5175031224,강원특별자치도,2026-01-13 13:16:17.168859,2026-01-13 13:16:17.168862,f
685,연상리,5175031225,강원특별자치도,2026-01-13 13:16:17.174317,2026-01-13 13:16:17.17432,f
686,석항리,5175031226,강원특별자치도,2026-01-13 13:16:17.178329,2026-01-13 13:16:17.178331,f
687,김삿갓면,5175032500,강원특별자치도,2026-01-13 13:16:17.182779,2026-01-13 13:16:17.182783,f
688,진별리,5175032521,강원특별자치도,2026-01-13 13:16:17.188008,2026-01-13 13:16:17.18801,f
689,각동리,5175032522,강원특별자치도,2026-01-13 13:16:17.193078,2026-01-13 13:16:17.19308,f
690,대야리,5175032523,강원특별자치도,2026-01-13 13:16:17.197735,2026-01-13 13:16:17.197737,f
691,옥동리,5175032524,강원특별자치도,2026-01-13 13:16:17.201874,2026-01-13 13:16:17.201877,f
692,예밀리,5175032525,강원특별자치도,2026-01-13 13:16:17.205949,2026-01-13 13:16:17.205951,f
693,주문리,5175032526,강원특별자치도,2026-01-13 13:16:17.210303,2026-01-13 13:16:17.210305,f
694,와석리,5175032527,강원특별자치도,2026-01-13 13:16:17.215317,2026-01-13 13:16:17.215319,f
695,외룡리,5175032528,강원특별자치도,2026-01-13 13:16:17.220296,2026-01-13 13:16:17.220299,f
696,내리,5175032529,강원특별자치도,2026-01-13 13:16:17.225202,2026-01-13 13:16:17.225204,f
697,북면,5175033000,강원특별자치도,2026-01-13 13:16:17.230708,2026-01-13 13:16:17.230712,f
698,마차리,5175033021,강원특별자치도,2026-01-13 13:16:17.235492,2026-01-13 13:16:17.235495,f
699,문곡리,5175033022,강원특별자치도,2026-01-13 13:16:17.23933,2026-01-13 13:16:17.239332,f
700,연덕리,5175033023,강원특별자치도,2026-01-13 13:16:17.24436,2026-01-13 13:16:17.244362,f
701,공기리,5175033024,강원특별자치도,2026-01-13 13:16:17.249003,2026-01-13 13:16:17.249005,f
702,덕상리,5175033025,강원특별자치도,2026-01-13 13:16:17.255349,2026-01-13 13:16:17.255351,f
703,남면,5175034000,강원특별자치도,2026-01-13 13:16:17.25971,2026-01-13 13:16:17.259712,f
704,연당리,5175034021,강원특별자치도,2026-01-13 13:16:17.264477,2026-01-13 13:16:17.264479,f
705,창원리,5175034022,강원특별자치도,2026-01-13 13:16:17.270123,2026-01-13 13:16:17.270126,f
706,토교리,5175034023,강원특별자치도,2026-01-13 13:16:17.275504,2026-01-13 13:16:17.275506,f
707,광천리,5175034024,강원특별자치도,2026-01-13 13:16:17.279911,2026-01-13 13:16:17.279914,f
708,조전리,5175034025,강원특별자치도,2026-01-13 13:16:17.283755,2026-01-13 13:16:17.283757,f
709,북쌍리,5175034026,강원특별자치도,2026-01-13 13:16:17.287804,2026-01-13 13:16:17.287806,f
710,갑천리,5173035027,강원특별자치도,2026-01-13 13:16:17.293248,2026-01-13 13:16:17.293251,f
711,고시리,5173035028,강원특별자치도,2026-01-13 13:16:17.297928,2026-01-13 13:16:17.29793,f
712,신대리,5173035029,강원특별자치도,2026-01-13 13:16:17.302792,2026-01-13 13:16:17.302795,f
713,공근면,5173036000,강원특별자치도,2026-01-13 13:16:17.307262,2026-01-13 13:16:17.307267,f
714,상동리,5173036021,강원특별자치도,2026-01-13 13:16:17.311765,2026-01-13 13:16:17.311767,f
715,부창리,5173036022,강원특별자치도,2026-01-13 13:16:17.316135,2026-01-13 13:16:17.316137,f
716,어둔리,5173036023,강원특별자치도,2026-01-13 13:16:17.320231,2026-01-13 13:16:17.320232,f
717,공근리,5173036024,강원특별자치도,2026-01-13 13:16:17.324392,2026-01-13 13:16:17.324395,f
718,가곡리,5173036025,강원특별자치도,2026-01-13 13:16:17.328382,2026-01-13 13:16:17.328384,f
719,삼배리,5173036026,강원특별자치도,2026-01-13 13:16:17.333947,2026-01-13 13:16:17.33395,f
720,청곡리,5173036027,강원특별자치도,2026-01-13 13:16:17.338711,2026-01-13 13:16:17.338713,f
721,행정리,5173036028,강원특별자치도,2026-01-13 13:16:17.34349,2026-01-13 13:16:17.343493,f
722,상창봉리,5173036029,강원특별자치도,2026-01-13 13:16:17.348624,2026-01-13 13:16:17.348628,f
723,창봉리,5173036030,강원특별자치도,2026-01-13 13:16:17.353458,2026-01-13 13:16:17.353461,f
724,도곡리,5173036031,강원특별자치도,2026-01-13 13:16:17.361188,2026-01-13 13:16:17.36119,f
725,초원리,5173036032,강원특별자치도,2026-01-13 13:16:17.367547,2026-01-13 13:16:17.367549,f
726,학담리,5173036033,강원특별자치도,2026-01-13 13:16:17.37446,2026-01-13 13:16:17.374463,f
727,매곡리,5173036034,강원특별자치도,2026-01-13 13:16:17.378568,2026-01-13 13:16:17.37857,f
728,오산리,5173036035,강원특별자치도,2026-01-13 13:16:17.382998,2026-01-13 13:16:17.383,f
729,수백리,5173036036,강원특별자치도,2026-01-13 13:16:17.387617,2026-01-13 13:16:17.387619,f
730,덕촌리,5173036037,강원특별자치도,2026-01-13 13:16:17.392717,2026-01-13 13:16:17.392719,f
731,신촌리,5173036038,강원특별자치도,2026-01-13 13:16:17.397522,2026-01-13 13:16:17.397525,f
732,서원면,5173037000,강원특별자치도,2026-01-13 13:16:17.402329,2026-01-13 13:16:17.402331,f
733,창촌리,5173037021,강원특별자치도,2026-01-13 13:16:17.406477,2026-01-13 13:16:17.406479,f
734,압곡리,5173037022,강원특별자치도,2026-01-13 13:16:17.410837,2026-01-13 13:16:17.41084,f
735,옥계리,5173037023,강원특별자치도,2026-01-13 13:16:17.415495,2026-01-13 13:16:17.415497,f
736,석화리,5173037024,강원특별자치도,2026-01-13 13:16:17.419804,2026-01-13 13:16:17.419806,f
737,유현리,5173037025,강원특별자치도,2026-01-13 13:16:17.426479,2026-01-13 13:16:17.426482,f
738,금대리,5173037026,강원특별자치도,2026-01-13 13:16:17.432249,2026-01-13 13:16:17.432254,f
739,강림면,5173038000,강원특별자치도,2026-01-13 13:16:17.43773,2026-01-13 13:16:17.437734,f
740,강림리,5173038021,강원특별자치도,2026-01-13 13:16:17.44382,2026-01-13 13:16:17.443823,f
741,부곡리,5173038022,강원특별자치도,2026-01-13 13:16:17.449885,2026-01-13 13:16:17.449892,f
742,월현리,5173038023,강원특별자치도,2026-01-13 13:16:17.455958,2026-01-13 13:16:17.455961,f
743,영월군,5175000000,강원특별자치도,2026-01-13 13:16:17.4611,2026-01-13 13:16:17.461102,f
744,영월읍,5175025000,강원특별자치도,2026-01-13 13:16:17.467279,2026-01-13 13:16:17.467283,f
745,하대리,5173031028,강원특별자치도,2026-01-13 13:16:17.472367,2026-01-13 13:16:17.472369,f
746,오원리,5173031029,강원특별자치도,2026-01-13 13:16:17.477109,2026-01-13 13:16:17.477111,f
747,백달리,5173031030,강원특별자치도,2026-01-13 13:16:17.482102,2026-01-13 13:16:17.482105,f
748,우항리,5173031031,강원특별자치도,2026-01-13 13:16:17.489692,2026-01-13 13:16:17.489695,f
749,양적리,5173031032,강원특별자치도,2026-01-13 13:16:17.497894,2026-01-13 13:16:17.497898,f
750,법주리,5173031033,강원특별자치도,2026-01-13 13:16:17.503973,2026-01-13 13:16:17.503977,f
751,문암리,5173031034,강원특별자치도,2026-01-13 13:16:17.511026,2026-01-13 13:16:17.511028,f
752,안흥면,5173032000,강원특별자치도,2026-01-13 13:16:17.516691,2026-01-13 13:16:17.516696,f
753,안흥리,5173032021,강원특별자치도,2026-01-13 13:16:17.5224,2026-01-13 13:16:17.522402,f
754,가천리,5173032022,강원특별자치도,2026-01-13 13:16:17.528365,2026-01-13 13:16:17.528368,f
755,송한리,5173032023,강원특별자치도,2026-01-13 13:16:17.537291,2026-01-13 13:16:17.537298,f
756,상안리,5173032024,강원특별자치도,2026-01-13 13:16:17.543684,2026-01-13 13:16:17.543688,f
757,지구리,5173032025,강원특별자치도,2026-01-13 13:16:17.549456,2026-01-13 13:16:17.549459,f
758,소사리,5173032026,강원특별자치도,2026-01-13 13:16:17.555531,2026-01-13 13:16:17.555534,f
759,성산리,5173032027,강원특별자치도,2026-01-13 13:16:17.560921,2026-01-13 13:16:17.560923,f
760,둔내면,5173033000,강원특별자치도,2026-01-13 13:16:17.56547,2026-01-13 13:16:17.565472,f
761,현천리,5173033021,강원특별자치도,2026-01-13 13:16:17.570337,2026-01-13 13:16:17.570339,f
762,둔방내리,5173033022,강원특별자치도,2026-01-13 13:16:17.576343,2026-01-13 13:16:17.576346,f
763,영랑리,5173033023,강원특별자치도,2026-01-13 13:16:17.581945,2026-01-13 13:16:17.581948,f
764,조항리,5173033024,강원특별자치도,2026-01-13 13:16:17.588552,2026-01-13 13:16:17.588555,f
765,우용리,5173033025,강원특별자치도,2026-01-13 13:16:17.595833,2026-01-13 13:16:17.595838,f
766,두원리,5173033026,강원특별자치도,2026-01-13 13:16:17.601502,2026-01-13 13:16:17.601506,f
767,자포곡리,5173033027,강원특별자치도,2026-01-13 13:16:17.606372,2026-01-13 13:16:17.606374,f
768,석문리,5173033028,강원특별자치도,2026-01-13 13:16:17.611368,2026-01-13 13:16:17.611371,f
769,삽교리,5173033029,강원특별자치도,2026-01-13 13:16:17.616965,2026-01-13 13:16:17.616967,f
770,마암리,5173033030,강원특별자치도,2026-01-13 13:16:17.622405,2026-01-13 13:16:17.622407,f
771,화동리,5173033031,강원특별자치도,2026-01-13 13:16:17.629891,2026-01-13 13:16:17.629895,f
772,궁종리,5173033032,강원특별자치도,2026-01-13 13:16:17.63906,2026-01-13 13:16:17.639063,f
773,태기리,5173033033,강원특별자치도,2026-01-13 13:16:17.64559,2026-01-13 13:16:17.645593,f
774,갑천면,5173034000,강원특별자치도,2026-01-13 13:16:17.650313,2026-01-13 13:16:17.650316,f
775,중금리,5173034021,강원특별자치도,2026-01-13 13:16:17.65534,2026-01-13 13:16:17.655342,f
776,부동리,5173034022,강원특별자치도,2026-01-13 13:16:17.659734,2026-01-13 13:16:17.659737,f
777,화전리,5173034023,강원특별자치도,2026-01-13 13:16:17.665372,2026-01-13 13:16:17.665375,f
778,구방리,5173034024,강원특별자치도,2026-01-13 13:16:17.671705,2026-01-13 13:16:17.671708,f
779,포동리,5173034025,강원특별자치도,2026-01-13 13:16:17.676963,2026-01-13 13:16:17.676967,f
780,매일리,5173034026,강원특별자치도,2026-01-13 13:16:17.682037,2026-01-13 13:16:17.68205,f
781,하대리,5173034027,강원특별자치도,2026-01-13 13:16:17.687018,2026-01-13 13:16:17.68702,f
782,상대리,5173034028,강원특별자치도,2026-01-13 13:16:17.691536,2026-01-13 13:16:17.691539,f
783,율동리,5173034029,강원특별자치도,2026-01-13 13:16:17.696415,2026-01-13 13:16:17.696419,f
784,삼거리,5173034030,강원특별자치도,2026-01-13 13:16:17.701778,2026-01-13 13:16:17.701781,f
785,전촌리,5173034031,강원특별자치도,2026-01-13 13:16:17.706492,2026-01-13 13:16:17.706495,f
786,추동리,5173034032,강원특별자치도,2026-01-13 13:16:17.711164,2026-01-13 13:16:17.711166,f
787,대관대리,5173034033,강원특별자치도,2026-01-13 13:16:17.715542,2026-01-13 13:16:17.715544,f
788,병지방리,5173034034,강원특별자치도,2026-01-13 13:16:17.719582,2026-01-13 13:16:17.719584,f
789,청일면,5173035000,강원특별자치도,2026-01-13 13:16:17.723283,2026-01-13 13:16:17.723286,f
790,봉명리,5173035021,강원특별자치도,2026-01-13 13:16:17.72754,2026-01-13 13:16:17.727542,f
791,속실리,5173035022,강원특별자치도,2026-01-13 13:16:17.731939,2026-01-13 13:16:17.731947,f
792,춘당리,5173035023,강원특별자치도,2026-01-13 13:16:17.736586,2026-01-13 13:16:17.736588,f
793,유동리,5173035024,강원특별자치도,2026-01-13 13:16:17.740661,2026-01-13 13:16:17.740663,f
794,초현리,5173035025,강원특별자치도,2026-01-13 13:16:17.745306,2026-01-13 13:16:17.745308,f
795,유평리,5173035026,강원특별자치도,2026-01-13 13:16:17.749943,2026-01-13 13:16:17.749945,f
796,율전리,5172039024,강원특별자치도,2026-01-13 13:16:17.75512,2026-01-13 13:16:17.755123,f
797,자운리,5172039025,강원특별자치도,2026-01-13 13:16:17.759818,2026-01-13 13:16:17.75982,f
798,방내리,5172039026,강원특별자치도,2026-01-13 13:16:17.765334,2026-01-13 13:16:17.765337,f
799,횡성군,5173000000,강원특별자치도,2026-01-13 13:16:17.770876,2026-01-13 13:16:17.770878,f
800,횡성읍,5173025000,강원특별자치도,2026-01-13 13:16:17.777587,2026-01-13 13:16:17.777589,f
801,읍상리,5173025021,강원특별자치도,2026-01-13 13:16:17.782013,2026-01-13 13:16:17.782015,f
802,읍하리,5173025022,강원특별자치도,2026-01-13 13:16:17.786895,2026-01-13 13:16:17.786898,f
803,북천리,5173025023,강원특별자치도,2026-01-13 13:16:17.791472,2026-01-13 13:16:17.791479,f
804,내지리,5173025024,강원특별자치도,2026-01-13 13:16:17.795966,2026-01-13 13:16:17.795968,f
805,마옥리,5173025025,강원특별자치도,2026-01-13 13:16:17.800331,2026-01-13 13:16:17.800333,f
806,송전리,5173025026,강원특별자치도,2026-01-13 13:16:17.804555,2026-01-13 13:16:17.804557,f
807,궁천리,5173025027,강원특별자치도,2026-01-13 13:16:17.808967,2026-01-13 13:16:17.808969,f
808,옥동리,5173025028,강원특별자치도,2026-01-13 13:16:17.814186,2026-01-13 13:16:17.814189,f
809,영영포리,5173025029,강원특별자치도,2026-01-13 13:16:17.818273,2026-01-13 13:16:17.818276,f
810,개전리,5173025030,강원특별자치도,2026-01-13 13:16:17.82207,2026-01-13 13:16:17.822072,f
811,마산리,5173025031,강원특별자치도,2026-01-13 13:16:17.826645,2026-01-13 13:16:17.826647,f
812,조곡리,5173025032,강원특별자치도,2026-01-13 13:16:17.8312,2026-01-13 13:16:17.831203,f
813,생운리,5173025033,강원특별자치도,2026-01-13 13:16:17.836054,2026-01-13 13:16:17.836057,f
814,남산리,5173025034,강원특별자치도,2026-01-13 13:16:17.83996,2026-01-13 13:16:17.839962,f
815,교항리,5173025035,강원특별자치도,2026-01-13 13:16:17.843817,2026-01-13 13:16:17.843818,f
816,입석리,5173025036,강원특별자치도,2026-01-13 13:16:17.847882,2026-01-13 13:16:17.847884,f
817,청용리,5173025037,강원특별자치도,2026-01-13 13:16:17.853205,2026-01-13 13:16:17.853209,f
818,묵계리,5173025038,강원특별자치도,2026-01-13 13:16:17.857827,2026-01-13 13:16:17.857831,f
819,곡교리,5173025039,강원특별자치도,2026-01-13 13:16:17.862055,2026-01-13 13:16:17.862057,f
820,모평리,5173025040,강원특별자치도,2026-01-13 13:16:17.867415,2026-01-13 13:16:17.867417,f
821,반곡리,5173025041,강원특별자치도,2026-01-13 13:16:17.87252,2026-01-13 13:16:17.872521,f
822,갈풍리,5173025042,강원특별자치도,2026-01-13 13:16:17.876513,2026-01-13 13:16:17.876515,f
823,학곡리,5173025043,강원특별자치도,2026-01-13 13:16:17.880498,2026-01-13 13:16:17.880499,f
824,가담리,5173025044,강원특별자치도,2026-01-13 13:16:17.884974,2026-01-13 13:16:17.884976,f
825,추동리,5173025045,강원특별자치도,2026-01-13 13:16:17.890812,2026-01-13 13:16:17.89082,f
826,정암리,5173025046,강원특별자치도,2026-01-13 13:16:17.899308,2026-01-13 13:16:17.89931,f
827,우천면,5173031000,강원특별자치도,2026-01-13 13:16:17.903842,2026-01-13 13:16:17.903844,f
828,두곡리,5173031021,강원특별자치도,2026-01-13 13:16:17.908508,2026-01-13 13:16:17.908512,f
829,용둔리,5173031022,강원특별자치도,2026-01-13 13:16:17.913863,2026-01-13 13:16:17.91387,f
830,산전리,5173031023,강원특별자치도,2026-01-13 13:16:17.92193,2026-01-13 13:16:17.921932,f
831,상하가리,5173031024,강원특별자치도,2026-01-13 13:16:17.926363,2026-01-13 13:16:17.926365,f
832,정금리,5173031025,강원특별자치도,2026-01-13 13:16:17.931569,2026-01-13 13:16:17.931573,f
833,하궁리,5173031026,강원특별자치도,2026-01-13 13:16:17.93605,2026-01-13 13:16:17.936053,f
834,상대리,5173031027,강원특별자치도,2026-01-13 13:16:17.939854,2026-01-13 13:16:17.939857,f
835,신대리,5172036023,강원특별자치도,2026-01-13 13:16:17.943961,2026-01-13 13:16:17.943963,f
836,시동리,5172036024,강원특별자치도,2026-01-13 13:16:17.949147,2026-01-13 13:16:17.949149,f
837,유치리,5172036025,강원특별자치도,2026-01-13 13:16:17.954704,2026-01-13 13:16:17.954706,f
838,월천리,5172036026,강원특별자치도,2026-01-13 13:16:17.95952,2026-01-13 13:16:17.959523,f
839,명동리,5172036027,강원특별자치도,2026-01-13 13:16:17.964231,2026-01-13 13:16:17.964232,f
840,제곡리,5172036028,강원특별자치도,2026-01-13 13:16:17.968086,2026-01-13 13:16:17.968089,f
841,용수리,5172036029,강원특별자치도,2026-01-13 13:16:17.973035,2026-01-13 13:16:17.97305,f
842,남노일리,5172036030,강원특별자치도,2026-01-13 13:16:17.978009,2026-01-13 13:16:17.978012,f
843,화전리,5172036031,강원특별자치도,2026-01-13 13:16:17.982195,2026-01-13 13:16:17.982197,f
844,서면,5172037000,강원특별자치도,2026-01-13 13:16:17.987353,2026-01-13 13:16:17.987358,f
845,반곡리,5172037021,강원특별자치도,2026-01-13 13:16:17.994833,2026-01-13 13:16:17.994837,f
846,어유포리,5172037022,강원특별자치도,2026-01-13 13:16:18.000606,2026-01-13 13:16:18.000608,f
847,팔봉리,5172037023,강원특별자치도,2026-01-13 13:16:18.005049,2026-01-13 13:16:18.005051,f
848,굴업리,5172037024,강원특별자치도,2026-01-13 13:16:18.009262,2026-01-13 13:16:18.009264,f
849,대곡리,5172037025,강원특별자치도,2026-01-13 13:16:18.014427,2026-01-13 13:16:18.014431,f
850,중방대리,5172037026,강원특별자치도,2026-01-13 13:16:18.018538,2026-01-13 13:16:18.01854,f
851,길곡리,5172037027,강원특별자치도,2026-01-13 13:16:18.022817,2026-01-13 13:16:18.022819,f
852,동막리,5172037028,강원특별자치도,2026-01-13 13:16:18.027624,2026-01-13 13:16:18.027626,f
853,모곡리,5172037029,강원특별자치도,2026-01-13 13:16:18.032598,2026-01-13 13:16:18.032601,f
854,마곡리,5172037030,강원특별자치도,2026-01-13 13:16:18.037076,2026-01-13 13:16:18.037078,f
855,개야리,5172037031,강원특별자치도,2026-01-13 13:16:18.041574,2026-01-13 13:16:18.041577,f
856,두미리,5172037032,강원특별자치도,2026-01-13 13:16:18.04587,2026-01-13 13:16:18.045873,f
857,북방면,5172038000,강원특별자치도,2026-01-13 13:16:18.049868,2026-01-13 13:16:18.04987,f
858,상화계리,5172038021,강원특별자치도,2026-01-13 13:16:18.055014,2026-01-13 13:16:18.055017,f
859,화동리,5172038022,강원특별자치도,2026-01-13 13:16:18.059443,2026-01-13 13:16:18.059447,f
860,중화계리,5172038023,강원특별자치도,2026-01-13 13:16:18.065982,2026-01-13 13:16:18.065986,f
861,성동리,5172038024,강원특별자치도,2026-01-13 13:16:18.072002,2026-01-13 13:16:18.072004,f
862,북방리,5172038025,강원특별자치도,2026-01-13 13:16:18.076249,2026-01-13 13:16:18.076251,f
863,능평리,5172038026,강원특별자치도,2026-01-13 13:16:18.081391,2026-01-13 13:16:18.081393,f
864,부사원리,5172038027,강원특별자치도,2026-01-13 13:16:18.085645,2026-01-13 13:16:18.085647,f
865,본궁리,5172038028,강원특별자치도,2026-01-13 13:16:18.089963,2026-01-13 13:16:18.089965,f
866,역전평리,5172038029,강원특별자치도,2026-01-13 13:16:18.095147,2026-01-13 13:16:18.095149,f
867,원소리,5172038030,강원특별자치도,2026-01-13 13:16:18.09999,2026-01-13 13:16:18.099993,f
868,구만리,5172038031,강원특별자치도,2026-01-13 13:16:18.105556,2026-01-13 13:16:18.105561,f
869,노일리,5172038032,강원특별자치도,2026-01-13 13:16:18.111546,2026-01-13 13:16:18.111548,f
870,장항리,5172038033,강원특별자치도,2026-01-13 13:16:18.116376,2026-01-13 13:16:18.116378,f
871,굴지리,5172038034,강원특별자치도,2026-01-13 13:16:18.120488,2026-01-13 13:16:18.120489,f
872,도사곡리,5172038035,강원특별자치도,2026-01-13 13:16:18.124644,2026-01-13 13:16:18.124647,f
873,소매곡리,5172038036,강원특별자치도,2026-01-13 13:16:18.128784,2026-01-13 13:16:18.128786,f
874,하화계리,5172038037,강원특별자치도,2026-01-13 13:16:18.134015,2026-01-13 13:16:18.134018,f
875,전치곡리,5172038038,강원특별자치도,2026-01-13 13:16:18.13828,2026-01-13 13:16:18.138282,f
876,내면,5172039000,강원특별자치도,2026-01-13 13:16:18.142308,2026-01-13 13:16:18.14231,f
877,창촌리,5172039021,강원특별자치도,2026-01-13 13:16:18.146955,2026-01-13 13:16:18.146959,f
878,광원리,5172039022,강원특별자치도,2026-01-13 13:16:18.152059,2026-01-13 13:16:18.152063,f
879,명개리,5172039023,강원특별자치도,2026-01-13 13:16:18.156539,2026-01-13 13:16:18.156541,f
880,구성포리,5172031029,강원특별자치도,2026-01-13 13:16:18.160649,2026-01-13 13:16:18.160651,f
881,풍천리,5172031030,강원특별자치도,2026-01-13 13:16:18.164533,2026-01-13 13:16:18.164535,f
882,외삼포리,5172031031,강원특별자치도,2026-01-13 13:16:18.168178,2026-01-13 13:16:18.16818,f
883,두촌면,5172032000,강원특별자치도,2026-01-13 13:16:18.172399,2026-01-13 13:16:18.172401,f
884,철정리,5172032021,강원특별자치도,2026-01-13 13:16:18.177221,2026-01-13 13:16:18.177223,f
885,역내리,5172032022,강원특별자치도,2026-01-13 13:16:18.181939,2026-01-13 13:16:18.181941,f
886,천현리,5172032023,강원특별자치도,2026-01-13 13:16:18.187377,2026-01-13 13:16:18.187381,f
887,자은리,5172032024,강원특별자치도,2026-01-13 13:16:18.194681,2026-01-13 13:16:18.194683,f
888,원동리,5172032025,강원특별자치도,2026-01-13 13:16:18.198917,2026-01-13 13:16:18.19892,f
889,장남리,5172032026,강원특별자치도,2026-01-13 13:16:18.203391,2026-01-13 13:16:18.203393,f
890,괘석리,5172032027,강원특별자치도,2026-01-13 13:16:18.207177,2026-01-13 13:16:18.20718,f
891,내촌면,5172033000,강원특별자치도,2026-01-13 13:16:18.211103,2026-01-13 13:16:18.211106,f
892,물걸리,5172033021,강원특별자치도,2026-01-13 13:16:18.216346,2026-01-13 13:16:18.216348,f
893,와야리,5172033022,강원특별자치도,2026-01-13 13:16:18.220645,2026-01-13 13:16:18.220647,f
894,서곡리,5172033023,강원특별자치도,2026-01-13 13:16:18.225921,2026-01-13 13:16:18.225927,f
895,도관리,5172033024,강원특별자치도,2026-01-13 13:16:18.2381,2026-01-13 13:16:18.238107,f
896,답풍리,5172033025,강원특별자치도,2026-01-13 13:16:18.245267,2026-01-13 13:16:18.245269,f
897,화상대리,5172033026,강원특별자치도,2026-01-13 13:16:18.25002,2026-01-13 13:16:18.250022,f
898,문현리,5172033027,강원특별자치도,2026-01-13 13:16:18.255479,2026-01-13 13:16:18.255481,f
899,광암리,5172033028,강원특별자치도,2026-01-13 13:16:18.259565,2026-01-13 13:16:18.259567,f
900,서석면,5172034000,강원특별자치도,2026-01-13 13:16:18.263495,2026-01-13 13:16:18.263497,f
901,풍암리,5172034021,강원특별자치도,2026-01-13 13:16:18.267457,2026-01-13 13:16:18.267459,f
902,검산리,5172034022,강원특별자치도,2026-01-13 13:16:18.271943,2026-01-13 13:16:18.271946,f
903,생곡리,5172034023,강원특별자치도,2026-01-13 13:16:18.276958,2026-01-13 13:16:18.27696,f
904,상군두리,5172034024,강원특별자치도,2026-01-13 13:16:18.281215,2026-01-13 13:16:18.281217,f
905,하군두리,5172034025,강원특별자치도,2026-01-13 13:16:18.285389,2026-01-13 13:16:18.285391,f
906,청량리,5172034026,강원특별자치도,2026-01-13 13:16:18.289229,2026-01-13 13:16:18.28923,f
907,어론리,5172034027,강원특별자치도,2026-01-13 13:16:18.293659,2026-01-13 13:16:18.293661,f
908,수하리,5172034028,강원특별자치도,2026-01-13 13:16:18.299391,2026-01-13 13:16:18.299393,f
909,영귀미면,5172035200,강원특별자치도,2026-01-13 13:16:18.30394,2026-01-13 13:16:18.303943,f
910,속초리,5172035221,강원특별자치도,2026-01-13 13:16:18.308251,2026-01-13 13:16:18.308254,f
911,신봉리,5172035222,강원특별자치도,2026-01-13 13:16:18.312398,2026-01-13 13:16:18.312402,f
912,덕치리,5172035223,강원특별자치도,2026-01-13 13:16:18.316879,2026-01-13 13:16:18.31688,f
913,성수리,5172035224,강원특별자치도,2026-01-13 13:16:18.321622,2026-01-13 13:16:18.321624,f
914,삼현리,5172035225,강원특별자치도,2026-01-13 13:16:18.325896,2026-01-13 13:16:18.325898,f
915,방량리,5172035226,강원특별자치도,2026-01-13 13:16:18.329649,2026-01-13 13:16:18.329654,f
916,월운리,5172035227,강원특별자치도,2026-01-13 13:16:18.333924,2026-01-13 13:16:18.333926,f
917,후동리,5172035228,강원특별자치도,2026-01-13 13:16:18.338372,2026-01-13 13:16:18.338374,f
918,개운리,5172035229,강원특별자치도,2026-01-13 13:16:18.342915,2026-01-13 13:16:18.342918,f
919,노천리,5172035230,강원특별자치도,2026-01-13 13:16:18.347773,2026-01-13 13:16:18.347777,f
920,좌운리,5172035231,강원특별자치도,2026-01-13 13:16:18.353161,2026-01-13 13:16:18.353163,f
921,남면,5172036000,강원특별자치도,2026-01-13 13:16:18.35832,2026-01-13 13:16:18.358322,f
922,양덕원리,5172036021,강원특별자치도,2026-01-13 13:16:18.362854,2026-01-13 13:16:18.362857,f
923,유목정리,5172036022,강원특별자치도,2026-01-13 13:16:18.367206,2026-01-13 13:16:18.367207,f
924,삼거리,5123034032,강원특별자치도,2026-01-13 13:16:18.371565,2026-01-13 13:16:18.371568,f
925,고천리,5123034033,강원특별자치도,2026-01-13 13:16:18.376021,2026-01-13 13:16:18.376023,f
926,내미로리,5123034034,강원특별자치도,2026-01-13 13:16:18.380265,2026-01-13 13:16:18.380266,f
927,가곡면,5123035000,강원특별자치도,2026-01-13 13:16:18.384307,2026-01-13 13:16:18.384309,f
928,오목리,5123035021,강원특별자치도,2026-01-13 13:16:18.388722,2026-01-13 13:16:18.388725,f
929,탕곡리,5123035022,강원특별자치도,2026-01-13 13:16:18.393208,2026-01-13 13:16:18.393212,f
930,오저리,5123035023,강원특별자치도,2026-01-13 13:16:18.398616,2026-01-13 13:16:18.398621,f
931,풍곡리,5123035024,강원특별자치도,2026-01-13 13:16:18.40279,2026-01-13 13:16:18.402792,f
932,동활리,5123035025,강원특별자치도,2026-01-13 13:16:18.407109,2026-01-13 13:16:18.407112,f
933,신기면,5123036000,강원특별자치도,2026-01-13 13:16:18.411551,2026-01-13 13:16:18.411553,f
934,신기리,5123036021,강원특별자치도,2026-01-13 13:16:18.417744,2026-01-13 13:16:18.417751,f
935,서하리,5123036022,강원특별자치도,2026-01-13 13:16:18.426564,2026-01-13 13:16:18.426567,f
936,고무릉리,5123036023,강원특별자치도,2026-01-13 13:16:18.431818,2026-01-13 13:16:18.431821,f
937,대이리,5123036024,강원특별자치도,2026-01-13 13:16:18.437634,2026-01-13 13:16:18.437636,f
938,대기리,5123036025,강원특별자치도,2026-01-13 13:16:18.442867,2026-01-13 13:16:18.442869,f
939,안의리,5123036026,강원특별자치도,2026-01-13 13:16:18.448422,2026-01-13 13:16:18.448424,f
940,대평리,5123036027,강원특별자치도,2026-01-13 13:16:18.453742,2026-01-13 13:16:18.453745,f
941,마차리,5123036028,강원특별자치도,2026-01-13 13:16:18.458404,2026-01-13 13:16:18.458408,f
942,홍천군,5172000000,강원특별자치도,2026-01-13 13:16:18.466005,2026-01-13 13:16:18.466011,f
943,홍천읍,5172025000,강원특별자치도,2026-01-13 13:16:18.471545,2026-01-13 13:16:18.471547,f
944,진리,5172025021,강원특별자치도,2026-01-13 13:16:18.476586,2026-01-13 13:16:18.47659,f
945,신장대리,5172025022,강원특별자치도,2026-01-13 13:16:18.482006,2026-01-13 13:16:18.48201,f
946,희망리,5172025023,강원특별자치도,2026-01-13 13:16:18.487964,2026-01-13 13:16:18.487966,f
947,갈마곡리,5172025024,강원특별자치도,2026-01-13 13:16:18.493227,2026-01-13 13:16:18.49323,f
948,검율리,5172025025,강원특별자치도,2026-01-13 13:16:18.498655,2026-01-13 13:16:18.498658,f
949,와동리,5172025026,강원특별자치도,2026-01-13 13:16:18.503102,2026-01-13 13:16:18.503105,f
950,결운리,5172025027,강원특별자치도,2026-01-13 13:16:18.506728,2026-01-13 13:16:18.50673,f
951,태학리,5172025028,강원특별자치도,2026-01-13 13:16:18.512326,2026-01-13 13:16:18.51233,f
952,연봉리,5172025029,강원특별자치도,2026-01-13 13:16:18.516807,2026-01-13 13:16:18.516808,f
953,하오안리,5172025030,강원특별자치도,2026-01-13 13:16:18.520865,2026-01-13 13:16:18.520867,f
954,장전평리,5172025031,강원특별자치도,2026-01-13 13:16:18.525219,2026-01-13 13:16:18.525224,f
955,삼마치리,5172025032,강원특별자치도,2026-01-13 13:16:18.529516,2026-01-13 13:16:18.529518,f
956,상오안리,5172025033,강원특별자치도,2026-01-13 13:16:18.533606,2026-01-13 13:16:18.533607,f
957,화촌면,5172031000,강원특별자치도,2026-01-13 13:16:18.538603,2026-01-13 13:16:18.538606,f
958,송정리,5172031021,강원특별자치도,2026-01-13 13:16:18.542733,2026-01-13 13:16:18.542736,f
959,내삼포리,5172031022,강원특별자치도,2026-01-13 13:16:18.546548,2026-01-13 13:16:18.54655,f
960,성산리,5172031023,강원특별자치도,2026-01-13 13:16:18.551052,2026-01-13 13:16:18.551054,f
961,야시대리,5172031024,강원특별자치도,2026-01-13 13:16:18.556338,2026-01-13 13:16:18.55634,f
962,주음치리,5172031025,강원특별자치도,2026-01-13 13:16:18.560886,2026-01-13 13:16:18.560887,f
963,군업리,5172031026,강원특별자치도,2026-01-13 13:16:18.565303,2026-01-13 13:16:18.565305,f
964,장평리,5172031027,강원특별자치도,2026-01-13 13:16:18.56963,2026-01-13 13:16:18.569634,f
965,굴운리,5172031028,강원특별자치도,2026-01-13 13:16:18.574143,2026-01-13 13:16:18.574147,f
966,숙암리,5123032023,강원특별자치도,2026-01-13 13:16:18.581827,2026-01-13 13:16:18.58183,f
967,광동리,5123032024,강원특별자치도,2026-01-13 13:16:18.587135,2026-01-13 13:16:18.587138,f
968,장전리,5123032025,강원특별자치도,2026-01-13 13:16:18.594365,2026-01-13 13:16:18.594368,f
969,추동리,5123032026,강원특별자치도,2026-01-13 13:16:18.598964,2026-01-13 13:16:18.598967,f
970,한소리,5123032027,강원특별자치도,2026-01-13 13:16:18.604459,2026-01-13 13:16:18.604461,f
971,토산리,5123032028,강원특별자치도,2026-01-13 13:16:18.609182,2026-01-13 13:16:18.609185,f
972,갈전리,5123032029,강원특별자치도,2026-01-13 13:16:18.615369,2026-01-13 13:16:18.615372,f
973,공전리,5123032030,강원특별자치도,2026-01-13 13:16:18.622172,2026-01-13 13:16:18.622174,f
974,둔전리,5123032031,강원특별자치도,2026-01-13 13:16:18.62738,2026-01-13 13:16:18.627383,f
975,역둔리,5123032032,강원특별자치도,2026-01-13 13:16:18.632378,2026-01-13 13:16:18.632382,f
976,대전리,5123032033,강원특별자치도,2026-01-13 13:16:18.639052,2026-01-13 13:16:18.639059,f
977,어리,5123032034,강원특별자치도,2026-01-13 13:16:18.64471,2026-01-13 13:16:18.644713,f
978,판문리,5123032035,강원특별자치도,2026-01-13 13:16:18.648886,2026-01-13 13:16:18.64889,f
979,용연리,5123032036,강원특별자치도,2026-01-13 13:16:18.652946,2026-01-13 13:16:18.652949,f
980,노곡면,5123033000,강원특별자치도,2026-01-13 13:16:18.657298,2026-01-13 13:16:18.657302,f
981,여삼리,5123033021,강원특별자치도,2026-01-13 13:16:18.661891,2026-01-13 13:16:18.661892,f
982,상천기리,5123033022,강원특별자치도,2026-01-13 13:16:18.666098,2026-01-13 13:16:18.666101,f
983,하반천리,5123033023,강원특별자치도,2026-01-13 13:16:18.670374,2026-01-13 13:16:18.670378,f
984,상반천리,5123033024,강원특별자치도,2026-01-13 13:16:18.676604,2026-01-13 13:16:18.676606,f
985,우발리,5123033025,강원특별자치도,2026-01-13 13:16:18.683051,2026-01-13 13:16:18.683053,f
986,고자리,5123033026,강원특별자치도,2026-01-13 13:16:18.687345,2026-01-13 13:16:18.687346,f
987,하월산리,5123033027,강원특별자치도,2026-01-13 13:16:18.691577,2026-01-13 13:16:18.691579,f
988,개산리,5123033028,강원특별자치도,2026-01-13 13:16:18.695562,2026-01-13 13:16:18.695564,f
989,상월산리,5123033029,강원특별자치도,2026-01-13 13:16:18.701608,2026-01-13 13:16:18.701613,f
990,하군천리,5123033030,강원특별자치도,2026-01-13 13:16:18.710311,2026-01-13 13:16:18.710314,f
991,상군천리,5123033031,강원특별자치도,2026-01-13 13:16:18.71562,2026-01-13 13:16:18.715622,f
992,둔달리,5123033032,강원특별자치도,2026-01-13 13:16:18.720401,2026-01-13 13:16:18.720403,f
993,주지리,5123033033,강원특별자치도,2026-01-13 13:16:18.725635,2026-01-13 13:16:18.725639,f
994,하마읍리,5123033034,강원특별자치도,2026-01-13 13:16:18.73064,2026-01-13 13:16:18.730646,f
995,중마읍리,5123033035,강원특별자치도,2026-01-13 13:16:18.738773,2026-01-13 13:16:18.738777,f
996,상마읍리,5123033036,강원특별자치도,2026-01-13 13:16:18.744273,2026-01-13 13:16:18.744275,f
997,미로면,5123034000,강원특별자치도,2026-01-13 13:16:18.748492,2026-01-13 13:16:18.748495,f
998,무사리,5123034021,강원특별자치도,2026-01-13 13:16:18.75407,2026-01-13 13:16:18.754072,f
999,사둔리,5123034022,강원특별자치도,2026-01-13 13:16:18.759065,2026-01-13 13:16:18.759068,f
1000,하거노리,5123034023,강원특별자치도,2026-01-13 13:16:18.763077,2026-01-13 13:16:18.763079,f
1001,상거노리,5123034024,강원특별자치도,2026-01-13 13:16:18.767064,2026-01-13 13:16:18.767067,f
1002,상정리,5123034025,강원특별자치도,2026-01-13 13:16:18.771233,2026-01-13 13:16:18.771252,f
1003,하정리,5123034026,강원특별자치도,2026-01-13 13:16:18.776418,2026-01-13 13:16:18.776421,f
1004,천기리,5123034027,강원특별자치도,2026-01-13 13:16:18.781089,2026-01-13 13:16:18.781091,f
1005,활기리,5123034028,강원특별자치도,2026-01-13 13:16:18.784798,2026-01-13 13:16:18.784801,f
1006,하사전리,5123034029,강원특별자치도,2026-01-13 13:16:18.790012,2026-01-13 13:16:18.790015,f
1007,동산리,5123034030,강원특별자치도,2026-01-13 13:16:18.795661,2026-01-13 13:16:18.795665,f
1008,상사전리,5123034031,강원특별자치도,2026-01-13 13:16:18.800162,2026-01-13 13:16:18.800164,f
1009,적노동,5123012300,강원특별자치도,2026-01-13 13:16:18.805411,2026-01-13 13:16:18.805415,f
1010,조비동,5123012400,강원특별자치도,2026-01-13 13:16:18.811944,2026-01-13 13:16:18.811948,f
1011,정상동,5123012500,강원특별자치도,2026-01-13 13:16:18.817211,2026-01-13 13:16:18.817214,f
1012,정하동,5123012600,강원특별자치도,2026-01-13 13:16:18.832222,2026-01-13 13:16:18.832234,f
1013,근산동,5123012700,강원특별자치도,2026-01-13 13:16:18.850384,2026-01-13 13:16:18.850388,f
1014,도계읍,5123025000,강원특별자치도,2026-01-13 13:16:18.85984,2026-01-13 13:16:18.859843,f
1015,발이리,5123025021,강원특별자치도,2026-01-13 13:16:18.865268,2026-01-13 13:16:18.865271,f
1016,차구리,5123025022,강원특별자치도,2026-01-13 13:16:18.869454,2026-01-13 13:16:18.869456,f
1017,고사리,5123025023,강원특별자치도,2026-01-13 13:16:18.875531,2026-01-13 13:16:18.875537,f
1018,산기리,5123025024,강원특별자치도,2026-01-13 13:16:18.886208,2026-01-13 13:16:18.886214,f
1019,무건리,5123025025,강원특별자치도,2026-01-13 13:16:18.893121,2026-01-13 13:16:18.893122,f
1020,한내리,5123025026,강원특별자치도,2026-01-13 13:16:18.898752,2026-01-13 13:16:18.898754,f
1021,늑구리,5123025027,강원특별자치도,2026-01-13 13:16:18.903171,2026-01-13 13:16:18.903173,f
1022,점리,5123025028,강원특별자치도,2026-01-13 13:16:18.907535,2026-01-13 13:16:18.907543,f
1023,마교리,5123025029,강원특별자치도,2026-01-13 13:16:18.913981,2026-01-13 13:16:18.913984,f
1024,도계리,5123025030,강원특별자치도,2026-01-13 13:16:18.918706,2026-01-13 13:16:18.918708,f
1025,상덕리,5123025031,강원특별자치도,2026-01-13 13:16:18.923095,2026-01-13 13:16:18.923097,f
1026,황조리,5123025032,강원특별자치도,2026-01-13 13:16:18.927547,2026-01-13 13:16:18.927549,f
1027,전두리,5123025033,강원특별자치도,2026-01-13 13:16:18.931657,2026-01-13 13:16:18.931659,f
1028,흥전리,5123025034,강원특별자치도,2026-01-13 13:16:18.93637,2026-01-13 13:16:18.936374,f
1029,심포리,5123025035,강원특별자치도,2026-01-13 13:16:18.942282,2026-01-13 13:16:18.942284,f
1030,구사리,5123025036,강원특별자치도,2026-01-13 13:16:18.946774,2026-01-13 13:16:18.946777,f
1031,신리,5123025037,강원특별자치도,2026-01-13 13:16:18.951107,2026-01-13 13:16:18.951109,f
1032,원덕읍,5123025300,강원특별자치도,2026-01-13 13:16:18.956157,2026-01-13 13:16:18.956159,f
1033,갈남리,5123025321,강원특별자치도,2026-01-13 13:16:18.962806,2026-01-13 13:16:18.962809,f
1034,임원리,5123025322,강원특별자치도,2026-01-13 13:16:18.967663,2026-01-13 13:16:18.967665,f
1035,노곡리,5123025323,강원특별자치도,2026-01-13 13:16:18.971848,2026-01-13 13:16:18.97185,f
1036,이천리,5123025324,강원특별자치도,2026-01-13 13:16:18.97636,2026-01-13 13:16:18.976362,f
1037,옥원리,5123025325,강원특별자치도,2026-01-13 13:16:18.981364,2026-01-13 13:16:18.981366,f
1038,호산리,5123025326,강원특별자치도,2026-01-13 13:16:18.985447,2026-01-13 13:16:18.98545,f
1039,월천리,5123025327,강원특별자치도,2026-01-13 13:16:18.99302,2026-01-13 13:16:18.993025,f
1040,노경리,5123025328,강원특별자치도,2026-01-13 13:16:18.999729,2026-01-13 13:16:18.999731,f
1041,사곡리,5123025330,강원특별자치도,2026-01-13 13:16:19.004778,2026-01-13 13:16:19.00478,f
1042,기곡리,5123025331,강원특별자치도,2026-01-13 13:16:19.00968,2026-01-13 13:16:19.009683,f
1043,산양리,5123025332,강원특별자치도,2026-01-13 13:16:19.015269,2026-01-13 13:16:19.015272,f
1044,근덕면,5123031000,강원특별자치도,2026-01-13 13:16:19.020144,2026-01-13 13:16:19.020146,f
1045,상맹방리,5123031021,강원특별자치도,2026-01-13 13:16:19.024716,2026-01-13 13:16:19.024721,f
1046,하맹방리,5123031022,강원특별자치도,2026-01-13 13:16:19.031078,2026-01-13 13:16:19.031082,f
1047,금계리,5123031023,강원특별자치도,2026-01-13 13:16:19.037334,2026-01-13 13:16:19.037337,f
1048,교가리,5123031024,강원특별자치도,2026-01-13 13:16:19.042004,2026-01-13 13:16:19.042005,f
1049,교곡리,5123031025,강원특별자치도,2026-01-13 13:16:19.045951,2026-01-13 13:16:19.045954,f
1050,덕산리,5123031026,강원특별자치도,2026-01-13 13:16:19.050151,2026-01-13 13:16:19.050153,f
1051,부남리,5123031027,강원특별자치도,2026-01-13 13:16:19.054253,2026-01-13 13:16:19.054254,f
1052,광태리,5123031028,강원특별자치도,2026-01-13 13:16:19.059302,2026-01-13 13:16:19.059305,f
1053,동막리,5123031029,강원특별자치도,2026-01-13 13:16:19.063628,2026-01-13 13:16:19.063631,f
1054,궁촌리,5123031030,강원특별자치도,2026-01-13 13:16:19.067689,2026-01-13 13:16:19.067692,f
1055,매원리,5123031031,강원특별자치도,2026-01-13 13:16:19.07253,2026-01-13 13:16:19.072533,f
1056,초곡리,5123031032,강원특별자치도,2026-01-13 13:16:19.077204,2026-01-13 13:16:19.077206,f
1057,용화리,5123031033,강원특별자치도,2026-01-13 13:16:19.08145,2026-01-13 13:16:19.081453,f
1058,장호리,5123031034,강원특별자치도,2026-01-13 13:16:19.085663,2026-01-13 13:16:19.085666,f
1059,하장면,5123032000,강원특별자치도,2026-01-13 13:16:19.089894,2026-01-13 13:16:19.089896,f
1060,중봉리,5123032021,강원특별자치도,2026-01-13 13:16:19.094135,2026-01-13 13:16:19.094137,f
1061,번천리,5123032022,강원특별자치도,2026-01-13 13:16:19.098909,2026-01-13 13:16:19.098911,f
1062,동점동,5119010600,강원특별자치도,2026-01-13 13:16:19.103057,2026-01-13 13:16:19.10306,f
1063,소도동,5119010700,강원특별자치도,2026-01-13 13:16:19.106873,2026-01-13 13:16:19.106877,f
1064,혈동,5119010800,강원특별자치도,2026-01-13 13:16:19.112507,2026-01-13 13:16:19.11251,f
1065,화전동,5119010900,강원특별자치도,2026-01-13 13:16:19.117609,2026-01-13 13:16:19.117612,f
1066,적각동,5119011000,강원특별자치도,2026-01-13 13:16:19.122005,2026-01-13 13:16:19.122007,f
1067,창죽동,5119011100,강원특별자치도,2026-01-13 13:16:19.126118,2026-01-13 13:16:19.12612,f
1068,통동,5119011200,강원특별자치도,2026-01-13 13:16:19.131196,2026-01-13 13:16:19.131198,f
1069,백산동,5119011300,강원특별자치도,2026-01-13 13:16:19.135673,2026-01-13 13:16:19.135678,f
1070,원동,5119011400,강원특별자치도,2026-01-13 13:16:19.140331,2026-01-13 13:16:19.140336,f
1071,상사미동,5119011500,강원특별자치도,2026-01-13 13:16:19.145099,2026-01-13 13:16:19.145101,f
1072,하사미동,5119011600,강원특별자치도,2026-01-13 13:16:19.149498,2026-01-13 13:16:19.149501,f
1073,조탄동,5119011700,강원특별자치도,2026-01-13 13:16:19.154723,2026-01-13 13:16:19.154725,f
1074,속초시,5121000000,강원특별자치도,2026-01-13 13:16:19.159623,2026-01-13 13:16:19.159624,f
1075,영랑동,5121010100,강원특별자치도,2026-01-13 13:16:19.164204,2026-01-13 13:16:19.164207,f
1076,동명동,5121010200,강원특별자치도,2026-01-13 13:16:19.169213,2026-01-13 13:16:19.169216,f
1077,중앙동,5121010300,강원특별자치도,2026-01-13 13:16:19.177037,2026-01-13 13:16:19.177041,f
1078,금호동,5121010400,강원특별자치도,2026-01-13 13:16:19.186728,2026-01-13 13:16:19.186733,f
1079,청학동,5121010500,강원특별자치도,2026-01-13 13:16:19.197546,2026-01-13 13:16:19.197552,f
1080,교동,5121010600,강원특별자치도,2026-01-13 13:16:19.207301,2026-01-13 13:16:19.207309,f
1081,노학동,5121010700,강원특별자치도,2026-01-13 13:16:19.216072,2026-01-13 13:16:19.216075,f
1082,조양동,5121010800,강원특별자치도,2026-01-13 13:16:19.225995,2026-01-13 13:16:19.226002,f
1083,청호동,5121010900,강원특별자치도,2026-01-13 13:16:19.234473,2026-01-13 13:16:19.234479,f
1084,대포동,5121011000,강원특별자치도,2026-01-13 13:16:19.241421,2026-01-13 13:16:19.241427,f
1085,도문동,5121011100,강원특별자치도,2026-01-13 13:16:19.248562,2026-01-13 13:16:19.248564,f
1086,설악동,5121011200,강원특별자치도,2026-01-13 13:16:19.255899,2026-01-13 13:16:19.255905,f
1087,장사동,5121011300,강원특별자치도,2026-01-13 13:16:19.26613,2026-01-13 13:16:19.266133,f
1088,삼척시,5123000000,강원특별자치도,2026-01-13 13:16:19.270952,2026-01-13 13:16:19.270955,f
1089,성내동,5123010100,강원특별자치도,2026-01-13 13:16:19.276628,2026-01-13 13:16:19.276631,f
1090,성북동,5123010200,강원특별자치도,2026-01-13 13:16:19.281814,2026-01-13 13:16:19.281816,f
1091,읍상동,5123010300,강원특별자치도,2026-01-13 13:16:19.286754,2026-01-13 13:16:19.286756,f
1092,읍중동,5123010400,강원특별자치도,2026-01-13 13:16:19.291437,2026-01-13 13:16:19.29144,f
1093,당저동,5123010500,강원특별자치도,2026-01-13 13:16:19.295721,2026-01-13 13:16:19.295726,f
1094,교동,5123010600,강원특별자치도,2026-01-13 13:16:19.301664,2026-01-13 13:16:19.301667,f
1095,갈천동,5123010700,강원특별자치도,2026-01-13 13:16:19.306343,2026-01-13 13:16:19.306345,f
1096,증산동,5123010800,강원특별자치도,2026-01-13 13:16:19.311659,2026-01-13 13:16:19.311662,f
1097,우지동,5123010900,강원특별자치도,2026-01-13 13:16:19.31688,2026-01-13 13:16:19.316883,f
1098,마달동,5123011000,강원특별자치도,2026-01-13 13:16:19.322943,2026-01-13 13:16:19.322947,f
1099,자원동,5123011100,강원특별자치도,2026-01-13 13:16:19.327783,2026-01-13 13:16:19.327785,f
1100,평전동,5123011200,강원특별자치도,2026-01-13 13:16:19.332162,2026-01-13 13:16:19.332165,f
1101,등봉동,5123011300,강원특별자치도,2026-01-13 13:16:19.337501,2026-01-13 13:16:19.337504,f
1102,도경동,5123011400,강원특별자치도,2026-01-13 13:16:19.342047,2026-01-13 13:16:19.342049,f
1103,마평동,5123011500,강원특별자치도,2026-01-13 13:16:19.346234,2026-01-13 13:16:19.346248,f
1104,오사동,5123011600,강원특별자치도,2026-01-13 13:16:19.350562,2026-01-13 13:16:19.350564,f
1105,건지동,5123011700,강원특별자치도,2026-01-13 13:16:19.355214,2026-01-13 13:16:19.355216,f
1106,원당동,5123011800,강원특별자치도,2026-01-13 13:16:19.360469,2026-01-13 13:16:19.360471,f
1107,성남동,5123011900,강원특별자치도,2026-01-13 13:16:19.364993,2026-01-13 13:16:19.364995,f
1108,남양동,5123012000,강원특별자치도,2026-01-13 13:16:19.369013,2026-01-13 13:16:19.369015,f
1109,사직동,5123012100,강원특별자치도,2026-01-13 13:16:19.373137,2026-01-13 13:16:19.373139,f
1110,오분동,5123012200,강원특별자치도,2026-01-13 13:16:19.377712,2026-01-13 13:16:19.377714,f
1111,발한동,5117011100,강원특별자치도,2026-01-13 13:16:19.382479,2026-01-13 13:16:19.382481,f
1112,북평동,5117011200,강원특별자치도,2026-01-13 13:16:19.387616,2026-01-13 13:16:19.387619,f
1113,구미동,5117011300,강원특별자치도,2026-01-13 13:16:19.393928,2026-01-13 13:16:19.393931,f
1114,추암동,5117011400,강원특별자치도,2026-01-13 13:16:19.398499,2026-01-13 13:16:19.398501,f
1115,구호동,5117011500,강원특별자치도,2026-01-13 13:16:19.403377,2026-01-13 13:16:19.40338,f
1116,단봉동,5117011600,강원특별자치도,2026-01-13 13:16:19.411379,2026-01-13 13:16:19.411381,f
1117,지가동,5117011700,강원특별자치도,2026-01-13 13:16:19.422446,2026-01-13 13:16:19.422453,f
1118,이도동,5117011800,강원특별자치도,2026-01-13 13:16:19.432685,2026-01-13 13:16:19.432688,f
1119,귀운동,5117011900,강원특별자치도,2026-01-13 13:16:19.444009,2026-01-13 13:16:19.444013,f
1120,대구동,5117012000,강원특별자치도,2026-01-13 13:16:19.451925,2026-01-13 13:16:19.451928,f
1121,호현동,5117012100,강원특별자치도,2026-01-13 13:16:19.456545,2026-01-13 13:16:19.456547,f
1122,내동,5117012200,강원특별자치도,2026-01-13 13:16:19.46201,2026-01-13 13:16:19.462015,f
1123,묵호진동,5117012300,강원특별자치도,2026-01-13 13:16:19.468282,2026-01-13 13:16:19.468287,f
1124,삼화동,5117012400,강원특별자치도,2026-01-13 13:16:19.473167,2026-01-13 13:16:19.47317,f
1125,이기동,5117012500,강원특별자치도,2026-01-13 13:16:19.478087,2026-01-13 13:16:19.478089,f
1126,이로동,5117012600,강원특별자치도,2026-01-13 13:16:19.485143,2026-01-13 13:16:19.485147,f
1127,어달동,5117012700,강원특별자치도,2026-01-13 13:16:19.490266,2026-01-13 13:16:19.49027,f
1128,대진동,5117012800,강원특별자치도,2026-01-13 13:16:19.498794,2026-01-13 13:16:19.498796,f
1129,망상동,5117012900,강원특별자치도,2026-01-13 13:16:19.503457,2026-01-13 13:16:19.503459,f
1130,심곡동,5117013000,강원특별자치도,2026-01-13 13:16:19.50743,2026-01-13 13:16:19.507432,f
1131,초구동,5117013100,강원특별자치도,2026-01-13 13:16:19.511991,2026-01-13 13:16:19.511993,f
1132,괴란동,5117013200,강원특별자치도,2026-01-13 13:16:19.517197,2026-01-13 13:16:19.517199,f
1133,만우동,5117013300,강원특별자치도,2026-01-13 13:16:19.521556,2026-01-13 13:16:19.521557,f
1134,신흥동,5117013400,강원특별자치도,2026-01-13 13:16:19.526855,2026-01-13 13:16:19.526858,f
1135,비천동,5117013500,강원특별자치도,2026-01-13 13:16:19.530914,2026-01-13 13:16:19.530916,f
1136,달방동,5117013600,강원특별자치도,2026-01-13 13:16:19.535459,2026-01-13 13:16:19.535463,f
1137,태백시,5119000000,강원특별자치도,2026-01-13 13:16:19.540753,2026-01-13 13:16:19.540757,f
1138,황지동,5119010100,강원특별자치도,2026-01-13 13:16:19.545123,2026-01-13 13:16:19.545125,f
1139,장성동,5119010200,강원특별자치도,2026-01-13 13:16:19.549322,2026-01-13 13:16:19.549325,f
1140,금천동,5119010300,강원특별자치도,2026-01-13 13:16:19.55685,2026-01-13 13:16:19.556852,f
1141,철암동,5119010400,강원특별자치도,2026-01-13 13:16:19.561767,2026-01-13 13:16:19.56177,f
1142,문곡동,5119010500,강원특별자치도,2026-01-13 13:16:19.566091,2026-01-13 13:16:19.566093,f
1143,산성우리,5115034030,강원특별자치도,2026-01-13 13:16:19.570362,2026-01-13 13:16:19.570364,f
1144,언별리,5115034031,강원특별자치도,2026-01-13 13:16:19.574592,2026-01-13 13:16:19.574593,f
1145,옥계면,5115035000,강원특별자치도,2026-01-13 13:16:19.579468,2026-01-13 13:16:19.57947,f
1146,현내리,5115035021,강원특별자치도,2026-01-13 13:16:19.584394,2026-01-13 13:16:19.584397,f
1147,천남리,5115035022,강원특별자치도,2026-01-13 13:16:19.588752,2026-01-13 13:16:19.588754,f
1148,주수리,5115035023,강원특별자치도,2026-01-13 13:16:19.594213,2026-01-13 13:16:19.594216,f
1149,도직리,5115035024,강원특별자치도,2026-01-13 13:16:19.599645,2026-01-13 13:16:19.599648,f
1150,조산리,5115035025,강원특별자치도,2026-01-13 13:16:19.603992,2026-01-13 13:16:19.603995,f
1151,남양리,5115035026,강원특별자치도,2026-01-13 13:16:19.612171,2026-01-13 13:16:19.612173,f
1152,북동리,5115035027,강원특별자치도,2026-01-13 13:16:19.616563,2026-01-13 13:16:19.616566,f
1153,낙풍리,5115035028,강원특별자치도,2026-01-13 13:16:19.621788,2026-01-13 13:16:19.62179,f
1154,금진리,5115035029,강원특별자치도,2026-01-13 13:16:19.626282,2026-01-13 13:16:19.626285,f
1155,산계리,5115035030,강원특별자치도,2026-01-13 13:16:19.632391,2026-01-13 13:16:19.632393,f
1156,사천면,5115036000,강원특별자치도,2026-01-13 13:16:19.638102,2026-01-13 13:16:19.638105,f
1157,미노리,5115036021,강원특별자치도,2026-01-13 13:16:19.642957,2026-01-13 13:16:19.642959,f
1158,노동리,5115036022,강원특별자치도,2026-01-13 13:16:19.647116,2026-01-13 13:16:19.647117,f
1159,석교리,5115036023,강원특별자치도,2026-01-13 13:16:19.650841,2026-01-13 13:16:19.650843,f
1160,판교리,5115036024,강원특별자치도,2026-01-13 13:16:19.654984,2026-01-13 13:16:19.654987,f
1161,사천진리,5115036025,강원특별자치도,2026-01-13 13:16:19.659404,2026-01-13 13:16:19.659406,f
1162,덕실리,5115036026,강원특별자치도,2026-01-13 13:16:19.664387,2026-01-13 13:16:19.66439,f
1163,방동리,5115036027,강원특별자치도,2026-01-13 13:16:19.671798,2026-01-13 13:16:19.6718,f
1164,산대월리,5115036028,강원특별자치도,2026-01-13 13:16:19.677152,2026-01-13 13:16:19.677154,f
1165,사기막리,5115036029,강원특별자치도,2026-01-13 13:16:19.681468,2026-01-13 13:16:19.68147,f
1166,연곡면,5115037000,강원특별자치도,2026-01-13 13:16:19.686304,2026-01-13 13:16:19.686306,f
1167,방내리,5115037021,강원특별자치도,2026-01-13 13:16:19.690494,2026-01-13 13:16:19.690496,f
1168,영진리,5115037022,강원특별자치도,2026-01-13 13:16:19.699761,2026-01-13 13:16:19.699764,f
1169,동덕리,5115037023,강원특별자치도,2026-01-13 13:16:19.704129,2026-01-13 13:16:19.704131,f
1170,송림리,5115037024,강원특별자치도,2026-01-13 13:16:19.709367,2026-01-13 13:16:19.709371,f
1171,행정리,5115037025,강원특별자치도,2026-01-13 13:16:19.715637,2026-01-13 13:16:19.715639,f
1172,신왕리,5115037026,강원특별자치도,2026-01-13 13:16:19.720894,2026-01-13 13:16:19.720896,f
1173,유등리,5115037027,강원특별자치도,2026-01-13 13:16:19.728891,2026-01-13 13:16:19.728894,f
1174,삼산리,5115037028,강원특별자치도,2026-01-13 13:16:19.73317,2026-01-13 13:16:19.733172,f
1175,퇴곡리,5115037029,강원특별자치도,2026-01-13 13:16:19.738155,2026-01-13 13:16:19.738158,f
1176,동해시,5117000000,강원특별자치도,2026-01-13 13:16:19.74216,2026-01-13 13:16:19.742162,f
1177,천곡동,5117010100,강원특별자치도,2026-01-13 13:16:19.746009,2026-01-13 13:16:19.746012,f
1178,평릉동,5117010200,강원특별자치도,2026-01-13 13:16:19.750511,2026-01-13 13:16:19.750513,f
1179,송정동,5117010300,강원특별자치도,2026-01-13 13:16:19.758343,2026-01-13 13:16:19.758345,f
1180,용정동,5117010400,강원특별자치도,2026-01-13 13:16:19.762324,2026-01-13 13:16:19.762325,f
1181,지흥동,5117010500,강원특별자치도,2026-01-13 13:16:19.766369,2026-01-13 13:16:19.766371,f
1182,효가동,5117010600,강원특별자치도,2026-01-13 13:16:19.77152,2026-01-13 13:16:19.771523,f
1183,동회동,5117010700,강원특별자치도,2026-01-13 13:16:19.777634,2026-01-13 13:16:19.777638,f
1184,나안동,5117010800,강원특별자치도,2026-01-13 13:16:19.786177,2026-01-13 13:16:19.786179,f
1185,쇄운동,5117010900,강원특별자치도,2026-01-13 13:16:19.790097,2026-01-13 13:16:19.790101,f
1186,부곡동,5117011000,강원특별자치도,2026-01-13 13:16:19.794789,2026-01-13 13:16:19.794791,f
1187,운산동,5115013900,강원특별자치도,2026-01-13 13:16:19.799662,2026-01-13 13:16:19.799665,f
1188,주문진읍,5115025000,강원특별자치도,2026-01-13 13:16:19.803857,2026-01-13 13:16:19.803859,f
1189,주문리,5115025021,강원특별자치도,2026-01-13 13:16:19.808444,2026-01-13 13:16:19.808446,f
1190,교항리,5115025022,강원특별자치도,2026-01-13 13:16:19.816626,2026-01-13 13:16:19.816628,f
1191,장덕리,5115025023,강원특별자치도,2026-01-13 13:16:19.821385,2026-01-13 13:16:19.821387,f
1192,삼교리,5115025024,강원특별자치도,2026-01-13 13:16:19.825642,2026-01-13 13:16:19.825643,f
1193,향호리,5115025025,강원특별자치도,2026-01-13 13:16:19.829837,2026-01-13 13:16:19.829842,f
1194,성산면,5115031000,강원특별자치도,2026-01-13 13:16:19.836234,2026-01-13 13:16:19.836272,f
1195,구산리,5115031021,강원특별자치도,2026-01-13 13:16:19.845594,2026-01-13 13:16:19.845597,f
1196,관음리,5115031022,강원특별자치도,2026-01-13 13:16:19.850478,2026-01-13 13:16:19.85048,f
1197,금산리,5115031023,강원특별자치도,2026-01-13 13:16:19.854881,2026-01-13 13:16:19.854883,f
1198,위촌리,5115031024,강원특별자치도,2026-01-13 13:16:19.860644,2026-01-13 13:16:19.860647,f
1199,송암리,5115031025,강원특별자치도,2026-01-13 13:16:19.865143,2026-01-13 13:16:19.865145,f
1200,보광리,5115031026,강원특별자치도,2026-01-13 13:16:19.872149,2026-01-13 13:16:19.872155,f
1201,어흘리,5115031027,강원특별자치도,2026-01-13 13:16:19.877777,2026-01-13 13:16:19.87778,f
1202,오봉리,5115031028,강원특별자치도,2026-01-13 13:16:19.88268,2026-01-13 13:16:19.882683,f
1203,산북리,5115031029,강원특별자치도,2026-01-13 13:16:19.886982,2026-01-13 13:16:19.886986,f
1204,왕산면,5115032000,강원특별자치도,2026-01-13 13:16:19.891602,2026-01-13 13:16:19.891605,f
1205,도마리,5115032021,강원특별자치도,2026-01-13 13:16:19.896358,2026-01-13 13:16:19.896361,f
1206,목계리,5115032022,강원특별자치도,2026-01-13 13:16:19.904746,2026-01-13 13:16:19.904749,f
1207,왕산리,5115032023,강원특별자치도,2026-01-13 13:16:19.909853,2026-01-13 13:16:19.909855,f
1208,고단리,5115032024,강원특별자치도,2026-01-13 13:16:19.917617,2026-01-13 13:16:19.91762,f
1209,송현리,5115032025,강원특별자치도,2026-01-13 13:16:19.923516,2026-01-13 13:16:19.923519,f
1210,대기리,5115032026,강원특별자치도,2026-01-13 13:16:19.932976,2026-01-13 13:16:19.932978,f
1211,구정면,5115033000,강원특별자치도,2026-01-13 13:16:19.937796,2026-01-13 13:16:19.9378,f
1212,여찬리,5115033021,강원특별자치도,2026-01-13 13:16:19.944002,2026-01-13 13:16:19.944004,f
1213,학산리,5115033022,강원특별자치도,2026-01-13 13:16:19.949662,2026-01-13 13:16:19.949666,f
1214,구정리,5115033023,강원특별자치도,2026-01-13 13:16:19.956158,2026-01-13 13:16:19.95616,f
1215,금광리,5115033024,강원특별자치도,2026-01-13 13:16:19.964452,2026-01-13 13:16:19.964454,f
1216,어단리,5115033025,강원특별자치도,2026-01-13 13:16:19.968828,2026-01-13 13:16:19.96883,f
1217,덕현리,5115033026,강원특별자치도,2026-01-13 13:16:19.973255,2026-01-13 13:16:19.973257,f
1218,제비리,5115033027,강원특별자치도,2026-01-13 13:16:19.977795,2026-01-13 13:16:19.977797,f
1219,강동면,5115034000,강원특별자치도,2026-01-13 13:16:19.98211,2026-01-13 13:16:19.982113,f
1220,상시동리,5115034021,강원특별자치도,2026-01-13 13:16:19.992599,2026-01-13 13:16:19.992605,f
1221,모전리,5115034022,강원특별자치도,2026-01-13 13:16:19.998014,2026-01-13 13:16:19.998036,f
1222,안인리,5115034023,강원특별자치도,2026-01-13 13:16:20.007883,2026-01-13 13:16:20.00789,f
1223,안인진리,5115034024,강원특별자치도,2026-01-13 13:16:20.016975,2026-01-13 13:16:20.016978,f
1224,임곡리,5115034025,강원특별자치도,2026-01-13 13:16:20.024249,2026-01-13 13:16:20.024253,f
1225,하시동리,5115034026,강원특별자치도,2026-01-13 13:16:20.028919,2026-01-13 13:16:20.028922,f
1226,정동진리,5115034028,강원특별자치도,2026-01-13 13:16:20.032914,2026-01-13 13:16:20.032916,f
1227,심곡리,5115034029,강원특별자치도,2026-01-13 13:16:20.036877,2026-01-13 13:16:20.03688,f
1228,신촌리,5113038023,강원특별자치도,2026-01-13 13:16:20.041709,2026-01-13 13:16:20.041712,f
1229,신림면,5113039000,강원특별자치도,2026-01-13 13:16:20.049818,2026-01-13 13:16:20.04982,f
1230,신림리,5113039021,강원특별자치도,2026-01-13 13:16:20.054486,2026-01-13 13:16:20.054489,f
1231,금창리,5113039022,강원특별자치도,2026-01-13 13:16:20.059208,2026-01-13 13:16:20.059211,f
1232,구학리,5113039023,강원특별자치도,2026-01-13 13:16:20.063845,2026-01-13 13:16:20.063847,f
1233,용암리,5113039024,강원특별자치도,2026-01-13 13:16:20.068363,2026-01-13 13:16:20.068365,f
1234,성남리,5113039025,강원특별자치도,2026-01-13 13:16:20.072515,2026-01-13 13:16:20.072517,f
1235,황둔리,5113039026,강원특별자치도,2026-01-13 13:16:20.080295,2026-01-13 13:16:20.080297,f
1236,송계리,5113039027,강원특별자치도,2026-01-13 13:16:20.083997,2026-01-13 13:16:20.083998,f
1237,강릉시,5115000000,강원특별자치도,2026-01-13 13:16:20.087944,2026-01-13 13:16:20.087945,f
1238,홍제동,5115010100,강원특별자치도,2026-01-13 13:16:20.091876,2026-01-13 13:16:20.091879,f
1239,남문동,5115010200,강원특별자치도,2026-01-13 13:16:20.096481,2026-01-13 13:16:20.096486,f
1240,명주동,5115010300,강원특별자치도,2026-01-13 13:16:20.102083,2026-01-13 13:16:20.102085,f
1241,성내동,5115010400,강원특별자치도,2026-01-13 13:16:20.10953,2026-01-13 13:16:20.109534,f
1242,임당동,5115010500,강원특별자치도,2026-01-13 13:16:20.116602,2026-01-13 13:16:20.116605,f
1243,금학동,5115010600,강원특별자치도,2026-01-13 13:16:20.124359,2026-01-13 13:16:20.124363,f
1244,용강동,5115010700,강원특별자치도,2026-01-13 13:16:20.130103,2026-01-13 13:16:20.13011,f
1245,성남동,5115010800,강원특별자치도,2026-01-13 13:16:20.139633,2026-01-13 13:16:20.139635,f
1246,옥천동,5115010900,강원특별자치도,2026-01-13 13:16:20.146768,2026-01-13 13:16:20.146772,f
1247,교동,5115011000,강원특별자치도,2026-01-13 13:16:20.156214,2026-01-13 13:16:20.156222,f
1248,포남동,5115011100,강원특별자치도,2026-01-13 13:16:20.166907,2026-01-13 13:16:20.16691,f
1249,초당동,5115011200,강원특별자치도,2026-01-13 13:16:20.171773,2026-01-13 13:16:20.171775,f
1250,강문동,5115011300,강원특별자치도,2026-01-13 13:16:20.176188,2026-01-13 13:16:20.17619,f
1251,송정동,5115011400,강원특별자치도,2026-01-13 13:16:20.181052,2026-01-13 13:16:20.181055,f
1252,견소동,5115011500,강원특별자치도,2026-01-13 13:16:20.185395,2026-01-13 13:16:20.185397,f
1253,내곡동,5115011600,강원특별자치도,2026-01-13 13:16:20.189306,2026-01-13 13:16:20.189308,f
1254,회산동,5115011700,강원특별자치도,2026-01-13 13:16:20.19638,2026-01-13 13:16:20.196384,f
1255,장현동,5115011800,강원특별자치도,2026-01-13 13:16:20.201906,2026-01-13 13:16:20.201909,f
1256,박월동,5115011900,강원특별자치도,2026-01-13 13:16:20.206827,2026-01-13 13:16:20.206829,f
1257,담산동,5115012000,강원특별자치도,2026-01-13 13:16:20.210811,2026-01-13 13:16:20.210812,f
1258,노암동,5115012100,강원특별자치도,2026-01-13 13:16:20.214807,2026-01-13 13:16:20.214808,f
1259,유산동,5115012200,강원특별자치도,2026-01-13 13:16:20.219416,2026-01-13 13:16:20.219419,f
1260,월호평동,5115012300,강원특별자치도,2026-01-13 13:16:20.225113,2026-01-13 13:16:20.225115,f
1261,신석동,5115012400,강원특별자치도,2026-01-13 13:16:20.229136,2026-01-13 13:16:20.229137,f
1262,입암동,5115012500,강원특별자치도,2026-01-13 13:16:20.233001,2026-01-13 13:16:20.233007,f
1263,청량동,5115012600,강원특별자치도,2026-01-13 13:16:20.237824,2026-01-13 13:16:20.237826,f
1264,두산동,5115012700,강원특별자치도,2026-01-13 13:16:20.242389,2026-01-13 13:16:20.242391,f
1265,학동,5115012800,강원특별자치도,2026-01-13 13:16:20.246456,2026-01-13 13:16:20.246457,f
1266,병산동,5115012900,강원특별자치도,2026-01-13 13:16:20.253152,2026-01-13 13:16:20.253154,f
1267,남항진동,5115013000,강원특별자치도,2026-01-13 13:16:20.25698,2026-01-13 13:16:20.256981,f
1268,유천동,5115013100,강원특별자치도,2026-01-13 13:16:20.262772,2026-01-13 13:16:20.262775,f
1269,지변동,5115013200,강원특별자치도,2026-01-13 13:16:20.266887,2026-01-13 13:16:20.266888,f
1270,죽헌동,5115013300,강원특별자치도,2026-01-13 13:16:20.271577,2026-01-13 13:16:20.271582,f
1271,대전동,5115013400,강원특별자치도,2026-01-13 13:16:20.276883,2026-01-13 13:16:20.276886,f
1272,운정동,5115013500,강원특별자치도,2026-01-13 13:16:20.283722,2026-01-13 13:16:20.283724,f
1273,난곡동,5115013600,강원특별자치도,2026-01-13 13:16:20.287777,2026-01-13 13:16:20.287779,f
1274,저동,5115013700,강원특별자치도,2026-01-13 13:16:20.29172,2026-01-13 13:16:20.291723,f
1275,안현동,5115013800,강원특별자치도,2026-01-13 13:16:20.295595,2026-01-13 13:16:20.295597,f
1276,둔둔리,5113031027,강원특별자치도,2026-01-13 13:16:20.299897,2026-01-13 13:16:20.2999,f
1277,학곡리,5113031028,강원특별자치도,2026-01-13 13:16:20.305036,2026-01-13 13:16:20.305038,f
1278,호저면,5113032000,강원특별자치도,2026-01-13 13:16:20.310842,2026-01-13 13:16:20.310845,f
1279,주산리,5113032021,강원특별자치도,2026-01-13 13:16:20.316357,2026-01-13 13:16:20.316359,f
1280,고산리,5113032022,강원특별자치도,2026-01-13 13:16:20.322312,2026-01-13 13:16:20.322314,f
1281,대덕리,5113032023,강원특별자치도,2026-01-13 13:16:20.327042,2026-01-13 13:16:20.327044,f
1282,광격리,5113032024,강원특별자치도,2026-01-13 13:16:20.332648,2026-01-13 13:16:20.332651,f
1283,만종리,5113032025,강원특별자치도,2026-01-13 13:16:20.341073,2026-01-13 13:16:20.34108,f
1284,옥산리,5113032026,강원특별자치도,2026-01-13 13:16:20.350172,2026-01-13 13:16:20.350175,f
1285,무장리,5113032027,강원특별자치도,2026-01-13 13:16:20.358125,2026-01-13 13:16:20.35813,f
1286,용곡리,5113032028,강원특별자치도,2026-01-13 13:16:20.364518,2026-01-13 13:16:20.36452,f
1287,산현리,5113032029,강원특별자치도,2026-01-13 13:16:20.368641,2026-01-13 13:16:20.368644,f
1288,매호리,5113032030,강원특별자치도,2026-01-13 13:16:20.373188,2026-01-13 13:16:20.37319,f
1289,지정면,5113033000,강원특별자치도,2026-01-13 13:16:20.381621,2026-01-13 13:16:20.381624,f
1290,간현리,5113033021,강원특별자치도,2026-01-13 13:16:20.385645,2026-01-13 13:16:20.385647,f
1291,안창리,5113033022,강원특별자치도,2026-01-13 13:16:20.392097,2026-01-13 13:16:20.3921,f
1292,가곡리,5113033023,강원특별자치도,2026-01-13 13:16:20.398499,2026-01-13 13:16:20.398502,f
1293,판대리,5113033024,강원특별자치도,2026-01-13 13:16:20.403132,2026-01-13 13:16:20.403134,f
1294,신평리,5113033025,강원특별자치도,2026-01-13 13:16:20.409674,2026-01-13 13:16:20.409677,f
1295,월송리,5113033026,강원특별자치도,2026-01-13 13:16:20.413811,2026-01-13 13:16:20.413813,f
1296,보통리,5113033027,강원특별자치도,2026-01-13 13:16:20.418375,2026-01-13 13:16:20.418377,f
1297,부론면,5113035000,강원특별자치도,2026-01-13 13:16:20.422748,2026-01-13 13:16:20.422751,f
1298,법천리,5113035021,강원특별자치도,2026-01-13 13:16:20.427494,2026-01-13 13:16:20.427496,f
1299,손곡리,5113035022,강원특별자치도,2026-01-13 13:16:20.432342,2026-01-13 13:16:20.432346,f
1300,정산리,5113035023,강원특별자치도,2026-01-13 13:16:20.440034,2026-01-13 13:16:20.440036,f
1301,흥호리,5113035024,강원특별자치도,2026-01-13 13:16:20.446164,2026-01-13 13:16:20.446166,f
1302,노림리,5113035025,강원특별자치도,2026-01-13 13:16:20.449897,2026-01-13 13:16:20.449899,f
1303,단강리,5113035026,강원특별자치도,2026-01-13 13:16:20.455342,2026-01-13 13:16:20.455345,f
1304,귀래면,5113036000,강원특별자치도,2026-01-13 13:16:20.459732,2026-01-13 13:16:20.459736,f
1305,운남리,5113036021,강원특별자치도,2026-01-13 13:16:20.467029,2026-01-13 13:16:20.467032,f
1306,귀래리,5113036022,강원특별자치도,2026-01-13 13:16:20.47209,2026-01-13 13:16:20.472092,f
1307,운계리,5113036023,강원특별자치도,2026-01-13 13:16:20.476648,2026-01-13 13:16:20.476651,f
1308,주포리,5113036024,강원특별자치도,2026-01-13 13:16:20.481884,2026-01-13 13:16:20.481886,f
1309,용암리,5113036025,강원특별자치도,2026-01-13 13:16:20.486213,2026-01-13 13:16:20.486216,f
1310,흥업면,5113037000,강원특별자치도,2026-01-13 13:16:20.491937,2026-01-13 13:16:20.491939,f
1311,흥업리,5113037021,강원특별자치도,2026-01-13 13:16:20.496884,2026-01-13 13:16:20.496887,f
1312,매지리,5113037022,강원특별자치도,2026-01-13 13:16:20.503827,2026-01-13 13:16:20.503831,f
1313,사제리,5113037023,강원특별자치도,2026-01-13 13:16:20.50886,2026-01-13 13:16:20.508863,f
1314,대안리,5113037024,강원특별자치도,2026-01-13 13:16:20.513699,2026-01-13 13:16:20.513702,f
1315,판부면,5113038000,강원특별자치도,2026-01-13 13:16:20.518462,2026-01-13 13:16:20.518465,f
1316,금대리,5113038021,강원특별자치도,2026-01-13 13:16:20.525501,2026-01-13 13:16:20.525506,f
1317,서곡리,5113038022,강원특별자치도,2026-01-13 13:16:20.530734,2026-01-13 13:16:20.530737,f
1318,창촌리,5111040025,강원특별자치도,2026-01-13 13:16:20.535562,2026-01-13 13:16:20.535565,f
1319,방곡리,5111040026,강원특별자치도,2026-01-13 13:16:20.541452,2026-01-13 13:16:20.541457,f
1320,강촌리,5111040027,강원특별자치도,2026-01-13 13:16:20.547026,2026-01-13 13:16:20.54703,f
1321,서천리,5111040028,강원특별자치도,2026-01-13 13:16:20.554758,2026-01-13 13:16:20.554763,f
1322,백양리,5111040029,강원특별자치도,2026-01-13 13:16:20.564283,2026-01-13 13:16:20.564289,f
1323,방하리,5111040030,강원특별자치도,2026-01-13 13:16:20.570069,2026-01-13 13:16:20.570075,f
1324,산수리,5111040031,강원특별자치도,2026-01-13 13:16:20.575168,2026-01-13 13:16:20.57517,f
1325,원주시,5113000000,강원특별자치도,2026-01-13 13:16:20.585603,2026-01-13 13:16:20.585607,f
1326,중앙동,5113010100,강원특별자치도,2026-01-13 13:16:20.590691,2026-01-13 13:16:20.590694,f
1327,평원동,5113010200,강원특별자치도,2026-01-13 13:16:20.598507,2026-01-13 13:16:20.598512,f
1328,원동,5113010300,강원특별자치도,2026-01-13 13:16:20.617041,2026-01-13 13:16:20.61705,f
1329,인동,5113010400,강원특별자치도,2026-01-13 13:16:20.628194,2026-01-13 13:16:20.628197,f
1330,개운동,5113010500,강원특별자치도,2026-01-13 13:16:20.632747,2026-01-13 13:16:20.632749,f
1331,명륜동,5113010600,강원특별자치도,2026-01-13 13:16:20.641258,2026-01-13 13:16:20.641265,f
1332,단구동,5113010700,강원특별자치도,2026-01-13 13:16:20.646145,2026-01-13 13:16:20.646148,f
1333,일산동,5113010800,강원특별자치도,2026-01-13 13:16:20.650323,2026-01-13 13:16:20.650325,f
1334,학성동,5113010900,강원특별자치도,2026-01-13 13:16:20.654317,2026-01-13 13:16:20.654319,f
1335,단계동,5113011000,강원특별자치도,2026-01-13 13:16:20.659494,2026-01-13 13:16:20.659497,f
1336,우산동,5113011100,강원특별자치도,2026-01-13 13:16:20.6654,2026-01-13 13:16:20.665402,f
1337,태장동,5113011200,강원특별자치도,2026-01-13 13:16:20.670207,2026-01-13 13:16:20.67021,f
1338,봉산동,5113011300,강원특별자치도,2026-01-13 13:16:20.674813,2026-01-13 13:16:20.674817,f
1339,행구동,5113011400,강원특별자치도,2026-01-13 13:16:20.679249,2026-01-13 13:16:20.679252,f
1340,무실동,5113011500,강원특별자치도,2026-01-13 13:16:20.684215,2026-01-13 13:16:20.684217,f
1341,관설동,5113011600,강원특별자치도,2026-01-13 13:16:20.688818,2026-01-13 13:16:20.68882,f
1342,반곡동,5113011700,강원특별자치도,2026-01-13 13:16:20.697741,2026-01-13 13:16:20.697744,f
1343,가현동,5113011800,강원특별자치도,2026-01-13 13:16:20.704627,2026-01-13 13:16:20.70463,f
1344,문막읍,5113025000,강원특별자치도,2026-01-13 13:16:20.711331,2026-01-13 13:16:20.711334,f
1345,문막리,5113025021,강원특별자치도,2026-01-13 13:16:20.717633,2026-01-13 13:16:20.717637,f
1346,동화리,5113025022,강원특별자치도,2026-01-13 13:16:20.728067,2026-01-13 13:16:20.72807,f
1347,비두리,5113025023,강원특별자치도,2026-01-13 13:16:20.733721,2026-01-13 13:16:20.733723,f
1348,취병리,5113025024,강원특별자치도,2026-01-13 13:16:20.738326,2026-01-13 13:16:20.73833,f
1349,궁촌리,5113025025,강원특별자치도,2026-01-13 13:16:20.74404,2026-01-13 13:16:20.744043,f
1350,건등리,5113025026,강원특별자치도,2026-01-13 13:16:20.749037,2026-01-13 13:16:20.74904,f
1351,후용리,5113025027,강원특별자치도,2026-01-13 13:16:20.758107,2026-01-13 13:16:20.758113,f
1352,포진리,5113025028,강원특별자치도,2026-01-13 13:16:20.768111,2026-01-13 13:16:20.768118,f
1353,반계리,5113025029,강원특별자치도,2026-01-13 13:16:20.77678,2026-01-13 13:16:20.776783,f
1354,대둔리,5113025030,강원특별자치도,2026-01-13 13:16:20.786843,2026-01-13 13:16:20.786848,f
1355,소초면,5113031000,강원특별자치도,2026-01-13 13:16:20.792723,2026-01-13 13:16:20.792728,f
1356,평장리,5113031021,강원특별자치도,2026-01-13 13:16:20.801094,2026-01-13 13:16:20.801097,f
1357,의관리,5113031022,강원특별자치도,2026-01-13 13:16:20.807193,2026-01-13 13:16:20.807198,f
1358,장양리,5113031023,강원특별자치도,2026-01-13 13:16:20.816505,2026-01-13 13:16:20.816507,f
1359,흥양리,5113031024,강원특별자치도,2026-01-13 13:16:20.825116,2026-01-13 13:16:20.825123,f
1360,수암리,5113031025,강원특별자치도,2026-01-13 13:16:20.832492,2026-01-13 13:16:20.832496,f
1361,교항리,5113031026,강원특별자치도,2026-01-13 13:16:20.839368,2026-01-13 13:16:20.83937,f
1362,신동면,5111033000,강원특별자치도,2026-01-13 13:16:20.845583,2026-01-13 13:16:20.845588,f
1363,의암리,5111033021,강원특별자치도,2026-01-13 13:16:20.850406,2026-01-13 13:16:20.850408,f
1364,팔미리,5111033022,강원특별자치도,2026-01-13 13:16:20.855497,2026-01-13 13:16:20.855499,f
1365,혈동리,5111033023,강원특별자치도,2026-01-13 13:16:20.860888,2026-01-13 13:16:20.86089,f
1366,증리,5111033024,강원특별자치도,2026-01-13 13:16:20.866543,2026-01-13 13:16:20.866545,f
1367,정족리,5111033025,강원특별자치도,2026-01-13 13:16:20.872323,2026-01-13 13:16:20.872325,f
1368,남면,5111034000,강원특별자치도,2026-01-13 13:16:20.880193,2026-01-13 13:16:20.880199,f
1369,관천리,5111034021,강원특별자치도,2026-01-13 13:16:20.888228,2026-01-13 13:16:20.888231,f
1370,박암리,5111034022,강원특별자치도,2026-01-13 13:16:20.893908,2026-01-13 13:16:20.89391,f
1371,가정리,5111034023,강원특별자치도,2026-01-13 13:16:20.901765,2026-01-13 13:16:20.90177,f
1372,발산리,5111034024,강원특별자치도,2026-01-13 13:16:20.90734,2026-01-13 13:16:20.907345,f
1373,후동리,5111034025,강원특별자치도,2026-01-13 13:16:20.912127,2026-01-13 13:16:20.91213,f
1374,추곡리,5111034026,강원특별자치도,2026-01-13 13:16:20.916821,2026-01-13 13:16:20.916823,f
1375,한덕리,5111034027,강원특별자치도,2026-01-13 13:16:20.923082,2026-01-13 13:16:20.923084,f
1376,서면,5111035000,강원특별자치도,2026-01-13 13:16:20.929677,2026-01-13 13:16:20.92968,f
1377,현암리,5111035021,강원특별자치도,2026-01-13 13:16:20.934828,2026-01-13 13:16:20.934831,f
1378,금산리,5111035022,강원특별자치도,2026-01-13 13:16:20.939658,2026-01-13 13:16:20.939661,f
1379,신매리,5111035023,강원특별자치도,2026-01-13 13:16:20.946649,2026-01-13 13:16:20.946652,f
1380,서상리,5111035024,강원특별자치도,2026-01-13 13:16:20.951519,2026-01-13 13:16:20.951522,f
1381,오월리,5111035025,강원특별자치도,2026-01-13 13:16:20.96265,2026-01-13 13:16:20.962654,f
1382,월송리,5111035026,강원특별자치도,2026-01-13 13:16:20.971632,2026-01-13 13:16:20.971634,f
1383,방동리,5111035027,강원특별자치도,2026-01-13 13:16:20.976415,2026-01-13 13:16:20.976417,f
1384,덕두원리,5111035028,강원특별자치도,2026-01-13 13:16:20.983316,2026-01-13 13:16:20.983319,f
1385,당림리,5111035029,강원특별자치도,2026-01-13 13:16:20.990842,2026-01-13 13:16:20.99085,f
1386,안보리,5111035030,강원특별자치도,2026-01-13 13:16:20.998399,2026-01-13 13:16:20.998402,f
1387,사북면,5111036000,강원특별자치도,2026-01-13 13:16:21.004717,2026-01-13 13:16:21.00472,f
1388,신포리,5111036021,강원특별자치도,2026-01-13 13:16:21.00953,2026-01-13 13:16:21.009533,f
1389,지촌리,5111036022,강원특별자치도,2026-01-13 13:16:21.015951,2026-01-13 13:16:21.015954,f
1390,오탄리,5111036023,강원특별자치도,2026-01-13 13:16:21.020819,2026-01-13 13:16:21.020822,f
1391,가일리,5111036024,강원특별자치도,2026-01-13 13:16:21.026442,2026-01-13 13:16:21.026445,f
1392,원평리,5111036025,강원특별자치도,2026-01-13 13:16:21.031547,2026-01-13 13:16:21.031549,f
1393,지암리,5111036026,강원특별자치도,2026-01-13 13:16:21.036689,2026-01-13 13:16:21.036691,f
1394,고탄리,5111036027,강원특별자치도,2026-01-13 13:16:21.044926,2026-01-13 13:16:21.044929,f
1395,고성리,5111036028,강원특별자치도,2026-01-13 13:16:21.049607,2026-01-13 13:16:21.04961,f
1396,송암리,5111036029,강원특별자치도,2026-01-13 13:16:21.058621,2026-01-13 13:16:21.058623,f
1397,인람리,5111036030,강원특별자치도,2026-01-13 13:16:21.063839,2026-01-13 13:16:21.063842,f
1398,북산면,5111038000,강원특별자치도,2026-01-13 13:16:21.067851,2026-01-13 13:16:21.067853,f
1399,내평리,5111038021,강원특별자치도,2026-01-13 13:16:21.076046,2026-01-13 13:16:21.076051,f
1400,청평리,5111038022,강원특별자치도,2026-01-13 13:16:21.081896,2026-01-13 13:16:21.0819,f
1401,부귀리,5111038023,강원특별자치도,2026-01-13 13:16:21.086556,2026-01-13 13:16:21.086558,f
1402,추곡리,5111038024,강원특별자치도,2026-01-13 13:16:21.090788,2026-01-13 13:16:21.090791,f
1403,오항리,5111038025,강원특별자치도,2026-01-13 13:16:21.096073,2026-01-13 13:16:21.096076,f
1404,물로리,5111038026,강원특별자치도,2026-01-13 13:16:21.104127,2026-01-13 13:16:21.104131,f
1405,조교리,5111038027,강원특별자치도,2026-01-13 13:16:21.108925,2026-01-13 13:16:21.108927,f
1406,대동리,5111038028,강원특별자치도,2026-01-13 13:16:21.113037,2026-01-13 13:16:21.113041,f
1407,대곡리,5111038029,강원특별자치도,2026-01-13 13:16:21.121402,2026-01-13 13:16:21.121434,f
1408,추전리,5111038030,강원특별자치도,2026-01-13 13:16:21.13336,2026-01-13 13:16:21.133363,f
1409,동내면,5111039000,강원특별자치도,2026-01-13 13:16:21.138041,2026-01-13 13:16:21.138043,f
1410,거두리,5111039021,강원특별자치도,2026-01-13 13:16:21.144711,2026-01-13 13:16:21.144712,f
1411,신촌리,5111039022,강원특별자치도,2026-01-13 13:16:21.149059,2026-01-13 13:16:21.149062,f
1412,고은리,5111039023,강원특별자치도,2026-01-13 13:16:21.154362,2026-01-13 13:16:21.154366,f
1413,사암리,5111039024,강원특별자치도,2026-01-13 13:16:21.165481,2026-01-13 13:16:21.165485,f
1414,학곡리,5111039025,강원특별자치도,2026-01-13 13:16:21.176073,2026-01-13 13:16:21.176079,f
1415,남산면,5111040000,강원특별자치도,2026-01-13 13:16:21.183606,2026-01-13 13:16:21.183609,f
1416,광판리,5111040022,강원특별자치도,2026-01-13 13:16:21.190724,2026-01-13 13:16:21.190726,f
1417,행촌리,5111040023,강원특별자치도,2026-01-13 13:16:21.195365,2026-01-13 13:16:21.195367,f
1418,수동리,5111040024,강원특별자치도,2026-01-13 13:16:21.200964,2026-01-13 13:16:21.200967,f
1419,조양동,5111010800,강원특별자치도,2026-01-13 13:16:21.206323,2026-01-13 13:16:21.206325,f
1420,죽림동,5111010900,강원특별자치도,2026-01-13 13:16:21.211254,2026-01-13 13:16:21.211256,f
1421,운교동,5111011000,강원특별자치도,2026-01-13 13:16:21.218913,2026-01-13 13:16:21.218916,f
1422,약사동,5111011100,강원특별자치도,2026-01-13 13:16:21.224891,2026-01-13 13:16:21.224894,f
1423,효자동,5111011200,강원특별자치도,2026-01-13 13:16:21.229024,2026-01-13 13:16:21.229026,f
1424,소양로1가,5111011300,강원특별자치도,2026-01-13 13:16:21.23371,2026-01-13 13:16:21.233713,f
1425,소양로2가,5111011400,강원특별자치도,2026-01-13 13:16:21.238451,2026-01-13 13:16:21.238453,f
1426,소양로3가,5111011500,강원특별자치도,2026-01-13 13:16:21.248354,2026-01-13 13:16:21.248356,f
1427,소양로4가,5111011600,강원특별자치도,2026-01-13 13:16:21.253289,2026-01-13 13:16:21.253291,f
1428,근화동,5111011700,강원특별자치도,2026-01-13 13:16:21.257391,2026-01-13 13:16:21.257395,f
1429,우두동,5111011800,강원특별자치도,2026-01-13 13:16:21.264285,2026-01-13 13:16:21.26429,f
1430,사농동,5111011900,강원특별자치도,2026-01-13 13:16:21.270388,2026-01-13 13:16:21.27039,f
1431,후평동,5111012000,강원특별자치도,2026-01-13 13:16:21.278599,2026-01-13 13:16:21.278604,f
1432,온의동,5111012100,강원특별자치도,2026-01-13 13:16:21.291458,2026-01-13 13:16:21.291469,f
1433,교동,5111012200,강원특별자치도,2026-01-13 13:16:21.301441,2026-01-13 13:16:21.301447,f
1434,퇴계동,5111012300,강원특별자치도,2026-01-13 13:16:21.31147,2026-01-13 13:16:21.311473,f
1435,석사동,5111012400,강원특별자치도,2026-01-13 13:16:21.316068,2026-01-13 13:16:21.31607,f
1436,삼천동,5111012500,강원특별자치도,2026-01-13 13:16:21.320917,2026-01-13 13:16:21.320919,f
1437,칠전동,5111012600,강원특별자치도,2026-01-13 13:16:21.32655,2026-01-13 13:16:21.326555,f
1438,송암동,5111012700,강원특별자치도,2026-01-13 13:16:21.332558,2026-01-13 13:16:21.332561,f
1439,신동,5111012800,강원특별자치도,2026-01-13 13:16:21.337584,2026-01-13 13:16:21.337587,f
1440,중도동,5111012900,강원특별자치도,2026-01-13 13:16:21.344069,2026-01-13 13:16:21.344072,f
1441,신북읍,5111025000,강원특별자치도,2026-01-13 13:16:21.348537,2026-01-13 13:16:21.348539,f
1442,율문리,5111025021,강원특별자치도,2026-01-13 13:16:21.353702,2026-01-13 13:16:21.353707,f
1443,천전리,5111025022,강원특별자치도,2026-01-13 13:16:21.361098,2026-01-13 13:16:21.3611,f
1444,유포리,5111025023,강원특별자치도,2026-01-13 13:16:21.3659,2026-01-13 13:16:21.365902,f
1445,산천리,5111025024,강원특별자치도,2026-01-13 13:16:21.371385,2026-01-13 13:16:21.371387,f
1446,발산리,5111025025,강원특별자치도,2026-01-13 13:16:21.375856,2026-01-13 13:16:21.375859,f
1447,지내리,5111025026,강원특별자치도,2026-01-13 13:16:21.381903,2026-01-13 13:16:21.381907,f
1448,용산리,5111025027,강원특별자치도,2026-01-13 13:16:21.386826,2026-01-13 13:16:21.386828,f
1449,동면,5111031000,강원특별자치도,2026-01-13 13:16:21.39316,2026-01-13 13:16:21.393164,f
1450,지내리,5111031021,강원특별자치도,2026-01-13 13:16:21.400596,2026-01-13 13:16:21.400599,f
1451,만천리,5111031022,강원특별자치도,2026-01-13 13:16:21.405843,2026-01-13 13:16:21.405846,f
1452,장학리,5111031023,강원특별자치도,2026-01-13 13:16:21.409967,2026-01-13 13:16:21.409969,f
1453,감정리,5111031024,강원특별자치도,2026-01-13 13:16:21.415455,2026-01-13 13:16:21.415457,f
1454,월곡리,5111031025,강원특별자치도,2026-01-13 13:16:21.421147,2026-01-13 13:16:21.42115,f
1455,품안리,5111031026,강원특별자치도,2026-01-13 13:16:21.425931,2026-01-13 13:16:21.425933,f
1456,품걸리,5111031027,강원특별자치도,2026-01-13 13:16:21.430358,2026-01-13 13:16:21.430361,f
1457,신이리,5111031028,강원특별자치도,2026-01-13 13:16:21.438482,2026-01-13 13:16:21.438484,f
1458,평촌리,5111031029,강원특별자치도,2026-01-13 13:16:21.445076,2026-01-13 13:16:21.445079,f
1459,상걸리,5111031030,강원특별자치도,2026-01-13 13:16:21.449812,2026-01-13 13:16:21.449814,f
1460,동산면,5111032000,강원특별자치도,2026-01-13 13:16:21.454121,2026-01-13 13:16:21.454123,f
1461,조양리,5111032021,강원특별자치도,2026-01-13 13:16:21.458836,2026-01-13 13:16:21.458841,f
1462,봉명리,5111032022,강원특별자치도,2026-01-13 13:16:21.464316,2026-01-13 13:16:21.464318,f
1463,원창리,5111032023,강원특별자치도,2026-01-13 13:16:21.468891,2026-01-13 13:16:21.468894,f
1464,군자리,5111032024,강원특별자치도,2026-01-13 13:16:21.47596,2026-01-13 13:16:21.475968,f
1465,강원특별자치도,5100000000,강원특별자치도,2026-01-13 13:16:21.490739,2026-01-13 13:16:21.49075,f
1466,춘천시,5111000000,강원특별자치도,2026-01-13 13:16:21.503548,2026-01-13 13:16:21.503554,f
1467,봉의동,5111010100,강원특별자치도,2026-01-13 13:16:21.509711,2026-01-13 13:16:21.509715,f
1468,요선동,5111010200,강원특별자치도,2026-01-13 13:16:21.515776,2026-01-13 13:16:21.51578,f
1469,낙원동,5111010300,강원특별자치도,2026-01-13 13:16:21.523832,2026-01-13 13:16:21.523836,f
1470,중앙로1가,5111010400,강원특별자치도,2026-01-13 13:16:21.531381,2026-01-13 13:16:21.531385,f
1471,중앙로2가,5111010500,강원특별자치도,2026-01-13 13:16:21.536858,2026-01-13 13:16:21.536862,f
1472,중앙로3가,5111010600,강원특별자치도,2026-01-13 13:16:21.544591,2026-01-13 13:16:21.544593,f
1473,옥천동,5111010700,강원특별자치도,2026-01-13 13:16:21.549615,2026-01-13 13:16:21.549618,f
1474,상사창동,4145012000,경기도,2026-01-13 13:16:21.554368,2026-01-13 13:16:21.554371,f
1475,하사창동,4145011900,경기도,2026-01-13 13:16:21.559751,2026-01-13 13:16:21.559757,f
1476,춘궁동,4145011800,경기도,2026-01-13 13:16:21.565654,2026-01-13 13:16:21.565658,f
1477,경기도,4100000000,경기도,2026-01-13 13:16:21.570067,2026-01-13 13:16:21.570069,f
1478,신동,4111710600,경기도,2026-01-13 13:16:21.574339,2026-01-13 13:16:21.574342,f
1479,망포동,4111710700,경기도,2026-01-13 13:16:21.579138,2026-01-13 13:16:21.579141,f
1480,성남시,4113000000,경기도,2026-01-13 13:16:21.585733,2026-01-13 13:16:21.585737,f
1481,하동,4111710400,경기도,2026-01-13 13:16:21.591723,2026-01-13 13:16:21.591728,f
1482,영통동,4111710500,경기도,2026-01-13 13:16:21.597673,2026-01-13 13:16:21.597676,f
1483,원천동,4111710200,경기도,2026-01-13 13:16:21.602553,2026-01-13 13:16:21.602557,f
1484,이의동,4111710300,경기도,2026-01-13 13:16:21.608293,2026-01-13 13:16:21.608296,f
1485,영통구,4111700000,경기도,2026-01-13 13:16:21.612335,2026-01-13 13:16:21.612337,f
1486,매탄동,4111710100,경기도,2026-01-13 13:16:21.61686,2026-01-13 13:16:21.616863,f
1487,교산동,4145011700,경기도,2026-01-13 13:16:21.622637,2026-01-13 13:16:21.62264,f
1488,수원시,4111000000,경기도,2026-01-13 13:16:21.627358,2026-01-13 13:16:21.62736,f
1489,우만동,4111514000,경기도,2026-01-13 13:16:21.632834,2026-01-13 13:16:21.632838,f
1490,인계동,4111514100,경기도,2026-01-13 13:16:21.638994,2026-01-13 13:16:21.638998,f
1491,학암동,4145011600,경기도,2026-01-13 13:16:21.644406,2026-01-13 13:16:21.644409,f
1492,장안구,4111100000,경기도,2026-01-13 13:16:21.648993,2026-01-13 13:16:21.648995,f
1493,화서동,4111513800,경기도,2026-01-13 13:16:21.654478,2026-01-13 13:16:21.654481,f
1494,지동,4111513900,경기도,2026-01-13 13:16:21.659351,2026-01-13 13:16:21.659356,f
1495,파장동,4111112900,경기도,2026-01-13 13:16:21.665274,2026-01-13 13:16:21.665276,f
1496,정자동,4111113000,경기도,2026-01-13 13:16:21.670069,2026-01-13 13:16:21.670072,f
1497,이목동,4111113100,경기도,2026-01-13 13:16:21.675777,2026-01-13 13:16:21.675781,f
1498,율전동,4111113200,경기도,2026-01-13 13:16:21.680803,2026-01-13 13:16:21.680806,f
1499,천천동,4111113300,경기도,2026-01-13 13:16:21.685531,2026-01-13 13:16:21.685534,f
1500,영화동,4111113400,경기도,2026-01-13 13:16:21.690565,2026-01-13 13:16:21.690568,f
1501,송죽동,4111113500,경기도,2026-01-13 13:16:21.695179,2026-01-13 13:16:21.695181,f
1502,조원동,4111113600,경기도,2026-01-13 13:16:21.700667,2026-01-13 13:16:21.700672,f
1503,연무동,4111113700,경기도,2026-01-13 13:16:21.705889,2026-01-13 13:16:21.705891,f
1504,상광교동,4111113800,경기도,2026-01-13 13:16:21.71041,2026-01-13 13:16:21.710412,f
1505,하광교동,4111113900,경기도,2026-01-13 13:16:21.715641,2026-01-13 13:16:21.715644,f
1506,권선구,4111300000,경기도,2026-01-13 13:16:21.720446,2026-01-13 13:16:21.720448,f
1507,세류동,4111312600,경기도,2026-01-13 13:16:21.724707,2026-01-13 13:16:21.72471,f
1508,평동,4111312700,경기도,2026-01-13 13:16:21.728879,2026-01-13 13:16:21.72888,f
1509,고색동,4111312800,경기도,2026-01-13 13:16:21.733621,2026-01-13 13:16:21.733623,f
1510,오목천동,4111312900,경기도,2026-01-13 13:16:21.737923,2026-01-13 13:16:21.737925,f
1511,평리동,4111313000,경기도,2026-01-13 13:16:21.742682,2026-01-13 13:16:21.742686,f
1512,서둔동,4111313100,경기도,2026-01-13 13:16:21.746691,2026-01-13 13:16:21.746694,f
1513,구운동,4111313200,경기도,2026-01-13 13:16:21.75088,2026-01-13 13:16:21.750884,f
1514,탑동,4111313300,경기도,2026-01-13 13:16:21.756892,2026-01-13 13:16:21.756895,f
1515,매산로3가,4111513600,경기도,2026-01-13 13:16:21.76265,2026-01-13 13:16:21.762652,f
1516,고등동,4111513700,경기도,2026-01-13 13:16:21.766903,2026-01-13 13:16:21.766905,f
1517,감이동,4145011500,경기도,2026-01-13 13:16:21.771657,2026-01-13 13:16:21.771659,f
1518,금곡동,4111313400,경기도,2026-01-13 13:16:21.775749,2026-01-13 13:16:21.775752,f
1519,호매실동,4111313500,경기도,2026-01-13 13:16:21.779447,2026-01-13 13:16:21.779449,f
1520,곡반정동,4111313600,경기도,2026-01-13 13:16:21.784829,2026-01-13 13:16:21.784832,f
1521,권선동,4111313700,경기도,2026-01-13 13:16:21.789053,2026-01-13 13:16:21.789055,f
1522,장지동,4111313800,경기도,2026-01-13 13:16:21.793316,2026-01-13 13:16:21.793318,f
1523,대황교동,4111313900,경기도,2026-01-13 13:16:21.800124,2026-01-13 13:16:21.800126,f
1524,입북동,4111314000,경기도,2026-01-13 13:16:21.808298,2026-01-13 13:16:21.808304,f
1525,당수동,4111314100,경기도,2026-01-13 13:16:21.818729,2026-01-13 13:16:21.818734,f
1526,팔달구,4111500000,경기도,2026-01-13 13:16:21.828258,2026-01-13 13:16:21.828264,f
1527,팔달로1가,4111512000,경기도,2026-01-13 13:16:21.835363,2026-01-13 13:16:21.835365,f
1528,팔달로2가,4111512100,경기도,2026-01-13 13:16:21.840392,2026-01-13 13:16:21.840394,f
1529,팔달로3가,4111512200,경기도,2026-01-13 13:16:21.84517,2026-01-13 13:16:21.845172,f
1530,남창동,4111512300,경기도,2026-01-13 13:16:21.850295,2026-01-13 13:16:21.850297,f
1531,영동,4111512400,경기도,2026-01-13 13:16:21.854689,2026-01-13 13:16:21.854691,f
1532,중동,4111512500,경기도,2026-01-13 13:16:21.85882,2026-01-13 13:16:21.858823,f
1533,구천동,4111512600,경기도,2026-01-13 13:16:21.864493,2026-01-13 13:16:21.864496,f
1534,남수동,4111512700,경기도,2026-01-13 13:16:21.868921,2026-01-13 13:16:21.868923,f
1535,매향동,4111512800,경기도,2026-01-13 13:16:21.87318,2026-01-13 13:16:21.873182,f
1536,북수동,4111512900,경기도,2026-01-13 13:16:21.878037,2026-01-13 13:16:21.878039,f
1537,신풍동,4111513000,경기도,2026-01-13 13:16:21.883525,2026-01-13 13:16:21.883527,f
1538,장안동,4111513100,경기도,2026-01-13 13:16:21.888137,2026-01-13 13:16:21.888139,f
1539,교동,4111513200,경기도,2026-01-13 13:16:21.892824,2026-01-13 13:16:21.892829,f
1540,매교동,4111513300,경기도,2026-01-13 13:16:21.897366,2026-01-13 13:16:21.897369,f
1541,매산로1가,4111513400,경기도,2026-01-13 13:16:21.902149,2026-01-13 13:16:21.902152,f
1542,매산로2가,4111513500,경기도,2026-01-13 13:16:21.907219,2026-01-13 13:16:21.907222,f
1543,수정구,4113100000,경기도,2026-01-13 13:16:21.911515,2026-01-13 13:16:21.911518,f
1544,신흥동,4113110100,경기도,2026-01-13 13:16:21.916867,2026-01-13 13:16:21.916869,f
1545,태평동,4113110200,경기도,2026-01-13 13:16:21.921575,2026-01-13 13:16:21.921577,f
1546,수진동,4113110300,경기도,2026-01-13 13:16:21.926404,2026-01-13 13:16:21.926406,f
1547,단대동,4113110400,경기도,2026-01-13 13:16:21.930508,2026-01-13 13:16:21.93051,f
1548,산성동,4113110500,경기도,2026-01-13 13:16:21.93455,2026-01-13 13:16:21.934552,f
1549,양지동,4113110600,경기도,2026-01-13 13:16:21.939307,2026-01-13 13:16:21.939309,f
1550,복정동,4113110700,경기도,2026-01-13 13:16:21.946299,2026-01-13 13:16:21.946303,f
1551,창곡동,4113110800,경기도,2026-01-13 13:16:21.950913,2026-01-13 13:16:21.950915,f
1552,신촌동,4113110900,경기도,2026-01-13 13:16:21.955095,2026-01-13 13:16:21.955097,f
1553,오야동,4113111000,경기도,2026-01-13 13:16:21.959679,2026-01-13 13:16:21.959684,f
1554,심곡동,4113111100,경기도,2026-01-13 13:16:21.968574,2026-01-13 13:16:21.968578,f
1555,고등동,4113111200,경기도,2026-01-13 13:16:21.974761,2026-01-13 13:16:21.974765,f
1556,상적동,4113111300,경기도,2026-01-13 13:16:21.980044,2026-01-13 13:16:21.980048,f
1557,둔전동,4113111400,경기도,2026-01-13 13:16:21.985781,2026-01-13 13:16:21.985786,f
1558,시흥동,4113111500,경기도,2026-01-13 13:16:21.990885,2026-01-13 13:16:21.990887,f
1559,금토동,4113111600,경기도,2026-01-13 13:16:21.99663,2026-01-13 13:16:21.996634,f
1560,사송동,4113111700,경기도,2026-01-13 13:16:22.003098,2026-01-13 13:16:22.003101,f
1561,중원구,4113300000,경기도,2026-01-13 13:16:22.007472,2026-01-13 13:16:22.007473,f
1562,성남동,4113310100,경기도,2026-01-13 13:16:22.0119,2026-01-13 13:16:22.011902,f
1563,금광동,4113310300,경기도,2026-01-13 13:16:22.016458,2026-01-13 13:16:22.01646,f
1564,은행동,4113310400,경기도,2026-01-13 13:16:22.022111,2026-01-13 13:16:22.022117,f
1565,상대원동,4113310500,경기도,2026-01-13 13:16:22.026591,2026-01-13 13:16:22.026593,f
1566,여수동,4113310600,경기도,2026-01-13 13:16:22.03064,2026-01-13 13:16:22.030643,f
1567,도촌동,4113310700,경기도,2026-01-13 13:16:22.036397,2026-01-13 13:16:22.036403,f
1568,갈현동,4113310800,경기도,2026-01-13 13:16:22.044497,2026-01-13 13:16:22.044501,f
1569,하대원동,4113310900,경기도,2026-01-13 13:16:22.049405,2026-01-13 13:16:22.049407,f
1570,중앙동,4113313200,경기도,2026-01-13 13:16:22.057644,2026-01-13 13:16:22.057647,f
1571,분당구,4113500000,경기도,2026-01-13 13:16:22.062482,2026-01-13 13:16:22.062485,f
1572,분당동,4113510100,경기도,2026-01-13 13:16:22.06766,2026-01-13 13:16:22.067663,f
1573,수내동,4113510200,경기도,2026-01-13 13:16:22.072209,2026-01-13 13:16:22.072211,f
1574,정자동,4113510300,경기도,2026-01-13 13:16:22.076471,2026-01-13 13:16:22.076473,f
1575,율동,4113510400,경기도,2026-01-13 13:16:22.080473,2026-01-13 13:16:22.080476,f
1576,서현동,4113510500,경기도,2026-01-13 13:16:22.085348,2026-01-13 13:16:22.085351,f
1577,이매동,4113510600,경기도,2026-01-13 13:16:22.090473,2026-01-13 13:16:22.090474,f
1578,야탑동,4113510700,경기도,2026-01-13 13:16:22.095348,2026-01-13 13:16:22.09535,f
1579,판교동,4113510800,경기도,2026-01-13 13:16:22.099617,2026-01-13 13:16:22.099619,f
1580,삼평동,4113510900,경기도,2026-01-13 13:16:22.105368,2026-01-13 13:16:22.105371,f
1581,백현동,4113511000,경기도,2026-01-13 13:16:22.110481,2026-01-13 13:16:22.110483,f
1582,금곡동,4113511100,경기도,2026-01-13 13:16:22.115052,2026-01-13 13:16:22.115055,f
1583,궁내동,4113511200,경기도,2026-01-13 13:16:22.119194,2026-01-13 13:16:22.119198,f
1584,동원동,4113511300,경기도,2026-01-13 13:16:22.123924,2026-01-13 13:16:22.123926,f
1585,구미동,4113511400,경기도,2026-01-13 13:16:22.128974,2026-01-13 13:16:22.128976,f
1586,운중동,4113511500,경기도,2026-01-13 13:16:22.133433,2026-01-13 13:16:22.133435,f
1587,대장동,4113511600,경기도,2026-01-13 13:16:22.139143,2026-01-13 13:16:22.139147,f
1588,선동,4145011200,경기도,2026-01-13 13:16:22.145651,2026-01-13 13:16:22.145658,f
1589,감북동,4145011300,경기도,2026-01-13 13:16:22.150443,2026-01-13 13:16:22.150446,f
1590,감일동,4145011400,경기도,2026-01-13 13:16:22.15536,2026-01-13 13:16:22.155363,f
1591,석운동,4113511700,경기도,2026-01-13 13:16:22.16186,2026-01-13 13:16:22.161863,f
1592,하산운동,4113511800,경기도,2026-01-13 13:16:22.169164,2026-01-13 13:16:22.169171,f
1593,의정부시,4115000000,경기도,2026-01-13 13:16:22.175493,2026-01-13 13:16:22.175502,f
1594,의정부동,4115010100,경기도,2026-01-13 13:16:22.198469,2026-01-13 13:16:22.198478,f
1595,호원동,4115010200,경기도,2026-01-13 13:16:22.211312,2026-01-13 13:16:22.211318,f
1596,장암동,4115010300,경기도,2026-01-13 13:16:22.224793,2026-01-13 13:16:22.224805,f
1597,신곡동,4115010400,경기도,2026-01-13 13:16:22.242223,2026-01-13 13:16:22.242229,f
1598,용현동,4115010500,경기도,2026-01-13 13:16:22.256177,2026-01-13 13:16:22.256182,f
1599,민락동,4115010600,경기도,2026-01-13 13:16:22.26242,2026-01-13 13:16:22.262422,f
1600,낙양동,4115010700,경기도,2026-01-13 13:16:22.267855,2026-01-13 13:16:22.267858,f
1601,자일동,4115010800,경기도,2026-01-13 13:16:22.273598,2026-01-13 13:16:22.2736,f
1602,금오동,4115010900,경기도,2026-01-13 13:16:22.278061,2026-01-13 13:16:22.278062,f
1603,가능동,4115011000,경기도,2026-01-13 13:16:22.28359,2026-01-13 13:16:22.283595,f
1604,녹양동,4115011100,경기도,2026-01-13 13:16:22.291479,2026-01-13 13:16:22.291484,f
1605,고산동,4115011200,경기도,2026-01-13 13:16:22.295974,2026-01-13 13:16:22.295977,f
1606,산곡동,4115011300,경기도,2026-01-13 13:16:22.300185,2026-01-13 13:16:22.300187,f
1607,안양시,4117000000,경기도,2026-01-13 13:16:22.306171,2026-01-13 13:16:22.306173,f
1608,만안구,4117100000,경기도,2026-01-13 13:16:22.310822,2026-01-13 13:16:22.310825,f
1609,안양동,4117110100,경기도,2026-01-13 13:16:22.315502,2026-01-13 13:16:22.315504,f
1610,석수동,4117110200,경기도,2026-01-13 13:16:22.319669,2026-01-13 13:16:22.319675,f
1611,박달동,4117110300,경기도,2026-01-13 13:16:22.325076,2026-01-13 13:16:22.325079,f
1612,동안구,4117300000,경기도,2026-01-13 13:16:22.332861,2026-01-13 13:16:22.332863,f
1613,망월동,4145010900,경기도,2026-01-13 13:16:22.33936,2026-01-13 13:16:22.339363,f
1614,풍산동,4145011000,경기도,2026-01-13 13:16:22.34429,2026-01-13 13:16:22.344292,f
1615,미사동,4145011100,경기도,2026-01-13 13:16:22.34932,2026-01-13 13:16:22.349322,f
1616,비산동,4117310100,경기도,2026-01-13 13:16:22.354214,2026-01-13 13:16:22.354217,f
1617,관양동,4117310200,경기도,2026-01-13 13:16:22.358166,2026-01-13 13:16:22.358169,f
1618,평촌동,4117310300,경기도,2026-01-13 13:16:22.366354,2026-01-13 13:16:22.366358,f
1619,호계동,4117310400,경기도,2026-01-13 13:16:22.373978,2026-01-13 13:16:22.37398,f
1620,부천시,4119000000,경기도,2026-01-13 13:16:22.379494,2026-01-13 13:16:22.379496,f
1621,신장동,4145010600,경기도,2026-01-13 13:16:22.384185,2026-01-13 13:16:22.384187,f
1622,당정동,4145010700,경기도,2026-01-13 13:16:22.388541,2026-01-13 13:16:22.388543,f
1623,덕풍동,4145010800,경기도,2026-01-13 13:16:22.393132,2026-01-13 13:16:22.393137,f
1624,광명시,4121000000,경기도,2026-01-13 13:16:22.397619,2026-01-13 13:16:22.397622,f
1625,광명동,4121010100,경기도,2026-01-13 13:16:22.402366,2026-01-13 13:16:22.402369,f
1626,철산동,4121010200,경기도,2026-01-13 13:16:22.407178,2026-01-13 13:16:22.40718,f
1627,하안동,4121010300,경기도,2026-01-13 13:16:22.411758,2026-01-13 13:16:22.41176,f
1628,소하동,4121010400,경기도,2026-01-13 13:16:22.416332,2026-01-13 13:16:22.416334,f
1629,노온사동,4121010500,경기도,2026-01-13 13:16:22.42057,2026-01-13 13:16:22.420575,f
1630,일직동,4121010600,경기도,2026-01-13 13:16:22.4262,2026-01-13 13:16:22.426208,f
1631,가학동,4121010700,경기도,2026-01-13 13:16:22.433533,2026-01-13 13:16:22.433536,f
1632,배알미동,4145010400,경기도,2026-01-13 13:16:22.439615,2026-01-13 13:16:22.439619,f
1633,상산곡동,4145010500,경기도,2026-01-13 13:16:22.450801,2026-01-13 13:16:22.450808,f
1634,옥길동,4121010800,경기도,2026-01-13 13:16:22.46648,2026-01-13 13:16:22.466486,f
1635,평택시,4122000000,경기도,2026-01-13 13:16:22.476377,2026-01-13 13:16:22.476382,f
1636,서정동,4122010100,경기도,2026-01-13 13:16:22.482338,2026-01-13 13:16:22.48234,f
1637,장당동,4122010200,경기도,2026-01-13 13:16:22.48827,2026-01-13 13:16:22.488274,f
1638,모곡동,4122010300,경기도,2026-01-13 13:16:22.495265,2026-01-13 13:16:22.495267,f
1639,칠괴동,4122010400,경기도,2026-01-13 13:16:22.499794,2026-01-13 13:16:22.499796,f
1640,칠원동,4122010500,경기도,2026-01-13 13:16:22.505679,2026-01-13 13:16:22.505681,f
1641,도일동,4122010600,경기도,2026-01-13 13:16:22.510074,2026-01-13 13:16:22.510076,f
1642,가재동,4122010700,경기도,2026-01-13 13:16:22.514009,2026-01-13 13:16:22.514012,f
1643,장안동,4122010800,경기도,2026-01-13 13:16:22.517912,2026-01-13 13:16:22.517914,f
1644,이충동,4122010900,경기도,2026-01-13 13:16:22.522501,2026-01-13 13:16:22.522503,f
1645,지산동,4122011000,경기도,2026-01-13 13:16:22.527435,2026-01-13 13:16:22.527439,f
1646,독곡동,4122011100,경기도,2026-01-13 13:16:22.532765,2026-01-13 13:16:22.532767,f
1647,신장동,4122011200,경기도,2026-01-13 13:16:22.536747,2026-01-13 13:16:22.536749,f
1648,평택동,4122011300,경기도,2026-01-13 13:16:22.540528,2026-01-13 13:16:22.540529,f
1649,통복동,4122011400,경기도,2026-01-13 13:16:22.545425,2026-01-13 13:16:22.545427,f
1650,군문동,4122011500,경기도,2026-01-13 13:16:22.549839,2026-01-13 13:16:22.549841,f
1651,유천동,4122011600,경기도,2026-01-13 13:16:22.55552,2026-01-13 13:16:22.555522,f
1652,합정동,4122011700,경기도,2026-01-13 13:16:22.56166,2026-01-13 13:16:22.561663,f
1653,비전동,4122011800,경기도,2026-01-13 13:16:22.566827,2026-01-13 13:16:22.566829,f
1654,동삭동,4122011900,경기도,2026-01-13 13:16:22.572072,2026-01-13 13:16:22.572074,f
1655,세교동,4122012000,경기도,2026-01-13 13:16:22.577932,2026-01-13 13:16:22.577936,f
1656,지제동,4122012100,경기도,2026-01-13 13:16:22.584862,2026-01-13 13:16:22.584865,f
1657,신대동,4122012200,경기도,2026-01-13 13:16:22.593347,2026-01-13 13:16:22.593351,f
1658,소사동,4122012300,경기도,2026-01-13 13:16:22.599696,2026-01-13 13:16:22.5997,f
1659,용이동,4122012400,경기도,2026-01-13 13:16:22.608729,2026-01-13 13:16:22.608736,f
1660,월곡동,4122012500,경기도,2026-01-13 13:16:22.620983,2026-01-13 13:16:22.620992,f
1661,청룡동,4122012600,경기도,2026-01-13 13:16:22.637475,2026-01-13 13:16:22.637481,f
1662,죽백동,4122012700,경기도,2026-01-13 13:16:22.644856,2026-01-13 13:16:22.644858,f
1663,팽성읍,4122025000,경기도,2026-01-13 13:16:22.652068,2026-01-13 13:16:22.652072,f
1664,객사리,4122025021,경기도,2026-01-13 13:16:22.66393,2026-01-13 13:16:22.663941,f
1665,남산리,4122025022,경기도,2026-01-13 13:16:22.677182,2026-01-13 13:16:22.677187,f
1666,추팔리,4122025023,경기도,2026-01-13 13:16:22.684539,2026-01-13 13:16:22.684541,f
1667,노와리,4122025024,경기도,2026-01-13 13:16:22.68944,2026-01-13 13:16:22.689443,f
1668,평궁리,4122025025,경기도,2026-01-13 13:16:22.696147,2026-01-13 13:16:22.69615,f
1669,신궁리,4122025026,경기도,2026-01-13 13:16:22.701223,2026-01-13 13:16:22.701226,f
1670,두리,4122025027,경기도,2026-01-13 13:16:22.707367,2026-01-13 13:16:22.70737,f
1671,신호리,4122025028,경기도,2026-01-13 13:16:22.712232,2026-01-13 13:16:22.712234,f
1672,근내리,4122025029,경기도,2026-01-13 13:16:22.717599,2026-01-13 13:16:22.717603,f
1673,석봉리,4122025030,경기도,2026-01-13 13:16:22.723524,2026-01-13 13:16:22.723526,f
1674,원정리,4122025031,경기도,2026-01-13 13:16:22.728701,2026-01-13 13:16:22.728703,f
1675,도두리,4122025032,경기도,2026-01-13 13:16:22.733565,2026-01-13 13:16:22.733567,f
1676,함정리,4122025033,경기도,2026-01-13 13:16:22.738776,2026-01-13 13:16:22.738779,f
1677,신대리,4122025034,경기도,2026-01-13 13:16:22.745027,2026-01-13 13:16:22.74503,f
1678,본정리,4122025035,경기도,2026-01-13 13:16:22.75204,2026-01-13 13:16:22.752043,f
1679,노양리,4122025036,경기도,2026-01-13 13:16:22.757505,2026-01-13 13:16:22.757507,f
1680,노성리,4122025037,경기도,2026-01-13 13:16:22.763283,2026-01-13 13:16:22.763285,f
1681,두정리,4122025038,경기도,2026-01-13 13:16:22.768611,2026-01-13 13:16:22.768614,f
1682,석근리,4122025039,경기도,2026-01-13 13:16:22.774157,2026-01-13 13:16:22.774159,f
1683,대사리,4122025040,경기도,2026-01-13 13:16:22.780131,2026-01-13 13:16:22.780134,f
1684,안정리,4122025041,경기도,2026-01-13 13:16:22.788314,2026-01-13 13:16:22.788316,f
1685,동창리,4122025042,경기도,2026-01-13 13:16:22.79389,2026-01-13 13:16:22.793898,f
1686,내리,4122025043,경기도,2026-01-13 13:16:22.801136,2026-01-13 13:16:22.801139,f
1687,대추리,4122025044,경기도,2026-01-13 13:16:22.806826,2026-01-13 13:16:22.806828,f
1688,송화리,4122025045,경기도,2026-01-13 13:16:22.813104,2026-01-13 13:16:22.813106,f
1689,천현동,4145010100,경기도,2026-01-13 13:16:22.818569,2026-01-13 13:16:22.81857,f
1690,하산곡동,4145010200,경기도,2026-01-13 13:16:22.824065,2026-01-13 13:16:22.824068,f
1691,창우동,4145010300,경기도,2026-01-13 13:16:22.830042,2026-01-13 13:16:22.830047,f
1692,안중읍,4122025300,경기도,2026-01-13 13:16:22.83535,2026-01-13 13:16:22.835352,f
1693,안중리,4122025321,경기도,2026-01-13 13:16:22.840961,2026-01-13 13:16:22.840963,f
1694,학현리,4122025322,경기도,2026-01-13 13:16:22.847668,2026-01-13 13:16:22.847688,f
1695,금곡리,4122025323,경기도,2026-01-13 13:16:22.853258,2026-01-13 13:16:22.853261,f
1696,대반리,4122025324,경기도,2026-01-13 13:16:22.858088,2026-01-13 13:16:22.858091,f
1697,삼정리,4122025325,경기도,2026-01-13 13:16:22.863953,2026-01-13 13:16:22.863958,f
1698,용성리,4122025326,경기도,2026-01-13 13:16:22.870018,2026-01-13 13:16:22.870022,f
1699,덕우리,4122025327,경기도,2026-01-13 13:16:22.875803,2026-01-13 13:16:22.875808,f
1700,성해리,4122025328,경기도,2026-01-13 13:16:22.882109,2026-01-13 13:16:22.882113,f
1701,송담리,4122025329,경기도,2026-01-13 13:16:22.888673,2026-01-13 13:16:22.888677,f
1702,현화리,4122025330,경기도,2026-01-13 13:16:22.895147,2026-01-13 13:16:22.89515,f
1703,포승읍,4122025600,경기도,2026-01-13 13:16:22.900626,2026-01-13 13:16:22.90063,f
1704,내기리,4122025621,경기도,2026-01-13 13:16:22.907018,2026-01-13 13:16:22.907027,f
1705,도곡리,4122025622,경기도,2026-01-13 13:16:22.912482,2026-01-13 13:16:22.912484,f
1706,원정리,4122025623,경기도,2026-01-13 13:16:22.917052,2026-01-13 13:16:22.917054,f
1707,만호리,4122025624,경기도,2026-01-13 13:16:22.922555,2026-01-13 13:16:22.922557,f
1708,희곡리,4122025625,경기도,2026-01-13 13:16:22.928582,2026-01-13 13:16:22.928585,f
1709,신영리,4122025626,경기도,2026-01-13 13:16:22.933668,2026-01-13 13:16:22.933671,f
1710,방림리,4122025627,경기도,2026-01-13 13:16:22.938376,2026-01-13 13:16:22.938379,f
1711,석정리,4122025628,경기도,2026-01-13 13:16:22.944105,2026-01-13 13:16:22.94411,f
1712,홍원리,4122025629,경기도,2026-01-13 13:16:22.95197,2026-01-13 13:16:22.951972,f
1713,청북읍,4122025900,경기도,2026-01-13 13:16:22.957131,2026-01-13 13:16:22.957134,f
1714,현곡리,4122025921,경기도,2026-01-13 13:16:22.962325,2026-01-13 13:16:22.962328,f
1715,삼계리,4122025922,경기도,2026-01-13 13:16:22.967543,2026-01-13 13:16:22.967546,f
1716,고잔리,4122025923,경기도,2026-01-13 13:16:22.973005,2026-01-13 13:16:22.973007,f
1717,옥길리,4122025924,경기도,2026-01-13 13:16:22.977751,2026-01-13 13:16:22.977753,f
1718,후사리,4122025925,경기도,2026-01-13 13:16:22.982915,2026-01-13 13:16:22.982917,f
1719,토진리,4122025926,경기도,2026-01-13 13:16:22.98992,2026-01-13 13:16:22.989925,f
1720,백봉리,4122025927,경기도,2026-01-13 13:16:22.995949,2026-01-13 13:16:22.995952,f
1721,어연리,4122025928,경기도,2026-01-13 13:16:23.001759,2026-01-13 13:16:23.001762,f
1722,율북리,4122025929,경기도,2026-01-13 13:16:23.006904,2026-01-13 13:16:23.006907,f
1723,한산리,4122025930,경기도,2026-01-13 13:16:23.012021,2026-01-13 13:16:23.012025,f
1724,어소리,4122025931,경기도,2026-01-13 13:16:23.016886,2026-01-13 13:16:23.016888,f
1725,고렴리,4122025932,경기도,2026-01-13 13:16:23.022251,2026-01-13 13:16:23.022254,f
1726,진위면,4122031000,경기도,2026-01-13 13:16:23.028043,2026-01-13 13:16:23.028045,f
1727,봉남리,4122031021,경기도,2026-01-13 13:16:23.033204,2026-01-13 13:16:23.033206,f
1728,마산리,4122031022,경기도,2026-01-13 13:16:23.038867,2026-01-13 13:16:23.03887,f
1729,은산리,4122031023,경기도,2026-01-13 13:16:23.044745,2026-01-13 13:16:23.044749,f
1730,동천리,4122031024,경기도,2026-01-13 13:16:23.051069,2026-01-13 13:16:23.051074,f
1731,고현리,4122031025,경기도,2026-01-13 13:16:23.063406,2026-01-13 13:16:23.063409,f
1732,청호리,4122031026,경기도,2026-01-13 13:16:23.073309,2026-01-13 13:16:23.073313,f
1733,갈곶리,4122031027,경기도,2026-01-13 13:16:23.078999,2026-01-13 13:16:23.079001,f
1734,야막리,4122031028,경기도,2026-01-13 13:16:23.084019,2026-01-13 13:16:23.084021,f
1735,가곡리,4122031029,경기도,2026-01-13 13:16:23.089137,2026-01-13 13:16:23.089139,f
1736,견산리,4122031030,경기도,2026-01-13 13:16:23.094773,2026-01-13 13:16:23.094776,f
1737,하북리,4122031031,경기도,2026-01-13 13:16:23.100979,2026-01-13 13:16:23.100982,f
1738,신리,4122031032,경기도,2026-01-13 13:16:23.106836,2026-01-13 13:16:23.106838,f
1739,서탄면,4122032000,경기도,2026-01-13 13:16:23.1115,2026-01-13 13:16:23.111503,f
1740,금암리,4122032021,경기도,2026-01-13 13:16:23.116905,2026-01-13 13:16:23.116907,f
1741,사리,4122032022,경기도,2026-01-13 13:16:23.121923,2026-01-13 13:16:23.121927,f
1742,수월암리,4122032023,경기도,2026-01-13 13:16:23.126431,2026-01-13 13:16:23.126433,f
1743,내천리,4122032024,경기도,2026-01-13 13:16:23.130335,2026-01-13 13:16:23.130338,f
1744,마두리,4122032025,경기도,2026-01-13 13:16:23.13455,2026-01-13 13:16:23.134552,f
1745,회화리,4122032026,경기도,2026-01-13 13:16:23.138652,2026-01-13 13:16:23.138653,f
1746,적봉리,4122032027,경기도,2026-01-13 13:16:23.144303,2026-01-13 13:16:23.144305,f
1747,장등리,4122032028,경기도,2026-01-13 13:16:23.148925,2026-01-13 13:16:23.148927,f
1748,금각리,4122032029,경기도,2026-01-13 13:16:23.152872,2026-01-13 13:16:23.152874,f
1749,황구지리,4122032030,경기도,2026-01-13 13:16:23.157266,2026-01-13 13:16:23.157269,f
1750,고덕면,4122033000,경기도,2026-01-13 13:16:23.162256,2026-01-13 13:16:23.162258,f
1751,당현리,4122033021,경기도,2026-01-13 13:16:23.167249,2026-01-13 13:16:23.167252,f
1752,두릉리,4122033022,경기도,2026-01-13 13:16:23.171498,2026-01-13 13:16:23.1715,f
1753,문곡리,4122033023,경기도,2026-01-13 13:16:23.175513,2026-01-13 13:16:23.175515,f
1754,동청리,4122033024,경기도,2026-01-13 13:16:23.179339,2026-01-13 13:16:23.179341,f
1755,해창리,4122033025,경기도,2026-01-13 13:16:23.184683,2026-01-13 13:16:23.184686,f
1756,궁리,4122033026,경기도,2026-01-13 13:16:23.189684,2026-01-13 13:16:23.189686,f
1757,동고리,4122033027,경기도,2026-01-13 13:16:23.195109,2026-01-13 13:16:23.195111,f
1758,하남시,4145000000,경기도,2026-01-13 13:16:23.202054,2026-01-13 13:16:23.202059,f
1759,방축리,4122033028,경기도,2026-01-13 13:16:23.207734,2026-01-13 13:16:23.207736,f
1760,여염리,4122033029,경기도,2026-01-13 13:16:23.212543,2026-01-13 13:16:23.212545,f
1761,좌교리,4122033031,경기도,2026-01-13 13:16:23.21691,2026-01-13 13:16:23.216912,f
1762,오성면,4122034000,경기도,2026-01-13 13:16:23.223791,2026-01-13 13:16:23.223795,f
1763,숙성리,4122034021,경기도,2026-01-13 13:16:23.232668,2026-01-13 13:16:23.232673,f
1764,교포리,4122034022,경기도,2026-01-13 13:16:23.239032,2026-01-13 13:16:23.239034,f
1765,신리,4122034023,경기도,2026-01-13 13:16:23.245777,2026-01-13 13:16:23.245781,f
1766,안화리,4122034024,경기도,2026-01-13 13:16:23.251257,2026-01-13 13:16:23.25126,f
1767,양교리,4122034025,경기도,2026-01-13 13:16:23.255958,2026-01-13 13:16:23.25596,f
1768,죽리,4122034026,경기도,2026-01-13 13:16:23.260281,2026-01-13 13:16:23.260284,f
1769,길음리,4122034027,경기도,2026-01-13 13:16:23.2657,2026-01-13 13:16:23.265703,f
1770,당거리,4122034028,경기도,2026-01-13 13:16:23.270867,2026-01-13 13:16:23.270869,f
1771,창내리,4122034029,경기도,2026-01-13 13:16:23.275198,2026-01-13 13:16:23.275201,f
1772,현덕면,4122037000,경기도,2026-01-13 13:16:23.28115,2026-01-13 13:16:23.281156,f
1773,도대리,4122037021,경기도,2026-01-13 13:16:23.286864,2026-01-13 13:16:23.286868,f
1774,운정리,4122037022,경기도,2026-01-13 13:16:23.291957,2026-01-13 13:16:23.291959,f
1775,화양리,4122037023,경기도,2026-01-13 13:16:23.29634,2026-01-13 13:16:23.296341,f
1776,황산리,4122037024,경기도,2026-01-13 13:16:23.301005,2026-01-13 13:16:23.301007,f
1777,인광리,4122037025,경기도,2026-01-13 13:16:23.306718,2026-01-13 13:16:23.306722,f
1778,덕목리,4122037026,경기도,2026-01-13 13:16:23.31208,2026-01-13 13:16:23.312082,f
1779,신왕리,4122037027,경기도,2026-01-13 13:16:23.317474,2026-01-13 13:16:23.317477,f
1780,대안리,4122037028,경기도,2026-01-13 13:16:23.323931,2026-01-13 13:16:23.323934,f
1781,기산리,4122037029,경기도,2026-01-13 13:16:23.329563,2026-01-13 13:16:23.329565,f
1782,권관리,4122037030,경기도,2026-01-13 13:16:23.334539,2026-01-13 13:16:23.334541,f
1783,장수리,4122037031,경기도,2026-01-13 13:16:23.33922,2026-01-13 13:16:23.339222,f
1784,방축리,4122037032,경기도,2026-01-13 13:16:23.344931,2026-01-13 13:16:23.344934,f
1785,초평동,4143011100,경기도,2026-01-13 13:16:23.3504,2026-01-13 13:16:23.350402,f
1786,동두천시,4125000000,경기도,2026-01-13 13:16:23.355709,2026-01-13 13:16:23.355711,f
1787,송내동,4125010100,경기도,2026-01-13 13:16:23.361511,2026-01-13 13:16:23.361514,f
1788,지행동,4125010200,경기도,2026-01-13 13:16:23.367567,2026-01-13 13:16:23.367571,f
1789,생연동,4125010300,경기도,2026-01-13 13:16:23.374229,2026-01-13 13:16:23.374232,f
1790,광암동,4125010400,경기도,2026-01-13 13:16:23.379354,2026-01-13 13:16:23.379357,f
1791,걸산동,4125010500,경기도,2026-01-13 13:16:23.389397,2026-01-13 13:16:23.389401,f
1792,보산동,4125010600,경기도,2026-01-13 13:16:23.395323,2026-01-13 13:16:23.395325,f
1793,동두천동,4125010700,경기도,2026-01-13 13:16:23.401321,2026-01-13 13:16:23.401325,f
1794,안흥동,4125010800,경기도,2026-01-13 13:16:23.406862,2026-01-13 13:16:23.406864,f
1795,상봉암동,4125010900,경기도,2026-01-13 13:16:23.412005,2026-01-13 13:16:23.412007,f
1796,하봉암동,4125011000,경기도,2026-01-13 13:16:23.418165,2026-01-13 13:16:23.418168,f
1797,탑동동,4125011100,경기도,2026-01-13 13:16:23.423408,2026-01-13 13:16:23.42341,f
1798,상패동,4125011200,경기도,2026-01-13 13:16:23.428946,2026-01-13 13:16:23.428949,f
1799,안산시,4127000000,경기도,2026-01-13 13:16:23.43377,2026-01-13 13:16:23.433773,f
1800,포일동,4143010900,경기도,2026-01-13 13:16:23.439731,2026-01-13 13:16:23.439735,f
1801,월암동,4143011000,경기도,2026-01-13 13:16:23.445038,2026-01-13 13:16:23.445041,f
1802,상록구,4127100000,경기도,2026-01-13 13:16:23.450079,2026-01-13 13:16:23.450082,f
1803,일동,4127110100,경기도,2026-01-13 13:16:23.454409,2026-01-13 13:16:23.454411,f
1804,이동,4127110200,경기도,2026-01-13 13:16:23.458533,2026-01-13 13:16:23.458536,f
1805,사동,4127110300,경기도,2026-01-13 13:16:23.463492,2026-01-13 13:16:23.463496,f
1806,본오동,4127110400,경기도,2026-01-13 13:16:23.469829,2026-01-13 13:16:23.469833,f
1807,팔곡이동,4127110500,경기도,2026-01-13 13:16:23.474976,2026-01-13 13:16:23.474979,f
1808,양상동,4127110600,경기도,2026-01-13 13:16:23.481205,2026-01-13 13:16:23.481209,f
1809,부곡동,4127110700,경기도,2026-01-13 13:16:23.4948,2026-01-13 13:16:23.494807,f
1810,성포동,4127110800,경기도,2026-01-13 13:16:23.500537,2026-01-13 13:16:23.50054,f
1811,월피동,4127110900,경기도,2026-01-13 13:16:23.508537,2026-01-13 13:16:23.508542,f
1812,팔곡일동,4127111000,경기도,2026-01-13 13:16:23.514334,2026-01-13 13:16:23.514336,f
1813,건건동,4127111100,경기도,2026-01-13 13:16:23.518949,2026-01-13 13:16:23.518955,f
1814,사사동,4127111200,경기도,2026-01-13 13:16:23.527315,2026-01-13 13:16:23.527321,f
1815,수암동,4127111300,경기도,2026-01-13 13:16:23.536514,2026-01-13 13:16:23.536517,f
1816,장상동,4127111400,경기도,2026-01-13 13:16:23.541154,2026-01-13 13:16:23.541156,f
1817,장하동,4127111500,경기도,2026-01-13 13:16:23.546564,2026-01-13 13:16:23.546566,f
1818,단원구,4127300000,경기도,2026-01-13 13:16:23.551122,2026-01-13 13:16:23.551124,f
1819,고잔동,4127310100,경기도,2026-01-13 13:16:23.55568,2026-01-13 13:16:23.555683,f
1820,와동,4127310200,경기도,2026-01-13 13:16:23.56289,2026-01-13 13:16:23.562892,f
1821,신길동,4127310300,경기도,2026-01-13 13:16:23.56916,2026-01-13 13:16:23.569163,f
1822,성곡동,4127310400,경기도,2026-01-13 13:16:23.573769,2026-01-13 13:16:23.57377,f
1823,원시동,4127310500,경기도,2026-01-13 13:16:23.57794,2026-01-13 13:16:23.577942,f
1824,목내동,4127310600,경기도,2026-01-13 13:16:23.582257,2026-01-13 13:16:23.582261,f
1825,초지동,4127310700,경기도,2026-01-13 13:16:23.587572,2026-01-13 13:16:23.587576,f
1826,원곡동,4127310800,경기도,2026-01-13 13:16:23.592664,2026-01-13 13:16:23.592668,f
1827,선부동,4127310900,경기도,2026-01-13 13:16:23.598756,2026-01-13 13:16:23.598764,f
1828,대부동동,4127311000,경기도,2026-01-13 13:16:23.60529,2026-01-13 13:16:23.605293,f
1829,대부북동,4127311100,경기도,2026-01-13 13:16:23.612837,2026-01-13 13:16:23.612839,f
1830,대부남동,4127311200,경기도,2026-01-13 13:16:23.61829,2026-01-13 13:16:23.618292,f
1831,선감동,4127311300,경기도,2026-01-13 13:16:23.623126,2026-01-13 13:16:23.623128,f
1832,풍도동,4127311400,경기도,2026-01-13 13:16:23.628349,2026-01-13 13:16:23.628351,f
1833,화정동,4127311500,경기도,2026-01-13 13:16:23.63582,2026-01-13 13:16:23.635824,f
1834,고양시,4128000000,경기도,2026-01-13 13:16:23.640959,2026-01-13 13:16:23.640963,f
1835,구문천리,4159025925,경기도,2026-01-13 13:16:23.646396,2026-01-13 13:16:23.646399,f
1836,하길리,4159025926,경기도,2026-01-13 13:16:23.650864,2026-01-13 13:16:23.650867,f
1837,덕양구,4128100000,경기도,2026-01-13 13:16:23.655706,2026-01-13 13:16:23.655708,f
1838,주교동,4128110100,경기도,2026-01-13 13:16:23.660351,2026-01-13 13:16:23.660353,f
1839,원당동,4128110200,경기도,2026-01-13 13:16:23.666155,2026-01-13 13:16:23.666159,f
1840,신원동,4128110300,경기도,2026-01-13 13:16:23.671773,2026-01-13 13:16:23.671776,f
1841,원흥동,4128110400,경기도,2026-01-13 13:16:23.677168,2026-01-13 13:16:23.677171,f
1842,도내동,4128110500,경기도,2026-01-13 13:16:23.683968,2026-01-13 13:16:23.683971,f
1843,성사동,4128110600,경기도,2026-01-13 13:16:23.69002,2026-01-13 13:16:23.690022,f
1844,북한동,4128110700,경기도,2026-01-13 13:16:23.698931,2026-01-13 13:16:23.698937,f
1845,효자동,4128110800,경기도,2026-01-13 13:16:23.709027,2026-01-13 13:16:23.709032,f
1846,지축동,4128110900,경기도,2026-01-13 13:16:23.714949,2026-01-13 13:16:23.714955,f
1847,오금동,4128111000,경기도,2026-01-13 13:16:23.72018,2026-01-13 13:16:23.720184,f
1848,삼송동,4128111100,경기도,2026-01-13 13:16:23.725106,2026-01-13 13:16:23.725109,f
1849,동산동,4128111200,경기도,2026-01-13 13:16:23.73489,2026-01-13 13:16:23.734895,f
1850,용두동,4128111300,경기도,2026-01-13 13:16:23.743093,2026-01-13 13:16:23.743097,f
1851,벽제동,4128111400,경기도,2026-01-13 13:16:23.751147,2026-01-13 13:16:23.75115,f
1852,선유동,4128111500,경기도,2026-01-13 13:16:23.757626,2026-01-13 13:16:23.757629,f
1853,고양동,4128111600,경기도,2026-01-13 13:16:23.76314,2026-01-13 13:16:23.763143,f
1854,대자동,4128111700,경기도,2026-01-13 13:16:23.769419,2026-01-13 13:16:23.769423,f
1855,관산동,4128111800,경기도,2026-01-13 13:16:23.775636,2026-01-13 13:16:23.775639,f
1856,내유동,4128111900,경기도,2026-01-13 13:16:23.78021,2026-01-13 13:16:23.780213,f
1857,토당동,4128112000,경기도,2026-01-13 13:16:23.785314,2026-01-13 13:16:23.785317,f
1858,내곡동,4128112100,경기도,2026-01-13 13:16:23.790343,2026-01-13 13:16:23.790345,f
1859,대장동,4128112200,경기도,2026-01-13 13:16:23.795065,2026-01-13 13:16:23.795067,f
1860,화정동,4128112300,경기도,2026-01-13 13:16:23.800539,2026-01-13 13:16:23.800543,f
1861,강매동,4128112400,경기도,2026-01-13 13:16:23.807021,2026-01-13 13:16:23.807024,f
1862,행주내동,4128112500,경기도,2026-01-13 13:16:23.811759,2026-01-13 13:16:23.811762,f
1863,행주외동,4128112600,경기도,2026-01-13 13:16:23.816373,2026-01-13 13:16:23.816376,f
1864,신평동,4128112700,경기도,2026-01-13 13:16:23.820897,2026-01-13 13:16:23.820901,f
1865,행신동,4128112800,경기도,2026-01-13 13:16:23.827745,2026-01-13 13:16:23.827749,f
1866,화전동,4128112900,경기도,2026-01-13 13:16:23.833044,2026-01-13 13:16:23.833048,f
1867,현천동,4128113000,경기도,2026-01-13 13:16:23.837831,2026-01-13 13:16:23.837835,f
1868,덕은동,4128113100,경기도,2026-01-13 13:16:23.845348,2026-01-13 13:16:23.845353,f
1869,향동동,4128113200,경기도,2026-01-13 13:16:23.851094,2026-01-13 13:16:23.851095,f
1870,제암리,4159025923,경기도,2026-01-13 13:16:23.855955,2026-01-13 13:16:23.855957,f
1871,상신리,4159025924,경기도,2026-01-13 13:16:23.860925,2026-01-13 13:16:23.860928,f
1872,일산동구,4128500000,경기도,2026-01-13 13:16:23.867578,2026-01-13 13:16:23.867582,f
1873,식사동,4128510100,경기도,2026-01-13 13:16:23.87468,2026-01-13 13:16:23.874683,f
1874,중산동,4128510200,경기도,2026-01-13 13:16:23.879463,2026-01-13 13:16:23.879465,f
1875,정발산동,4128510300,경기도,2026-01-13 13:16:23.887663,2026-01-13 13:16:23.887668,f
1876,장항동,4128510400,경기도,2026-01-13 13:16:23.895973,2026-01-13 13:16:23.895975,f
1877,마두동,4128510500,경기도,2026-01-13 13:16:23.900385,2026-01-13 13:16:23.900387,f
1878,백석동,4128510600,경기도,2026-01-13 13:16:23.906847,2026-01-13 13:16:23.906852,f
1879,풍동,4128510700,경기도,2026-01-13 13:16:23.913951,2026-01-13 13:16:23.913955,f
1880,산황동,4128510800,경기도,2026-01-13 13:16:23.919431,2026-01-13 13:16:23.919434,f
1881,사리현동,4128510900,경기도,2026-01-13 13:16:23.924206,2026-01-13 13:16:23.924208,f
1882,지영동,4128511000,경기도,2026-01-13 13:16:23.929167,2026-01-13 13:16:23.929172,f
1883,설문동,4128511100,경기도,2026-01-13 13:16:23.93409,2026-01-13 13:16:23.934092,f
1884,문봉동,4128511200,경기도,2026-01-13 13:16:23.938535,2026-01-13 13:16:23.938537,f
1885,성석동,4128511300,경기도,2026-01-13 13:16:23.943011,2026-01-13 13:16:23.943013,f
1886,일산서구,4128700000,경기도,2026-01-13 13:16:23.946742,2026-01-13 13:16:23.946745,f
1887,일산동,4128710100,경기도,2026-01-13 13:16:23.952146,2026-01-13 13:16:23.952149,f
1888,주엽동,4128710200,경기도,2026-01-13 13:16:23.956708,2026-01-13 13:16:23.95671,f
1889,탄현동,4128710300,경기도,2026-01-13 13:16:23.961067,2026-01-13 13:16:23.96107,f
1890,대화동,4128710400,경기도,2026-01-13 13:16:23.967198,2026-01-13 13:16:23.9672,f
1891,덕이동,4128710500,경기도,2026-01-13 13:16:23.972716,2026-01-13 13:16:23.972718,f
1892,가좌동,4128710600,경기도,2026-01-13 13:16:23.97691,2026-01-13 13:16:23.976911,f
1893,구산동,4128710700,경기도,2026-01-13 13:16:23.980814,2026-01-13 13:16:23.980818,f
1894,법곳동,4128710800,경기도,2026-01-13 13:16:23.985067,2026-01-13 13:16:23.985069,f
1895,과천시,4129000000,경기도,2026-01-13 13:16:23.995034,2026-01-13 13:16:23.99504,f
1896,관문동,4129010100,경기도,2026-01-13 13:16:24.00748,2026-01-13 13:16:24.007484,f
1897,문원동,4129010200,경기도,2026-01-13 13:16:24.01888,2026-01-13 13:16:24.018884,f
1898,갈현동,4129010300,경기도,2026-01-13 13:16:24.024578,2026-01-13 13:16:24.024582,f
1899,막계동,4129010400,경기도,2026-01-13 13:16:24.032292,2026-01-13 13:16:24.032299,f
1900,과천동,4129010500,경기도,2026-01-13 13:16:24.038315,2026-01-13 13:16:24.038319,f
1901,주암동,4129010600,경기도,2026-01-13 13:16:24.046166,2026-01-13 13:16:24.046168,f
1902,중앙동,4129010700,경기도,2026-01-13 13:16:24.051845,2026-01-13 13:16:24.051847,f
1903,원문동,4129010800,경기도,2026-01-13 13:16:24.057622,2026-01-13 13:16:24.057624,f
1904,별양동,4129010900,경기도,2026-01-13 13:16:24.062904,2026-01-13 13:16:24.062906,f
1905,부림동,4129011000,경기도,2026-01-13 13:16:24.068468,2026-01-13 13:16:24.06847,f
1906,구리시,4131000000,경기도,2026-01-13 13:16:24.074503,2026-01-13 13:16:24.074507,f
1907,갈매동,4131010100,경기도,2026-01-13 13:16:24.079408,2026-01-13 13:16:24.07941,f
1908,사노동,4131010200,경기도,2026-01-13 13:16:24.085347,2026-01-13 13:16:24.085349,f
1909,인창동,4131010300,경기도,2026-01-13 13:16:24.091591,2026-01-13 13:16:24.091596,f
1910,교문동,4131010400,경기도,2026-01-13 13:16:24.096367,2026-01-13 13:16:24.09637,f
1911,수택동,4131010500,경기도,2026-01-13 13:16:24.101919,2026-01-13 13:16:24.101922,f
1912,아천동,4131010600,경기도,2026-01-13 13:16:24.107416,2026-01-13 13:16:24.107417,f
1913,토평동,4131010700,경기도,2026-01-13 13:16:24.113297,2026-01-13 13:16:24.1133,f
1914,평리,4159025921,경기도,2026-01-13 13:16:24.118835,2026-01-13 13:16:24.118837,f
1915,발안리,4159025922,경기도,2026-01-13 13:16:24.124997,2026-01-13 13:16:24.125001,f
1916,남양주시,4136000000,경기도,2026-01-13 13:16:24.133589,2026-01-13 13:16:24.133598,f
1917,호평동,4136010100,경기도,2026-01-13 13:16:24.143168,2026-01-13 13:16:24.143174,f
1918,평내동,4136010200,경기도,2026-01-13 13:16:24.152315,2026-01-13 13:16:24.152319,f
1919,금곡동,4136010300,경기도,2026-01-13 13:16:24.159597,2026-01-13 13:16:24.159604,f
1920,일패동,4136010400,경기도,2026-01-13 13:16:24.168915,2026-01-13 13:16:24.168921,f
1921,이패동,4136010500,경기도,2026-01-13 13:16:24.17845,2026-01-13 13:16:24.178456,f
1922,삼패동,4136010600,경기도,2026-01-13 13:16:24.19217,2026-01-13 13:16:24.192174,f
1923,수석동,4136010800,경기도,2026-01-13 13:16:24.200131,2026-01-13 13:16:24.200135,f
1924,지금동,4136010900,경기도,2026-01-13 13:16:24.206172,2026-01-13 13:16:24.206177,f
1925,도농동,4136011000,경기도,2026-01-13 13:16:24.212453,2026-01-13 13:16:24.212455,f
1926,별내동,4136011100,경기도,2026-01-13 13:16:24.218336,2026-01-13 13:16:24.218338,f
1927,다산동,4136011200,경기도,2026-01-13 13:16:24.223185,2026-01-13 13:16:24.223188,f
1928,와부읍,4136025000,경기도,2026-01-13 13:16:24.22863,2026-01-13 13:16:24.228633,f
1929,덕소리,4136025021,경기도,2026-01-13 13:16:24.233692,2026-01-13 13:16:24.233694,f
1930,도곡리,4136025022,경기도,2026-01-13 13:16:24.238277,2026-01-13 13:16:24.238279,f
1931,팔당리,4136025023,경기도,2026-01-13 13:16:24.242873,2026-01-13 13:16:24.242878,f
1932,월문리,4136025024,경기도,2026-01-13 13:16:24.24916,2026-01-13 13:16:24.249169,f
1933,율석리,4136025025,경기도,2026-01-13 13:16:24.255591,2026-01-13 13:16:24.255594,f
1934,진접읍,4136025300,경기도,2026-01-13 13:16:24.261659,2026-01-13 13:16:24.261662,f
1935,장현리,4136025321,경기도,2026-01-13 13:16:24.267592,2026-01-13 13:16:24.267595,f
1936,내각리,4136025322,경기도,2026-01-13 13:16:24.274629,2026-01-13 13:16:24.274633,f
1937,내곡리,4136025323,경기도,2026-01-13 13:16:24.27921,2026-01-13 13:16:24.279212,f
1938,연평리,4136025324,경기도,2026-01-13 13:16:24.284672,2026-01-13 13:16:24.284674,f
1939,부평리,4136025325,경기도,2026-01-13 13:16:24.290684,2026-01-13 13:16:24.290686,f
1940,팔야리,4136025326,경기도,2026-01-13 13:16:24.295288,2026-01-13 13:16:24.29529,f
1941,진벌리,4136025327,경기도,2026-01-13 13:16:24.299986,2026-01-13 13:16:24.299991,f
1942,금곡리,4136025328,경기도,2026-01-13 13:16:24.305819,2026-01-13 13:16:24.305823,f
1943,화도읍,4136025600,경기도,2026-01-13 13:16:24.311854,2026-01-13 13:16:24.311857,f
1944,마석우리,4136025621,경기도,2026-01-13 13:16:24.317579,2026-01-13 13:16:24.317581,f
1945,묵현리,4136025622,경기도,2026-01-13 13:16:24.322591,2026-01-13 13:16:24.322594,f
1946,가곡리,4136025623,경기도,2026-01-13 13:16:24.328886,2026-01-13 13:16:24.328889,f
1947,구암리,4136025624,경기도,2026-01-13 13:16:24.338042,2026-01-13 13:16:24.338048,f
1948,금남리,4136025625,경기도,2026-01-13 13:16:24.34484,2026-01-13 13:16:24.344847,f
1949,답내리,4136025626,경기도,2026-01-13 13:16:24.351763,2026-01-13 13:16:24.351765,f
1950,월산리,4136025627,경기도,2026-01-13 13:16:24.356314,2026-01-13 13:16:24.356317,f
1951,창현리,4136025628,경기도,2026-01-13 13:16:24.360908,2026-01-13 13:16:24.360911,f
1952,국화리,4159025633,경기도,2026-01-13 13:16:24.367181,2026-01-13 13:16:24.367183,f
1953,향남읍,4159025900,경기도,2026-01-13 13:16:24.373084,2026-01-13 13:16:24.373087,f
1954,녹촌리,4136025629,경기도,2026-01-13 13:16:24.377912,2026-01-13 13:16:24.377914,f
1955,차산리,4136025630,경기도,2026-01-13 13:16:24.385788,2026-01-13 13:16:24.385792,f
1956,진건읍,4136025900,경기도,2026-01-13 13:16:24.394159,2026-01-13 13:16:24.394165,f
1957,사능리,4136025921,경기도,2026-01-13 13:16:24.402565,2026-01-13 13:16:24.402568,f
1958,배양리,4136025922,경기도,2026-01-13 13:16:24.407543,2026-01-13 13:16:24.407545,f
1959,진관리,4136025923,경기도,2026-01-13 13:16:24.41343,2026-01-13 13:16:24.413433,f
1960,신월리,4136025924,경기도,2026-01-13 13:16:24.418146,2026-01-13 13:16:24.418148,f
1961,용정리,4136025925,경기도,2026-01-13 13:16:24.422961,2026-01-13 13:16:24.422963,f
1962,송능리,4136025926,경기도,2026-01-13 13:16:24.427596,2026-01-13 13:16:24.427599,f
1963,오남읍,4136026200,경기도,2026-01-13 13:16:24.432363,2026-01-13 13:16:24.432365,f
1964,양지리,4136026221,경기도,2026-01-13 13:16:24.436027,2026-01-13 13:16:24.436031,f
1965,팔현리,4136026222,경기도,2026-01-13 13:16:24.440083,2026-01-13 13:16:24.440085,f
1966,오남리,4136026223,경기도,2026-01-13 13:16:24.444595,2026-01-13 13:16:24.444597,f
1967,퇴계원읍,4136026500,경기도,2026-01-13 13:16:24.44922,2026-01-13 13:16:24.449223,f
1968,퇴계원리,4136026521,경기도,2026-01-13 13:16:24.453999,2026-01-13 13:16:24.454001,f
1969,별내면,4136031000,경기도,2026-01-13 13:16:24.457782,2026-01-13 13:16:24.457784,f
1970,청학리,4136031021,경기도,2026-01-13 13:16:24.461721,2026-01-13 13:16:24.461724,f
1971,용암리,4136031022,경기도,2026-01-13 13:16:24.466717,2026-01-13 13:16:24.466719,f
1972,광전리,4136031023,경기도,2026-01-13 13:16:24.472064,2026-01-13 13:16:24.472066,f
1973,수동면,4136034000,경기도,2026-01-13 13:16:24.476466,2026-01-13 13:16:24.476468,f
1974,운수리,4136034021,경기도,2026-01-13 13:16:24.481257,2026-01-13 13:16:24.481262,f
1975,지둔리,4136034022,경기도,2026-01-13 13:16:24.487393,2026-01-13 13:16:24.487398,f
1976,수산리,4136034023,경기도,2026-01-13 13:16:24.494156,2026-01-13 13:16:24.494158,f
1977,내방리,4136034024,경기도,2026-01-13 13:16:24.498127,2026-01-13 13:16:24.498129,f
1978,외방리,4136034025,경기도,2026-01-13 13:16:24.502,2026-01-13 13:16:24.502001,f
1979,입석리,4136034026,경기도,2026-01-13 13:16:24.506037,2026-01-13 13:16:24.50604,f
1980,송천리,4136034027,경기도,2026-01-13 13:16:24.510967,2026-01-13 13:16:24.510971,f
1981,조안면,4136036000,경기도,2026-01-13 13:16:24.515192,2026-01-13 13:16:24.515194,f
1982,능내리,4136036021,경기도,2026-01-13 13:16:24.519747,2026-01-13 13:16:24.51975,f
1983,조안리,4136036022,경기도,2026-01-13 13:16:24.525376,2026-01-13 13:16:24.52538,f
1984,진중리,4136036023,경기도,2026-01-13 13:16:24.530923,2026-01-13 13:16:24.530925,f
1985,송촌리,4136036024,경기도,2026-01-13 13:16:24.535671,2026-01-13 13:16:24.535674,f
1986,삼봉리,4136036025,경기도,2026-01-13 13:16:24.540002,2026-01-13 13:16:24.540004,f
1987,시우리,4136036026,경기도,2026-01-13 13:16:24.544595,2026-01-13 13:16:24.544597,f
1988,오산시,4137000000,경기도,2026-01-13 13:16:24.550725,2026-01-13 13:16:24.550727,f
1989,오산동,4137010100,경기도,2026-01-13 13:16:24.560219,2026-01-13 13:16:24.560227,f
1990,부산동,4137010200,경기도,2026-01-13 13:16:24.567949,2026-01-13 13:16:24.567952,f
1991,원동,4137010300,경기도,2026-01-13 13:16:24.573731,2026-01-13 13:16:24.573733,f
1992,궐동,4137010400,경기도,2026-01-13 13:16:24.578313,2026-01-13 13:16:24.578315,f
1993,청학동,4137010500,경기도,2026-01-13 13:16:24.582505,2026-01-13 13:16:24.582508,f
1994,가장동,4137010600,경기도,2026-01-13 13:16:24.586354,2026-01-13 13:16:24.586357,f
1995,금암동,4137010700,경기도,2026-01-13 13:16:24.590801,2026-01-13 13:16:24.590804,f
1996,수청동,4137010800,경기도,2026-01-13 13:16:24.595117,2026-01-13 13:16:24.595119,f
1997,은계동,4137010900,경기도,2026-01-13 13:16:24.598998,2026-01-13 13:16:24.599,f
1998,내삼미동,4137011000,경기도,2026-01-13 13:16:24.604398,2026-01-13 13:16:24.604404,f
1999,외삼미동,4137011100,경기도,2026-01-13 13:16:24.610613,2026-01-13 13:16:24.610617,f
2000,양산동,4137011200,경기도,2026-01-13 13:16:24.616424,2026-01-13 13:16:24.616427,f
2001,세교동,4137011300,경기도,2026-01-13 13:16:24.620486,2026-01-13 13:16:24.620487,f
2002,지곶동,4137011400,경기도,2026-01-13 13:16:24.624219,2026-01-13 13:16:24.624221,f
2003,서랑동,4137011500,경기도,2026-01-13 13:16:24.628594,2026-01-13 13:16:24.628596,f
2004,서동,4137011600,경기도,2026-01-13 13:16:24.633162,2026-01-13 13:16:24.633166,f
2005,벌음동,4137011700,경기도,2026-01-13 13:16:24.637992,2026-01-13 13:16:24.637995,f
2006,화산리,4159025631,경기도,2026-01-13 13:16:24.643323,2026-01-13 13:16:24.643327,f
2007,조암리,4159025632,경기도,2026-01-13 13:16:24.648514,2026-01-13 13:16:24.648518,f
2008,두곡동,4137011800,경기도,2026-01-13 13:16:24.653555,2026-01-13 13:16:24.65356,f
2009,탑동,4137011900,경기도,2026-01-13 13:16:24.657835,2026-01-13 13:16:24.657837,f
2010,누읍동,4137012000,경기도,2026-01-13 13:16:24.662849,2026-01-13 13:16:24.662851,f
2011,가수동,4137012100,경기도,2026-01-13 13:16:24.667284,2026-01-13 13:16:24.667287,f
2012,고현동,4137012200,경기도,2026-01-13 13:16:24.673717,2026-01-13 13:16:24.673719,f
2013,청호동,4137012300,경기도,2026-01-13 13:16:24.678087,2026-01-13 13:16:24.678089,f
2014,갈곶동,4137012400,경기도,2026-01-13 13:16:24.684148,2026-01-13 13:16:24.68415,f
2015,시흥시,4139000000,경기도,2026-01-13 13:16:24.689929,2026-01-13 13:16:24.689931,f
2016,대야동,4139010100,경기도,2026-01-13 13:16:24.69445,2026-01-13 13:16:24.694452,f
2017,신천동,4139010200,경기도,2026-01-13 13:16:24.69961,2026-01-13 13:16:24.699612,f
2018,방산동,4139010300,경기도,2026-01-13 13:16:24.70513,2026-01-13 13:16:24.705136,f
2019,포동,4139010400,경기도,2026-01-13 13:16:24.711187,2026-01-13 13:16:24.711191,f
2020,미산동,4139010500,경기도,2026-01-13 13:16:24.715747,2026-01-13 13:16:24.715749,f
2021,은행동,4139010600,경기도,2026-01-13 13:16:24.720219,2026-01-13 13:16:24.720221,f
2022,안현동,4139010700,경기도,2026-01-13 13:16:24.724099,2026-01-13 13:16:24.7241,f
2023,매화동,4139010800,경기도,2026-01-13 13:16:24.728391,2026-01-13 13:16:24.728393,f
2024,도창동,4139010900,경기도,2026-01-13 13:16:24.733707,2026-01-13 13:16:24.733709,f
2025,금이동,4139011000,경기도,2026-01-13 13:16:24.739748,2026-01-13 13:16:24.73975,f
2026,과림동,4139011200,경기도,2026-01-13 13:16:24.744222,2026-01-13 13:16:24.744224,f
2027,계수동,4139011300,경기도,2026-01-13 13:16:24.748729,2026-01-13 13:16:24.748732,f
2028,화정동,4139011700,경기도,2026-01-13 13:16:24.753816,2026-01-13 13:16:24.753819,f
2029,능곡동,4139011800,경기도,2026-01-13 13:16:24.757918,2026-01-13 13:16:24.757921,f
2030,하중동,4139011900,경기도,2026-01-13 13:16:24.763578,2026-01-13 13:16:24.763581,f
2031,하상동,4139012000,경기도,2026-01-13 13:16:24.768761,2026-01-13 13:16:24.768764,f
2032,광석동,4139012100,경기도,2026-01-13 13:16:24.773486,2026-01-13 13:16:24.773488,f
2033,물왕동,4139012200,경기도,2026-01-13 13:16:24.778177,2026-01-13 13:16:24.778179,f
2034,산현동,4139012300,경기도,2026-01-13 13:16:24.782768,2026-01-13 13:16:24.782771,f
2035,조남동,4139012400,경기도,2026-01-13 13:16:24.790646,2026-01-13 13:16:24.79065,f
2036,논곡동,4139012500,경기도,2026-01-13 13:16:24.797376,2026-01-13 13:16:24.797378,f
2037,목감동,4139012600,경기도,2026-01-13 13:16:24.802102,2026-01-13 13:16:24.802104,f
2038,거모동,4139012700,경기도,2026-01-13 13:16:24.806211,2026-01-13 13:16:24.806213,f
2039,군자동,4139012800,경기도,2026-01-13 13:16:24.812006,2026-01-13 13:16:24.812008,f
2040,장현동,4139012900,경기도,2026-01-13 13:16:24.817049,2026-01-13 13:16:24.817052,f
2041,장곡동,4139013000,경기도,2026-01-13 13:16:24.821682,2026-01-13 13:16:24.821684,f
2042,월곶동,4139013100,경기도,2026-01-13 13:16:24.826861,2026-01-13 13:16:24.826864,f
2043,정왕동,4139013200,경기도,2026-01-13 13:16:24.832672,2026-01-13 13:16:24.832674,f
2044,죽율동,4139013300,경기도,2026-01-13 13:16:24.836847,2026-01-13 13:16:24.836849,f
2045,무지내동,4139013400,경기도,2026-01-13 13:16:24.840857,2026-01-13 13:16:24.840859,f
2046,군포시,4141000000,경기도,2026-01-13 13:16:24.845891,2026-01-13 13:16:24.845893,f
2047,당동,4141010100,경기도,2026-01-13 13:16:24.851262,2026-01-13 13:16:24.851266,f
2048,당정동,4141010200,경기도,2026-01-13 13:16:24.855847,2026-01-13 13:16:24.855849,f
2049,부곡동,4141010300,경기도,2026-01-13 13:16:24.860292,2026-01-13 13:16:24.860294,f
2050,산본동,4141010400,경기도,2026-01-13 13:16:24.864893,2026-01-13 13:16:24.864895,f
2051,금정동,4141010500,경기도,2026-01-13 13:16:24.870274,2026-01-13 13:16:24.870279,f
2052,둔대동,4141010600,경기도,2026-01-13 13:16:24.87508,2026-01-13 13:16:24.875082,f
2053,속달동,4141010700,경기도,2026-01-13 13:16:24.879387,2026-01-13 13:16:24.879389,f
2054,대야미동,4141010800,경기도,2026-01-13 13:16:24.883578,2026-01-13 13:16:24.883581,f
2055,도마교동,4141010900,경기도,2026-01-13 13:16:24.888387,2026-01-13 13:16:24.888389,f
2056,의왕시,4143000000,경기도,2026-01-13 13:16:24.893389,2026-01-13 13:16:24.893391,f
2057,고천동,4143010100,경기도,2026-01-13 13:16:24.897617,2026-01-13 13:16:24.897619,f
2058,이동,4143010200,경기도,2026-01-13 13:16:24.901812,2026-01-13 13:16:24.901814,f
2059,삼동,4143010300,경기도,2026-01-13 13:16:24.906184,2026-01-13 13:16:24.906186,f
2060,왕곡동,4143010400,경기도,2026-01-13 13:16:24.912385,2026-01-13 13:16:24.912387,f
2061,오전동,4143010500,경기도,2026-01-13 13:16:24.916678,2026-01-13 13:16:24.916681,f
2062,이화리,4159025628,경기도,2026-01-13 13:16:24.92091,2026-01-13 13:16:24.920914,f
2063,석천리,4159025629,경기도,2026-01-13 13:16:24.925486,2026-01-13 13:16:24.925489,f
2064,매향리,4159025630,경기도,2026-01-13 13:16:24.930819,2026-01-13 13:16:24.930822,f
2065,학의동,4143010600,경기도,2026-01-13 13:16:24.935355,2026-01-13 13:16:24.935357,f
2066,내손동,4143010700,경기도,2026-01-13 13:16:24.944186,2026-01-13 13:16:24.944196,f
2067,청계동,4143010800,경기도,2026-01-13 13:16:24.953105,2026-01-13 13:16:24.953113,f
2068,항동,4145012100,경기도,2026-01-13 13:16:24.959804,2026-01-13 13:16:24.959807,f
2069,초일동,4145012200,경기도,2026-01-13 13:16:24.964423,2026-01-13 13:16:24.964428,f
2070,초이동,4145012300,경기도,2026-01-13 13:16:24.96931,2026-01-13 13:16:24.969313,f
2071,광암동,4145012400,경기도,2026-01-13 13:16:24.974016,2026-01-13 13:16:24.97402,f
2072,용인시,4146000000,경기도,2026-01-13 13:16:24.97879,2026-01-13 13:16:24.978793,f
2073,화수리,4159025626,경기도,2026-01-13 13:16:24.98311,2026-01-13 13:16:24.983112,f
2074,주곡리,4159025627,경기도,2026-01-13 13:16:24.98818,2026-01-13 13:16:24.988184,f
2075,한각리,4159025624,경기도,2026-01-13 13:16:24.995122,2026-01-13 13:16:24.995125,f
2076,멱우리,4159025625,경기도,2026-01-13 13:16:25.000135,2026-01-13 13:16:25.000139,f
2077,처인구,4146100000,경기도,2026-01-13 13:16:25.005769,2026-01-13 13:16:25.005772,f
2078,김량장동,4146110100,경기도,2026-01-13 13:16:25.010569,2026-01-13 13:16:25.010572,f
2079,역북동,4146110200,경기도,2026-01-13 13:16:25.014932,2026-01-13 13:16:25.014935,f
2080,삼가동,4146110300,경기도,2026-01-13 13:16:25.019002,2026-01-13 13:16:25.019005,f
2081,남동,4146110400,경기도,2026-01-13 13:16:25.023393,2026-01-13 13:16:25.023395,f
2082,유방동,4146110500,경기도,2026-01-13 13:16:25.027517,2026-01-13 13:16:25.02752,f
2083,고림동,4146110600,경기도,2026-01-13 13:16:25.032299,2026-01-13 13:16:25.032301,f
2084,마평동,4146110700,경기도,2026-01-13 13:16:25.036008,2026-01-13 13:16:25.03601,f
2085,운학동,4146110800,경기도,2026-01-13 13:16:25.04052,2026-01-13 13:16:25.040522,f
2086,호동,4146110900,경기도,2026-01-13 13:16:25.045362,2026-01-13 13:16:25.045364,f
2087,해곡동,4146111000,경기도,2026-01-13 13:16:25.049541,2026-01-13 13:16:25.049545,f
2088,포곡읍,4146125000,경기도,2026-01-13 13:16:25.053399,2026-01-13 13:16:25.053401,f
2089,삼계리,4146125021,경기도,2026-01-13 13:16:25.057312,2026-01-13 13:16:25.057313,f
2090,금어리,4146125022,경기도,2026-01-13 13:16:25.061833,2026-01-13 13:16:25.061835,f
2091,둔전리,4146125023,경기도,2026-01-13 13:16:25.066653,2026-01-13 13:16:25.066656,f
2092,영문리,4146125024,경기도,2026-01-13 13:16:25.071708,2026-01-13 13:16:25.07171,f
2093,마성리,4146125025,경기도,2026-01-13 13:16:25.075556,2026-01-13 13:16:25.075559,f
2094,가실리,4146125026,경기도,2026-01-13 13:16:25.079669,2026-01-13 13:16:25.079672,f
2095,전대리,4146125027,경기도,2026-01-13 13:16:25.084561,2026-01-13 13:16:25.084563,f
2096,유운리,4146125028,경기도,2026-01-13 13:16:25.0893,2026-01-13 13:16:25.089302,f
2097,신원리,4146125029,경기도,2026-01-13 13:16:25.094071,2026-01-13 13:16:25.094073,f
2098,모현읍,4146125300,경기도,2026-01-13 13:16:25.098149,2026-01-13 13:16:25.098151,f
2099,왕산리,4146125321,경기도,2026-01-13 13:16:25.101949,2026-01-13 13:16:25.101951,f
2100,갈담리,4146125322,경기도,2026-01-13 13:16:25.106335,2026-01-13 13:16:25.106336,f
2101,초부리,4146125323,경기도,2026-01-13 13:16:25.111412,2026-01-13 13:16:25.111414,f
2102,일산리,4146125324,경기도,2026-01-13 13:16:25.11578,2026-01-13 13:16:25.115781,f
2103,매산리,4146125325,경기도,2026-01-13 13:16:25.119611,2026-01-13 13:16:25.119613,f
2104,동림리,4146125326,경기도,2026-01-13 13:16:25.123554,2026-01-13 13:16:25.123556,f
2105,능원리,4146125327,경기도,2026-01-13 13:16:25.128511,2026-01-13 13:16:25.128514,f
2106,오산리,4146125328,경기도,2026-01-13 13:16:25.133635,2026-01-13 13:16:25.133637,f
2107,이동읍,4146125600,경기도,2026-01-13 13:16:25.138371,2026-01-13 13:16:25.138374,f
2108,송전리,4146125621,경기도,2026-01-13 13:16:25.143166,2026-01-13 13:16:25.14317,f
2109,어비리,4146125622,경기도,2026-01-13 13:16:25.147554,2026-01-13 13:16:25.147559,f
2110,묘봉리,4146125623,경기도,2026-01-13 13:16:25.152927,2026-01-13 13:16:25.15293,f
2111,화산리,4146125624,경기도,2026-01-13 13:16:25.157119,2026-01-13 13:16:25.15712,f
2112,시미리,4146125625,경기도,2026-01-13 13:16:25.161696,2026-01-13 13:16:25.161699,f
2113,덕성리,4146125626,경기도,2026-01-13 13:16:25.167522,2026-01-13 13:16:25.167524,f
2114,묵리,4146125627,경기도,2026-01-13 13:16:25.172084,2026-01-13 13:16:25.172086,f
2115,천리,4146125628,경기도,2026-01-13 13:16:25.176138,2026-01-13 13:16:25.17614,f
2116,서리,4146125629,경기도,2026-01-13 13:16:25.179728,2026-01-13 13:16:25.17973,f
2117,원안리,4159025621,경기도,2026-01-13 13:16:25.183938,2026-01-13 13:16:25.183941,f
2118,호곡리,4159025622,경기도,2026-01-13 13:16:25.188964,2026-01-13 13:16:25.188966,f
2119,운평리,4159025623,경기도,2026-01-13 13:16:25.194632,2026-01-13 13:16:25.194634,f
2120,원삼면,4146134000,경기도,2026-01-13 13:16:25.199516,2026-01-13 13:16:25.19952,f
2121,고당리,4146134021,경기도,2026-01-13 13:16:25.207501,2026-01-13 13:16:25.207504,f
2122,사암리,4146134022,경기도,2026-01-13 13:16:25.216135,2026-01-13 13:16:25.216143,f
2123,좌항리,4146134023,경기도,2026-01-13 13:16:25.222063,2026-01-13 13:16:25.222066,f
2124,맹리,4146134024,경기도,2026-01-13 13:16:25.227408,2026-01-13 13:16:25.22741,f
2125,미평리,4146134025,경기도,2026-01-13 13:16:25.234812,2026-01-13 13:16:25.234816,f
2126,두창리,4146134026,경기도,2026-01-13 13:16:25.240383,2026-01-13 13:16:25.240386,f
2127,독성리,4146134027,경기도,2026-01-13 13:16:25.249516,2026-01-13 13:16:25.249521,f
2128,죽능리,4146134028,경기도,2026-01-13 13:16:25.254686,2026-01-13 13:16:25.254688,f
2129,목신리,4146134029,경기도,2026-01-13 13:16:25.258477,2026-01-13 13:16:25.258478,f
2130,학일리,4146134030,경기도,2026-01-13 13:16:25.262289,2026-01-13 13:16:25.262291,f
2131,문촌리,4146134031,경기도,2026-01-13 13:16:25.266379,2026-01-13 13:16:25.266382,f
2132,가재월리,4146134032,경기도,2026-01-13 13:16:25.271069,2026-01-13 13:16:25.271071,f
2133,백암면,4146135000,경기도,2026-01-13 13:16:25.27565,2026-01-13 13:16:25.275652,f
2134,백암리,4146135021,경기도,2026-01-13 13:16:25.280713,2026-01-13 13:16:25.280715,f
2135,박곡리,4146135022,경기도,2026-01-13 13:16:25.285594,2026-01-13 13:16:25.285596,f
2136,백봉리,4146135023,경기도,2026-01-13 13:16:25.29032,2026-01-13 13:16:25.290323,f
2137,고안리,4146135024,경기도,2026-01-13 13:16:25.295198,2026-01-13 13:16:25.2952,f
2138,옥산리,4146135025,경기도,2026-01-13 13:16:25.299504,2026-01-13 13:16:25.299505,f
2139,장평리,4146135026,경기도,2026-01-13 13:16:25.303689,2026-01-13 13:16:25.303691,f
2140,석천리,4146135027,경기도,2026-01-13 13:16:25.308017,2026-01-13 13:16:25.30802,f
2141,용천리,4146135028,경기도,2026-01-13 13:16:25.31536,2026-01-13 13:16:25.315364,f
2142,근삼리,4146135029,경기도,2026-01-13 13:16:25.320929,2026-01-13 13:16:25.320933,f
2143,근창리,4146135030,경기도,2026-01-13 13:16:25.328564,2026-01-13 13:16:25.328568,f
2144,근곡리,4146135031,경기도,2026-01-13 13:16:25.334936,2026-01-13 13:16:25.334938,f
2145,가창리,4146135032,경기도,2026-01-13 13:16:25.339481,2026-01-13 13:16:25.339484,f
2146,가좌리,4146135033,경기도,2026-01-13 13:16:25.344745,2026-01-13 13:16:25.344749,f
2147,상기리,4159025336,경기도,2026-01-13 13:16:25.35152,2026-01-13 13:16:25.351524,f
2148,우정읍,4159025600,경기도,2026-01-13 13:16:25.35702,2026-01-13 13:16:25.357022,f
2149,기흥구,4146300000,경기도,2026-01-13 13:16:25.363093,2026-01-13 13:16:25.363096,f
2150,신갈동,4146310100,경기도,2026-01-13 13:16:25.368277,2026-01-13 13:16:25.368279,f
2151,구갈동,4146310200,경기도,2026-01-13 13:16:25.373104,2026-01-13 13:16:25.373106,f
2152,상갈동,4146310300,경기도,2026-01-13 13:16:25.377091,2026-01-13 13:16:25.377093,f
2153,하갈동,4146310400,경기도,2026-01-13 13:16:25.381402,2026-01-13 13:16:25.381404,f
2154,보라동,4146310500,경기도,2026-01-13 13:16:25.385464,2026-01-13 13:16:25.385466,f
2155,지곡동,4146310600,경기도,2026-01-13 13:16:25.390256,2026-01-13 13:16:25.390259,f
2156,공세동,4146310700,경기도,2026-01-13 13:16:25.394486,2026-01-13 13:16:25.394488,f
2157,고매동,4146310800,경기도,2026-01-13 13:16:25.398989,2026-01-13 13:16:25.398992,f
2158,농서동,4146310900,경기도,2026-01-13 13:16:25.404514,2026-01-13 13:16:25.404517,f
2159,서천동,4146311000,경기도,2026-01-13 13:16:25.408875,2026-01-13 13:16:25.408877,f
2160,영덕동,4146311100,경기도,2026-01-13 13:16:25.41302,2026-01-13 13:16:25.413022,f
2161,언남동,4146311200,경기도,2026-01-13 13:16:25.417286,2026-01-13 13:16:25.417288,f
2162,마북동,4146311300,경기도,2026-01-13 13:16:25.421397,2026-01-13 13:16:25.421405,f
2163,청덕동,4146311400,경기도,2026-01-13 13:16:25.425823,2026-01-13 13:16:25.425826,f
2164,동백동,4146311500,경기도,2026-01-13 13:16:25.430607,2026-01-13 13:16:25.43061,f
2165,중동,4146311600,경기도,2026-01-13 13:16:25.434956,2026-01-13 13:16:25.434958,f
2166,상하동,4146311700,경기도,2026-01-13 13:16:25.439138,2026-01-13 13:16:25.439141,f
2167,보정동,4146311800,경기도,2026-01-13 13:16:25.444819,2026-01-13 13:16:25.444822,f
2168,수지구,4146500000,경기도,2026-01-13 13:16:25.450425,2026-01-13 13:16:25.450428,f
2169,풍덕천동,4146510100,경기도,2026-01-13 13:16:25.454821,2026-01-13 13:16:25.454823,f
2170,죽전동,4146510200,경기도,2026-01-13 13:16:25.459075,2026-01-13 13:16:25.459077,f
2171,동천동,4146510300,경기도,2026-01-13 13:16:25.462938,2026-01-13 13:16:25.46294,f
2172,고기동,4146510400,경기도,2026-01-13 13:16:25.467168,2026-01-13 13:16:25.46717,f
2173,신봉동,4146510500,경기도,2026-01-13 13:16:25.472747,2026-01-13 13:16:25.472749,f
2174,성복동,4146510600,경기도,2026-01-13 13:16:25.47716,2026-01-13 13:16:25.477162,f
2175,상현동,4146510700,경기도,2026-01-13 13:16:25.481196,2026-01-13 13:16:25.481201,f
2176,파주시,4148000000,경기도,2026-01-13 13:16:25.487615,2026-01-13 13:16:25.487619,f
2177,금촌동,4148010100,경기도,2026-01-13 13:16:25.494501,2026-01-13 13:16:25.494503,f
2178,아동동,4148010200,경기도,2026-01-13 13:16:25.499165,2026-01-13 13:16:25.499168,f
2179,야동동,4148010400,경기도,2026-01-13 13:16:25.503396,2026-01-13 13:16:25.503399,f
2180,검산동,4148010500,경기도,2026-01-13 13:16:25.508122,2026-01-13 13:16:25.508128,f
2181,맥금동,4148010600,경기도,2026-01-13 13:16:25.513184,2026-01-13 13:16:25.513188,f
2182,교하동,4148010700,경기도,2026-01-13 13:16:25.517493,2026-01-13 13:16:25.517495,f
2183,야당동,4148010800,경기도,2026-01-13 13:16:25.521761,2026-01-13 13:16:25.521763,f
2184,다율동,4148010900,경기도,2026-01-13 13:16:25.525728,2026-01-13 13:16:25.52573,f
2185,오도동,4148011000,경기도,2026-01-13 13:16:25.531752,2026-01-13 13:16:25.531815,f
2186,상지석동,4148011100,경기도,2026-01-13 13:16:25.537015,2026-01-13 13:16:25.53702,f
2187,산남동,4148011200,경기도,2026-01-13 13:16:25.542514,2026-01-13 13:16:25.542516,f
2188,동패동,4148011300,경기도,2026-01-13 13:16:25.546487,2026-01-13 13:16:25.546488,f
2189,당하동,4148011400,경기도,2026-01-13 13:16:25.551365,2026-01-13 13:16:25.551368,f
2190,문발동,4148011500,경기도,2026-01-13 13:16:25.555533,2026-01-13 13:16:25.555535,f
2191,송촌동,4148011600,경기도,2026-01-13 13:16:25.562597,2026-01-13 13:16:25.562602,f
2192,목동동,4148011700,경기도,2026-01-13 13:16:25.569604,2026-01-13 13:16:25.569607,f
2193,하지석동,4148011800,경기도,2026-01-13 13:16:25.577575,2026-01-13 13:16:25.577577,f
2194,서패동,4148011900,경기도,2026-01-13 13:16:25.581598,2026-01-13 13:16:25.581601,f
2195,신촌동,4148012000,경기도,2026-01-13 13:16:25.585384,2026-01-13 13:16:25.585385,f
2196,연다산동,4148012100,경기도,2026-01-13 13:16:25.590119,2026-01-13 13:16:25.590121,f
2197,와동동,4148012200,경기도,2026-01-13 13:16:25.595141,2026-01-13 13:16:25.595145,f
2198,금릉동,4148012300,경기도,2026-01-13 13:16:25.600172,2026-01-13 13:16:25.600175,f
2199,문산읍,4148025000,경기도,2026-01-13 13:16:25.604906,2026-01-13 13:16:25.604908,f
2200,문산리,4148025021,경기도,2026-01-13 13:16:25.609509,2026-01-13 13:16:25.609512,f
2201,당동리,4148025022,경기도,2026-01-13 13:16:25.613483,2026-01-13 13:16:25.613486,f
2202,선유리,4148025023,경기도,2026-01-13 13:16:25.617597,2026-01-13 13:16:25.617599,f
2203,임진리,4148025024,경기도,2026-01-13 13:16:25.622026,2026-01-13 13:16:25.622028,f
2204,운천리,4148025025,경기도,2026-01-13 13:16:25.626435,2026-01-13 13:16:25.626437,f
2205,사목리,4148025026,경기도,2026-01-13 13:16:25.630807,2026-01-13 13:16:25.630812,f
2206,마정리,4148025027,경기도,2026-01-13 13:16:25.636211,2026-01-13 13:16:25.636216,f
2207,장산리,4148025028,경기도,2026-01-13 13:16:25.64086,2026-01-13 13:16:25.640862,f
2208,내포리,4148025029,경기도,2026-01-13 13:16:25.645768,2026-01-13 13:16:25.64577,f
2209,이천리,4148025030,경기도,2026-01-13 13:16:25.650814,2026-01-13 13:16:25.650816,f
2210,덕우리,4159025334,경기도,2026-01-13 13:16:25.655013,2026-01-13 13:16:25.655015,f
2211,하가등리,4159025335,경기도,2026-01-13 13:16:25.659294,2026-01-13 13:16:25.659296,f
2212,파주읍,4148025300,경기도,2026-01-13 13:16:25.663148,2026-01-13 13:16:25.66315,f
2213,봉서리,4148025321,경기도,2026-01-13 13:16:25.667348,2026-01-13 13:16:25.667351,f
2214,향양리,4148025322,경기도,2026-01-13 13:16:25.671737,2026-01-13 13:16:25.671739,f
2215,부곡리,4148025323,경기도,2026-01-13 13:16:25.675749,2026-01-13 13:16:25.675753,f
2216,봉암리,4148025324,경기도,2026-01-13 13:16:25.680968,2026-01-13 13:16:25.680986,f
2217,백석리,4148025325,경기도,2026-01-13 13:16:25.685756,2026-01-13 13:16:25.685758,f
2218,파주리,4148025326,경기도,2026-01-13 13:16:25.690459,2026-01-13 13:16:25.690461,f
2219,연풍리,4148025327,경기도,2026-01-13 13:16:25.694739,2026-01-13 13:16:25.694741,f
2220,법원읍,4148025600,경기도,2026-01-13 13:16:25.699227,2026-01-13 13:16:25.69923,f
2221,오현리,4148025621,경기도,2026-01-13 13:16:25.703756,2026-01-13 13:16:25.703759,f
2222,법원리,4148025622,경기도,2026-01-13 13:16:25.708652,2026-01-13 13:16:25.708656,f
2223,가야리,4148025623,경기도,2026-01-13 13:16:25.714659,2026-01-13 13:16:25.714664,f
2224,동문리,4148025624,경기도,2026-01-13 13:16:25.720484,2026-01-13 13:16:25.720486,f
2225,대능리,4148025625,경기도,2026-01-13 13:16:25.72543,2026-01-13 13:16:25.725435,f
2226,삼방리,4148025626,경기도,2026-01-13 13:16:25.73033,2026-01-13 13:16:25.730333,f
2227,갈곡리,4148025627,경기도,2026-01-13 13:16:25.734911,2026-01-13 13:16:25.734913,f
2228,직천리,4148025628,경기도,2026-01-13 13:16:25.739474,2026-01-13 13:16:25.739477,f
2229,웅담리,4148025629,경기도,2026-01-13 13:16:25.744869,2026-01-13 13:16:25.744871,f
2230,금곡리,4148025630,경기도,2026-01-13 13:16:25.750333,2026-01-13 13:16:25.750335,f
2231,조리읍,4148026200,경기도,2026-01-13 13:16:25.75632,2026-01-13 13:16:25.756324,f
2232,봉일천리,4148026221,경기도,2026-01-13 13:16:25.761985,2026-01-13 13:16:25.761989,f
2233,뇌조리,4148026222,경기도,2026-01-13 13:16:25.76904,2026-01-13 13:16:25.769043,f
2234,등원리,4148026223,경기도,2026-01-13 13:16:25.776756,2026-01-13 13:16:25.776762,f
2235,장곡리,4148026224,경기도,2026-01-13 13:16:25.79158,2026-01-13 13:16:25.791587,f
2236,오산리,4148026225,경기도,2026-01-13 13:16:25.800958,2026-01-13 13:16:25.80096,f
2237,능안리,4148026226,경기도,2026-01-13 13:16:25.805288,2026-01-13 13:16:25.80529,f
2238,대원리,4148026227,경기도,2026-01-13 13:16:25.81029,2026-01-13 13:16:25.810293,f
2239,월롱면,4148031000,경기도,2026-01-13 13:16:25.815324,2026-01-13 13:16:25.815327,f
2240,위전리,4148031021,경기도,2026-01-13 13:16:25.819818,2026-01-13 13:16:25.819821,f
2241,도내리,4148031022,경기도,2026-01-13 13:16:25.823933,2026-01-13 13:16:25.823934,f
2242,덕은리,4148031023,경기도,2026-01-13 13:16:25.82879,2026-01-13 13:16:25.828793,f
2243,능산리,4148031024,경기도,2026-01-13 13:16:25.833705,2026-01-13 13:16:25.833707,f
2244,영태리,4148031025,경기도,2026-01-13 13:16:25.83805,2026-01-13 13:16:25.838053,f
2245,탄현면,4148032000,경기도,2026-01-13 13:16:25.843898,2026-01-13 13:16:25.843902,f
2246,성동리,4148032021,경기도,2026-01-13 13:16:25.851748,2026-01-13 13:16:25.851752,f
2247,법흥리,4148032022,경기도,2026-01-13 13:16:25.856825,2026-01-13 13:16:25.856827,f
2248,갈현리,4148032023,경기도,2026-01-13 13:16:25.861175,2026-01-13 13:16:25.861178,f
2249,문지리,4148032024,경기도,2026-01-13 13:16:25.866541,2026-01-13 13:16:25.866543,f
2250,대동리,4148032025,경기도,2026-01-13 13:16:25.873393,2026-01-13 13:16:25.873395,f
2251,만우리,4148032026,경기도,2026-01-13 13:16:25.878675,2026-01-13 13:16:25.878678,f
2252,축현리,4148032027,경기도,2026-01-13 13:16:25.884542,2026-01-13 13:16:25.884546,f
2253,금승리,4148032028,경기도,2026-01-13 13:16:25.8892,2026-01-13 13:16:25.889202,f
2254,오금리,4148032029,경기도,2026-01-13 13:16:25.895819,2026-01-13 13:16:25.895821,f
2255,낙하리,4148032030,경기도,2026-01-13 13:16:25.900231,2026-01-13 13:16:25.900233,f
2256,금산리,4148032031,경기도,2026-01-13 13:16:25.90477,2026-01-13 13:16:25.904772,f
2257,마하리,4159025331,경기도,2026-01-13 13:16:25.908645,2026-01-13 13:16:25.908648,f
2258,유리,4159025332,경기도,2026-01-13 13:16:25.912848,2026-01-13 13:16:25.91285,f
2259,덕리,4159025333,경기도,2026-01-13 13:16:25.917585,2026-01-13 13:16:25.917587,f
2260,광탄면,4148035000,경기도,2026-01-13 13:16:25.92226,2026-01-13 13:16:25.922262,f
2261,분수리,4148035021,경기도,2026-01-13 13:16:25.927785,2026-01-13 13:16:25.927787,f
2262,방축리,4148035022,경기도,2026-01-13 13:16:25.93298,2026-01-13 13:16:25.932983,f
2263,마장리,4148035023,경기도,2026-01-13 13:16:25.938089,2026-01-13 13:16:25.938091,f
2264,발랑리,4148035024,경기도,2026-01-13 13:16:25.942216,2026-01-13 13:16:25.942218,f
2265,창만리,4148035025,경기도,2026-01-13 13:16:25.946125,2026-01-13 13:16:25.946126,f
2266,용미리,4148035026,경기도,2026-01-13 13:16:25.95018,2026-01-13 13:16:25.950182,f
2267,신산리,4148035027,경기도,2026-01-13 13:16:25.955878,2026-01-13 13:16:25.955882,f
2268,기산리,4148035028,경기도,2026-01-13 13:16:25.960731,2026-01-13 13:16:25.960734,f
2269,영장리,4148035029,경기도,2026-01-13 13:16:25.965101,2026-01-13 13:16:25.965103,f
2270,파평면,4148036000,경기도,2026-01-13 13:16:25.970176,2026-01-13 13:16:25.970179,f
2271,덕천리,4148036021,경기도,2026-01-13 13:16:25.974769,2026-01-13 13:16:25.974773,f
2272,두포리,4148036022,경기도,2026-01-13 13:16:25.979352,2026-01-13 13:16:25.979354,f
2273,마산리,4148036023,경기도,2026-01-13 13:16:25.983654,2026-01-13 13:16:25.983656,f
2274,율곡리,4148036024,경기도,2026-01-13 13:16:25.988226,2026-01-13 13:16:25.988229,f
2275,금파리,4148036026,경기도,2026-01-13 13:16:25.995737,2026-01-13 13:16:25.995739,f
2276,장파리,4148036027,경기도,2026-01-13 13:16:26.000572,2026-01-13 13:16:26.000574,f
2277,눌노리,4148036028,경기도,2026-01-13 13:16:26.004942,2026-01-13 13:16:26.004945,f
2278,적성면,4148037000,경기도,2026-01-13 13:16:26.011561,2026-01-13 13:16:26.011565,f
2279,어유지리,4148037021,경기도,2026-01-13 13:16:26.016252,2026-01-13 13:16:26.016254,f
2280,장좌리,4148037022,경기도,2026-01-13 13:16:26.02208,2026-01-13 13:16:26.022082,f
2281,장현리,4148037023,경기도,2026-01-13 13:16:26.02666,2026-01-13 13:16:26.026662,f
2282,구읍리,4148037024,경기도,2026-01-13 13:16:26.030911,2026-01-13 13:16:26.030914,f
2283,객현리,4148037025,경기도,2026-01-13 13:16:26.036865,2026-01-13 13:16:26.036869,f
2284,가월리,4148037026,경기도,2026-01-13 13:16:26.041496,2026-01-13 13:16:26.041501,f
2285,무건리,4148037027,경기도,2026-01-13 13:16:26.046,2026-01-13 13:16:26.046003,f
2286,율포리,4148037028,경기도,2026-01-13 13:16:26.050525,2026-01-13 13:16:26.050528,f
2287,답곡리,4148037029,경기도,2026-01-13 13:16:26.05545,2026-01-13 13:16:26.055452,f
2288,식현리,4148037030,경기도,2026-01-13 13:16:26.059673,2026-01-13 13:16:26.059675,f
2289,주월리,4148037031,경기도,2026-01-13 13:16:26.063667,2026-01-13 13:16:26.06367,f
2290,설마리,4148037032,경기도,2026-01-13 13:16:26.067626,2026-01-13 13:16:26.067628,f
2291,적암리,4148037033,경기도,2026-01-13 13:16:26.07206,2026-01-13 13:16:26.072062,f
2292,두지리,4148037034,경기도,2026-01-13 13:16:26.076993,2026-01-13 13:16:26.076995,f
2293,마지리,4148037035,경기도,2026-01-13 13:16:26.080977,2026-01-13 13:16:26.080979,f
2294,자장리,4148037036,경기도,2026-01-13 13:16:26.085256,2026-01-13 13:16:26.085259,f
2295,군내면,4148038000,경기도,2026-01-13 13:16:26.090056,2026-01-13 13:16:26.090058,f
2296,백연리,4148038021,경기도,2026-01-13 13:16:26.094586,2026-01-13 13:16:26.094589,f
2297,정자리,4148038022,경기도,2026-01-13 13:16:26.098772,2026-01-13 13:16:26.098773,f
2298,조산리,4148038023,경기도,2026-01-13 13:16:26.102456,2026-01-13 13:16:26.102458,f
2299,읍내리,4148038024,경기도,2026-01-13 13:16:26.106828,2026-01-13 13:16:26.10683,f
2300,송산리,4148038025,경기도,2026-01-13 13:16:26.111106,2026-01-13 13:16:26.111108,f
2301,세곡리,4159025329,경기도,2026-01-13 13:16:26.116135,2026-01-13 13:16:26.116137,f
2302,당하리,4159025330,경기도,2026-01-13 13:16:26.121726,2026-01-13 13:16:26.121729,f
2303,점원리,4148038026,경기도,2026-01-13 13:16:26.128044,2026-01-13 13:16:26.128047,f
2304,방목리,4148038027,경기도,2026-01-13 13:16:26.134737,2026-01-13 13:16:26.134739,f
2305,장단면,4148039000,경기도,2026-01-13 13:16:26.139006,2026-01-13 13:16:26.139008,f
2306,노상리,4148039021,경기도,2026-01-13 13:16:26.143351,2026-01-13 13:16:26.143354,f
2307,노하리,4148039022,경기도,2026-01-13 13:16:26.147353,2026-01-13 13:16:26.147355,f
2308,거곡리,4148039023,경기도,2026-01-13 13:16:26.151679,2026-01-13 13:16:26.151681,f
2309,도라산리,4148039024,경기도,2026-01-13 13:16:26.156433,2026-01-13 13:16:26.156435,f
2310,석곶리,4148039025,경기도,2026-01-13 13:16:26.160884,2026-01-13 13:16:26.160886,f
2311,강정리,4148039026,경기도,2026-01-13 13:16:26.165158,2026-01-13 13:16:26.16516,f
2312,동장리,4148039027,경기도,2026-01-13 13:16:26.171756,2026-01-13 13:16:26.171762,f
2313,정동리,4148039028,경기도,2026-01-13 13:16:26.181179,2026-01-13 13:16:26.181187,f
2314,덕산리,4148039029,경기도,2026-01-13 13:16:26.190389,2026-01-13 13:16:26.190399,f
2315,진동면,4148040000,경기도,2026-01-13 13:16:26.199652,2026-01-13 13:16:26.199657,f
2316,동파리,4148040021,경기도,2026-01-13 13:16:26.205615,2026-01-13 13:16:26.205617,f
2317,용산리,4148040022,경기도,2026-01-13 13:16:26.209946,2026-01-13 13:16:26.209949,f
2318,하포리,4148040023,경기도,2026-01-13 13:16:26.213873,2026-01-13 13:16:26.213876,f
2319,서곡리,4148040024,경기도,2026-01-13 13:16:26.218387,2026-01-13 13:16:26.218389,f
2320,초리,4148040025,경기도,2026-01-13 13:16:26.223304,2026-01-13 13:16:26.223306,f
2321,진서면,4148041000,경기도,2026-01-13 13:16:26.227614,2026-01-13 13:16:26.227616,f
2322,어용리,4148041022,경기도,2026-01-13 13:16:26.234822,2026-01-13 13:16:26.234827,f
2323,금릉리,4148041023,경기도,2026-01-13 13:16:26.239632,2026-01-13 13:16:26.239634,f
2324,선적리,4148041024,경기도,2026-01-13 13:16:26.243812,2026-01-13 13:16:26.243814,f
2325,이천시,4150000000,경기도,2026-01-13 13:16:26.250005,2026-01-13 13:16:26.250008,f
2326,창전동,4150010100,경기도,2026-01-13 13:16:26.257554,2026-01-13 13:16:26.257556,f
2327,관고동,4150010200,경기도,2026-01-13 13:16:26.262302,2026-01-13 13:16:26.262305,f
2328,중리동,4150010300,경기도,2026-01-13 13:16:26.266508,2026-01-13 13:16:26.266509,f
2329,증일동,4150010400,경기도,2026-01-13 13:16:26.270975,2026-01-13 13:16:26.270979,f
2330,율현동,4150010500,경기도,2026-01-13 13:16:26.275972,2026-01-13 13:16:26.275975,f
2331,진리동,4150010600,경기도,2026-01-13 13:16:26.280059,2026-01-13 13:16:26.280061,f
2332,안흥동,4150010700,경기도,2026-01-13 13:16:26.28477,2026-01-13 13:16:26.284773,f
2333,갈산동,4150010800,경기도,2026-01-13 13:16:26.290466,2026-01-13 13:16:26.290468,f
2334,증포동,4150010900,경기도,2026-01-13 13:16:26.295894,2026-01-13 13:16:26.295897,f
2335,송정동,4150011000,경기도,2026-01-13 13:16:26.300615,2026-01-13 13:16:26.300617,f
2336,사음동,4150011100,경기도,2026-01-13 13:16:26.305328,2026-01-13 13:16:26.305329,f
2337,단월동,4150011200,경기도,2026-01-13 13:16:26.309454,2026-01-13 13:16:26.309456,f
2338,대포동,4150011300,경기도,2026-01-13 13:16:26.314015,2026-01-13 13:16:26.314019,f
2339,고담동,4150011400,경기도,2026-01-13 13:16:26.318649,2026-01-13 13:16:26.318652,f
2340,장록동,4150011500,경기도,2026-01-13 13:16:26.323862,2026-01-13 13:16:26.323864,f
2341,장호원읍,4150025000,경기도,2026-01-13 13:16:26.330595,2026-01-13 13:16:26.330598,f
2342,장호원리,4150025021,경기도,2026-01-13 13:16:26.337105,2026-01-13 13:16:26.337108,f
2343,오남리,4150025022,경기도,2026-01-13 13:16:26.341575,2026-01-13 13:16:26.341577,f
2344,진암리,4150025023,경기도,2026-01-13 13:16:26.345721,2026-01-13 13:16:26.345723,f
2345,어석리,4150025024,경기도,2026-01-13 13:16:26.349928,2026-01-13 13:16:26.34993,f
2346,대서리,4150025025,경기도,2026-01-13 13:16:26.35577,2026-01-13 13:16:26.355773,f
2347,송산리,4150025026,경기도,2026-01-13 13:16:26.360368,2026-01-13 13:16:26.36037,f
2348,방추리,4150025027,경기도,2026-01-13 13:16:26.364291,2026-01-13 13:16:26.364294,f
2349,선읍리,4150025028,경기도,2026-01-13 13:16:26.368886,2026-01-13 13:16:26.36889,f
2350,이황리,4150025029,경기도,2026-01-13 13:16:26.374112,2026-01-13 13:16:26.374114,f
2351,나래리,4150025030,경기도,2026-01-13 13:16:26.378485,2026-01-13 13:16:26.378487,f
2352,와현리,4150025031,경기도,2026-01-13 13:16:26.38301,2026-01-13 13:16:26.383014,f
2353,풍계리,4150025032,경기도,2026-01-13 13:16:26.387477,2026-01-13 13:16:26.387478,f
2354,노탑리,4150025033,경기도,2026-01-13 13:16:26.391818,2026-01-13 13:16:26.391822,f
2355,부발읍,4150025300,경기도,2026-01-13 13:16:26.396639,2026-01-13 13:16:26.396642,f
2356,무촌리,4150025321,경기도,2026-01-13 13:16:26.401288,2026-01-13 13:16:26.40129,f
2357,죽당리,4150025322,경기도,2026-01-13 13:16:26.406163,2026-01-13 13:16:26.406166,f
2358,신원리,4150025323,경기도,2026-01-13 13:16:26.412127,2026-01-13 13:16:26.41213,f
2359,고백리,4150025324,경기도,2026-01-13 13:16:26.416799,2026-01-13 13:16:26.4168,f
2360,대관리,4150025325,경기도,2026-01-13 13:16:26.421299,2026-01-13 13:16:26.421301,f
2361,마암리,4150025326,경기도,2026-01-13 13:16:26.42545,2026-01-13 13:16:26.425453,f
2362,산촌리,4150025327,경기도,2026-01-13 13:16:26.429295,2026-01-13 13:16:26.429297,f
2363,신하리,4150025328,경기도,2026-01-13 13:16:26.433979,2026-01-13 13:16:26.433982,f
2364,가좌리,4150025329,경기도,2026-01-13 13:16:26.438159,2026-01-13 13:16:26.438161,f
2365,아미리,4150025330,경기도,2026-01-13 13:16:26.442777,2026-01-13 13:16:26.442779,f
2366,수정리,4150025331,경기도,2026-01-13 13:16:26.448218,2026-01-13 13:16:26.448221,f
2367,송온리,4150025332,경기도,2026-01-13 13:16:26.453082,2026-01-13 13:16:26.453085,f
2368,가산리,4150025333,경기도,2026-01-13 13:16:26.457291,2026-01-13 13:16:26.457293,f
2369,응암리,4150025334,경기도,2026-01-13 13:16:26.461221,2026-01-13 13:16:26.461223,f
2370,신둔면,4150031000,경기도,2026-01-13 13:16:26.465143,2026-01-13 13:16:26.465145,f
2371,수기리,4159025326,경기도,2026-01-13 13:16:26.469305,2026-01-13 13:16:26.469308,f
2372,분천리,4159025327,경기도,2026-01-13 13:16:26.476393,2026-01-13 13:16:26.476397,f
2373,왕림리,4159025328,경기도,2026-01-13 13:16:26.482391,2026-01-13 13:16:26.482394,f
2374,수광리,4150031021,경기도,2026-01-13 13:16:26.488935,2026-01-13 13:16:26.488941,f
2375,남정리,4150031022,경기도,2026-01-13 13:16:26.495246,2026-01-13 13:16:26.495249,f
2376,지석리,4150031023,경기도,2026-01-13 13:16:26.501179,2026-01-13 13:16:26.501181,f
2377,장동리,4150031024,경기도,2026-01-13 13:16:26.505535,2026-01-13 13:16:26.505537,f
2378,도봉리,4150031025,경기도,2026-01-13 13:16:26.509816,2026-01-13 13:16:26.509818,f
2379,도암리,4150031026,경기도,2026-01-13 13:16:26.514352,2026-01-13 13:16:26.514355,f
2380,수하리,4150031027,경기도,2026-01-13 13:16:26.518528,2026-01-13 13:16:26.51853,f
2381,수남리,4150031028,경기도,2026-01-13 13:16:26.52329,2026-01-13 13:16:26.523293,f
2382,고척리,4150031029,경기도,2026-01-13 13:16:26.52787,2026-01-13 13:16:26.527873,f
2383,용면리,4150031030,경기도,2026-01-13 13:16:26.534326,2026-01-13 13:16:26.534329,f
2384,인후리,4150031031,경기도,2026-01-13 13:16:26.538567,2026-01-13 13:16:26.538569,f
2385,마교리,4150031032,경기도,2026-01-13 13:16:26.542621,2026-01-13 13:16:26.542623,f
2386,소정리,4150031033,경기도,2026-01-13 13:16:26.546539,2026-01-13 13:16:26.546541,f
2387,백사면,4150032000,경기도,2026-01-13 13:16:26.550654,2026-01-13 13:16:26.550657,f
2388,현방리,4150032021,경기도,2026-01-13 13:16:26.557582,2026-01-13 13:16:26.557584,f
2389,경사리,4150032022,경기도,2026-01-13 13:16:26.562165,2026-01-13 13:16:26.562167,f
2390,도립리,4150032023,경기도,2026-01-13 13:16:26.566944,2026-01-13 13:16:26.566947,f
2391,송말리,4150032024,경기도,2026-01-13 13:16:26.572362,2026-01-13 13:16:26.572364,f
2392,신대리,4150032025,경기도,2026-01-13 13:16:26.576881,2026-01-13 13:16:26.576883,f
2393,모전리,4150032026,경기도,2026-01-13 13:16:26.580932,2026-01-13 13:16:26.580935,f
2394,도지리,4150032027,경기도,2026-01-13 13:16:26.584943,2026-01-13 13:16:26.584945,f
2395,조읍리,4150032028,경기도,2026-01-13 13:16:26.588839,2026-01-13 13:16:26.588841,f
2396,우곡리,4150032029,경기도,2026-01-13 13:16:26.596722,2026-01-13 13:16:26.596728,f
2397,내촌리,4150032030,경기도,2026-01-13 13:16:26.603078,2026-01-13 13:16:26.603081,f
2398,상용리,4150032031,경기도,2026-01-13 13:16:26.607856,2026-01-13 13:16:26.607859,f
2399,백우리,4150032032,경기도,2026-01-13 13:16:26.612693,2026-01-13 13:16:26.612695,f
2400,호법면,4150033000,경기도,2026-01-13 13:16:26.61708,2026-01-13 13:16:26.617083,f
2401,유산리,4150033021,경기도,2026-01-13 13:16:26.62107,2026-01-13 13:16:26.621072,f
2402,안평리,4150033022,경기도,2026-01-13 13:16:26.624673,2026-01-13 13:16:26.624675,f
2403,후안리,4150033023,경기도,2026-01-13 13:16:26.62856,2026-01-13 13:16:26.628562,f
2404,단천리,4150033024,경기도,2026-01-13 13:16:26.633327,2026-01-13 13:16:26.633329,f
2405,매곡리,4150033025,경기도,2026-01-13 13:16:26.638148,2026-01-13 13:16:26.638152,f
2406,동산리,4150033026,경기도,2026-01-13 13:16:26.643058,2026-01-13 13:16:26.64306,f
2407,주박리,4150033027,경기도,2026-01-13 13:16:26.647679,2026-01-13 13:16:26.647682,f
2408,주미리,4150033028,경기도,2026-01-13 13:16:26.652473,2026-01-13 13:16:26.652488,f
2409,송갈리,4150033029,경기도,2026-01-13 13:16:26.656653,2026-01-13 13:16:26.656655,f
2410,마장면,4150034000,경기도,2026-01-13 13:16:26.661354,2026-01-13 13:16:26.661356,f
2411,오천리,4150034021,경기도,2026-01-13 13:16:26.665587,2026-01-13 13:16:26.665589,f
2412,양촌리,4150034022,경기도,2026-01-13 13:16:26.669425,2026-01-13 13:16:26.669427,f
2413,관리,4150034023,경기도,2026-01-13 13:16:26.674717,2026-01-13 13:16:26.674721,f
2414,회억리,4150034024,경기도,2026-01-13 13:16:26.67913,2026-01-13 13:16:26.679132,f
2415,장암리,4150034025,경기도,2026-01-13 13:16:26.688501,2026-01-13 13:16:26.688503,f
2416,목리,4150034026,경기도,2026-01-13 13:16:26.693879,2026-01-13 13:16:26.693884,f
2417,표교리,4150034027,경기도,2026-01-13 13:16:26.699259,2026-01-13 13:16:26.699261,f
2418,이치리,4150034028,경기도,2026-01-13 13:16:26.705892,2026-01-13 13:16:26.705895,f
2419,각평리,4150034029,경기도,2026-01-13 13:16:26.711011,2026-01-13 13:16:26.711013,f
2420,덕평리,4150034030,경기도,2026-01-13 13:16:26.717905,2026-01-13 13:16:26.717908,f
2421,이평리,4150034031,경기도,2026-01-13 13:16:26.722834,2026-01-13 13:16:26.722836,f
2422,해월리,4150034032,경기도,2026-01-13 13:16:26.727835,2026-01-13 13:16:26.727838,f
2423,작촌리,4150034033,경기도,2026-01-13 13:16:26.733702,2026-01-13 13:16:26.733704,f
2424,대월면,4150035000,경기도,2026-01-13 13:16:26.737949,2026-01-13 13:16:26.737952,f
2425,초지리,4150035025,경기도,2026-01-13 13:16:26.742077,2026-01-13 13:16:26.742079,f
2426,사동리,4150035026,경기도,2026-01-13 13:16:26.746451,2026-01-13 13:16:26.746454,f
2427,대대리,4150035027,경기도,2026-01-13 13:16:26.751815,2026-01-13 13:16:26.751818,f
2428,대흥리,4150035028,경기도,2026-01-13 13:16:26.757459,2026-01-13 13:16:26.757461,f
2429,도리리,4150035029,경기도,2026-01-13 13:16:26.762127,2026-01-13 13:16:26.762129,f
2430,구시리,4150035030,경기도,2026-01-13 13:16:26.766671,2026-01-13 13:16:26.766673,f
2431,군량리,4150035031,경기도,2026-01-13 13:16:26.771943,2026-01-13 13:16:26.771945,f
2432,송라리,4150035032,경기도,2026-01-13 13:16:26.777437,2026-01-13 13:16:26.777441,f
2433,장평리,4150035033,경기도,2026-01-13 13:16:26.781691,2026-01-13 13:16:26.781695,f
2434,부필리,4150035034,경기도,2026-01-13 13:16:26.785701,2026-01-13 13:16:26.785704,f
2435,모가면,4150036000,경기도,2026-01-13 13:16:26.790448,2026-01-13 13:16:26.79045,f
2436,진가리,4150036021,경기도,2026-01-13 13:16:26.801117,2026-01-13 13:16:26.801119,f
2437,서경리,4150036022,경기도,2026-01-13 13:16:26.807712,2026-01-13 13:16:26.807717,f
2438,동화리,4159025324,경기도,2026-01-13 13:16:26.813001,2026-01-13 13:16:26.813005,f
2439,와우리,4159025325,경기도,2026-01-13 13:16:26.817522,2026-01-13 13:16:26.817524,f
2440,산내리,4150036023,경기도,2026-01-13 13:16:26.821826,2026-01-13 13:16:26.821827,f
2441,송곡리,4150036024,경기도,2026-01-13 13:16:26.825662,2026-01-13 13:16:26.825664,f
2442,소사리,4150036025,경기도,2026-01-13 13:16:26.829814,2026-01-13 13:16:26.829818,f
2443,양평리,4150036026,경기도,2026-01-13 13:16:26.837946,2026-01-13 13:16:26.837953,f
2444,원두리,4150036027,경기도,2026-01-13 13:16:26.843108,2026-01-13 13:16:26.84311,f
2445,소고리,4150036028,경기도,2026-01-13 13:16:26.848033,2026-01-13 13:16:26.848036,f
2446,신갈리,4150036029,경기도,2026-01-13 13:16:26.853786,2026-01-13 13:16:26.853791,f
2447,어농리,4150036030,경기도,2026-01-13 13:16:26.858702,2026-01-13 13:16:26.858706,f
2448,두미리,4150036031,경기도,2026-01-13 13:16:26.863164,2026-01-13 13:16:26.863167,f
2449,설성면,4150037000,경기도,2026-01-13 13:16:26.867568,2026-01-13 13:16:26.867571,f
2450,금당리,4150037021,경기도,2026-01-13 13:16:26.873433,2026-01-13 13:16:26.873437,f
2451,장능리,4150037022,경기도,2026-01-13 13:16:26.878664,2026-01-13 13:16:26.878668,f
2452,행죽리,4150037023,경기도,2026-01-13 13:16:26.883285,2026-01-13 13:16:26.883286,f
2453,제요리,4150037024,경기도,2026-01-13 13:16:26.888474,2026-01-13 13:16:26.888477,f
2454,신필리,4150037025,경기도,2026-01-13 13:16:26.893381,2026-01-13 13:16:26.893384,f
2455,장천리,4150037026,경기도,2026-01-13 13:16:26.898407,2026-01-13 13:16:26.89841,f
2456,자석리,4150037027,경기도,2026-01-13 13:16:26.90251,2026-01-13 13:16:26.902513,f
2457,암산리,4150037028,경기도,2026-01-13 13:16:26.906581,2026-01-13 13:16:26.906583,f
2458,송계리,4150037029,경기도,2026-01-13 13:16:26.910526,2026-01-13 13:16:26.910528,f
2459,상봉리,4150037030,경기도,2026-01-13 13:16:26.915329,2026-01-13 13:16:26.915333,f
2460,수산리,4150037031,경기도,2026-01-13 13:16:26.919811,2026-01-13 13:16:26.919813,f
2461,대죽리,4150037032,경기도,2026-01-13 13:16:26.923931,2026-01-13 13:16:26.923934,f
2462,율면,4150038000,경기도,2026-01-13 13:16:26.928665,2026-01-13 13:16:26.928667,f
2463,고당리,4150038021,경기도,2026-01-13 13:16:26.934265,2026-01-13 13:16:26.934267,f
2464,신추리,4150038022,경기도,2026-01-13 13:16:26.938953,2026-01-13 13:16:26.938955,f
2465,본죽리,4150038023,경기도,2026-01-13 13:16:26.943602,2026-01-13 13:16:26.943605,f
2466,북두리,4150038024,경기도,2026-01-13 13:16:26.9475,2026-01-13 13:16:26.947502,f
2467,산양리,4150038025,경기도,2026-01-13 13:16:26.951613,2026-01-13 13:16:26.951615,f
2468,석산리,4150038026,경기도,2026-01-13 13:16:26.956562,2026-01-13 13:16:26.956564,f
2469,산성리,4150038027,경기도,2026-01-13 13:16:26.961065,2026-01-13 13:16:26.961067,f
2470,오성리,4150038028,경기도,2026-01-13 13:16:26.965677,2026-01-13 13:16:26.96568,f
2471,월포리,4150038029,경기도,2026-01-13 13:16:26.971519,2026-01-13 13:16:26.971523,f
2472,총곡리,4150038030,경기도,2026-01-13 13:16:26.976557,2026-01-13 13:16:26.97656,f
2473,안성시,4155000000,경기도,2026-01-13 13:16:26.983317,2026-01-13 13:16:26.98332,f
2474,봉산동,4155010100,경기도,2026-01-13 13:16:26.993374,2026-01-13 13:16:26.993387,f
2475,숭인동,4155010200,경기도,2026-01-13 13:16:27.007391,2026-01-13 13:16:27.007398,f
2476,영동,4155010300,경기도,2026-01-13 13:16:27.014344,2026-01-13 13:16:27.014346,f
2477,봉남동,4155010400,경기도,2026-01-13 13:16:27.019142,2026-01-13 13:16:27.019144,f
2478,구포동,4155010500,경기도,2026-01-13 13:16:27.024228,2026-01-13 13:16:27.024231,f
2479,동본동,4155010600,경기도,2026-01-13 13:16:27.028659,2026-01-13 13:16:27.028662,f
2480,명륜동,4155010700,경기도,2026-01-13 13:16:27.033914,2026-01-13 13:16:27.033917,f
2481,옥천동,4155010800,경기도,2026-01-13 13:16:27.038168,2026-01-13 13:16:27.03817,f
2482,낙원동,4155010900,경기도,2026-01-13 13:16:27.042695,2026-01-13 13:16:27.042698,f
2483,창전동,4155011000,경기도,2026-01-13 13:16:27.047395,2026-01-13 13:16:27.047397,f
2484,성남동,4155011100,경기도,2026-01-13 13:16:27.052072,2026-01-13 13:16:27.052074,f
2485,신흥동,4155011200,경기도,2026-01-13 13:16:27.056409,2026-01-13 13:16:27.056412,f
2486,인지동,4155011300,경기도,2026-01-13 13:16:27.060658,2026-01-13 13:16:27.06066,f
2487,금산동,4155011400,경기도,2026-01-13 13:16:27.064573,2026-01-13 13:16:27.064577,f
2488,연지동,4155011500,경기도,2026-01-13 13:16:27.068659,2026-01-13 13:16:27.068661,f
2489,대천동,4155011600,경기도,2026-01-13 13:16:27.073812,2026-01-13 13:16:27.073814,f
2490,서인동,4155011700,경기도,2026-01-13 13:16:27.078112,2026-01-13 13:16:27.078114,f
2491,석정동,4155011800,경기도,2026-01-13 13:16:27.082309,2026-01-13 13:16:27.082311,f
2492,아양동,4155011900,경기도,2026-01-13 13:16:27.087119,2026-01-13 13:16:27.087123,f
2493,금석동,4155012000,경기도,2026-01-13 13:16:27.091793,2026-01-13 13:16:27.091796,f
2494,계동,4155012100,경기도,2026-01-13 13:16:27.096127,2026-01-13 13:16:27.096129,f
2495,옥산동,4155012200,경기도,2026-01-13 13:16:27.100137,2026-01-13 13:16:27.100138,f
2496,사곡동,4155012300,경기도,2026-01-13 13:16:27.104177,2026-01-13 13:16:27.104179,f
2497,도기동,4155012400,경기도,2026-01-13 13:16:27.108065,2026-01-13 13:16:27.108067,f
2498,당왕동,4155012500,경기도,2026-01-13 13:16:27.112675,2026-01-13 13:16:27.11268,f
2499,가사동,4155012600,경기도,2026-01-13 13:16:27.116787,2026-01-13 13:16:27.116789,f
2500,가현동,4155012700,경기도,2026-01-13 13:16:27.121031,2026-01-13 13:16:27.121034,f
2501,신건지동,4155012800,경기도,2026-01-13 13:16:27.124725,2026-01-13 13:16:27.124727,f
2502,신소현동,4155012900,경기도,2026-01-13 13:16:27.129684,2026-01-13 13:16:27.129687,f
2503,신모산동,4155013000,경기도,2026-01-13 13:16:27.136096,2026-01-13 13:16:27.136099,f
2504,현수동,4155013100,경기도,2026-01-13 13:16:27.140398,2026-01-13 13:16:27.140399,f
2505,발화동,4155013200,경기도,2026-01-13 13:16:27.144464,2026-01-13 13:16:27.144465,f
2506,중리동,4155013300,경기도,2026-01-13 13:16:27.148218,2026-01-13 13:16:27.148219,f
2507,공도읍,4155025000,경기도,2026-01-13 13:16:27.15223,2026-01-13 13:16:27.152232,f
2508,양기리,4155025021,경기도,2026-01-13 13:16:27.156846,2026-01-13 13:16:27.156848,f
2509,웅교리,4155025022,경기도,2026-01-13 13:16:27.160945,2026-01-13 13:16:27.160947,f
2510,상리,4159025321,경기도,2026-01-13 13:16:27.16516,2026-01-13 13:16:27.165165,f
2511,내리,4159025322,경기도,2026-01-13 13:16:27.170468,2026-01-13 13:16:27.170473,f
2512,수영리,4159025323,경기도,2026-01-13 13:16:27.175394,2026-01-13 13:16:27.175396,f
2513,신두리,4155025023,경기도,2026-01-13 13:16:27.179515,2026-01-13 13:16:27.179517,f
2514,중복리,4155025024,경기도,2026-01-13 13:16:27.187732,2026-01-13 13:16:27.187736,f
2515,용두리,4155025025,경기도,2026-01-13 13:16:27.194471,2026-01-13 13:16:27.194476,f
2516,승두리,4155025026,경기도,2026-01-13 13:16:27.201761,2026-01-13 13:16:27.201764,f
2517,건천리,4155025027,경기도,2026-01-13 13:16:27.206997,2026-01-13 13:16:27.207,f
2518,불당리,4155025028,경기도,2026-01-13 13:16:27.212418,2026-01-13 13:16:27.212421,f
2519,만정리,4155025029,경기도,2026-01-13 13:16:27.217079,2026-01-13 13:16:27.217081,f
2520,마정리,4155025030,경기도,2026-01-13 13:16:27.221913,2026-01-13 13:16:27.221915,f
2521,진사리,4155025031,경기도,2026-01-13 13:16:27.227856,2026-01-13 13:16:27.227859,f
2522,보개면,4155031000,경기도,2026-01-13 13:16:27.235548,2026-01-13 13:16:27.235552,f
2523,적가리,4155031021,경기도,2026-01-13 13:16:27.240779,2026-01-13 13:16:27.240782,f
2524,기좌리,4155031022,경기도,2026-01-13 13:16:27.245857,2026-01-13 13:16:27.24586,f
2525,북좌리,4155031023,경기도,2026-01-13 13:16:27.250566,2026-01-13 13:16:27.250568,f
2526,상삼리,4155031024,경기도,2026-01-13 13:16:27.255827,2026-01-13 13:16:27.255829,f
2527,신장리,4155031025,경기도,2026-01-13 13:16:27.260519,2026-01-13 13:16:27.260523,f
2528,양복리,4155031026,경기도,2026-01-13 13:16:27.264506,2026-01-13 13:16:27.264508,f
2529,오두리,4155031027,경기도,2026-01-13 13:16:27.269944,2026-01-13 13:16:27.269948,f
2530,이전리,4155031028,경기도,2026-01-13 13:16:27.275903,2026-01-13 13:16:27.275906,f
2531,불현리,4155031029,경기도,2026-01-13 13:16:27.281801,2026-01-13 13:16:27.281803,f
2532,내방리,4155031030,경기도,2026-01-13 13:16:27.288312,2026-01-13 13:16:27.288316,f
2533,동신리,4155031031,경기도,2026-01-13 13:16:27.29314,2026-01-13 13:16:27.293141,f
2534,곡천리,4155031032,경기도,2026-01-13 13:16:27.296584,2026-01-13 13:16:27.296585,f
2535,복평리,4155031033,경기도,2026-01-13 13:16:27.301009,2026-01-13 13:16:27.301011,f
2536,구사리,4155031034,경기도,2026-01-13 13:16:27.308761,2026-01-13 13:16:27.308763,f
2537,가율리,4155031035,경기도,2026-01-13 13:16:27.315937,2026-01-13 13:16:27.315938,f
2538,신안리,4155031036,경기도,2026-01-13 13:16:27.323558,2026-01-13 13:16:27.323561,f
2539,동평리,4155031037,경기도,2026-01-13 13:16:27.328726,2026-01-13 13:16:27.328729,f
2540,남풍리,4155031038,경기도,2026-01-13 13:16:27.33522,2026-01-13 13:16:27.335223,f
2541,북가현리,4155031039,경기도,2026-01-13 13:16:27.339293,2026-01-13 13:16:27.339295,f
2542,금광면,4155032000,경기도,2026-01-13 13:16:27.344234,2026-01-13 13:16:27.344246,f
2543,내우리,4155032021,경기도,2026-01-13 13:16:27.350433,2026-01-13 13:16:27.350435,f
2544,개산리,4155032022,경기도,2026-01-13 13:16:27.356562,2026-01-13 13:16:27.356564,f
2545,장죽리,4155032023,경기도,2026-01-13 13:16:27.361858,2026-01-13 13:16:27.36186,f
2546,상중리,4155032024,경기도,2026-01-13 13:16:27.370107,2026-01-13 13:16:27.370111,f
2547,금광리,4155032025,경기도,2026-01-13 13:16:27.378121,2026-01-13 13:16:27.378124,f
2548,현곡리,4155032026,경기도,2026-01-13 13:16:27.383445,2026-01-13 13:16:27.383447,f
2549,삼흥리,4155032027,경기도,2026-01-13 13:16:27.391973,2026-01-13 13:16:27.391975,f
2550,사흥리,4155032028,경기도,2026-01-13 13:16:27.398133,2026-01-13 13:16:27.398136,f
2551,오흥리,4155032029,경기도,2026-01-13 13:16:27.406179,2026-01-13 13:16:27.406186,f
2552,한운리,4155032030,경기도,2026-01-13 13:16:27.418228,2026-01-13 13:16:27.418232,f
2553,오산리,4155032031,경기도,2026-01-13 13:16:27.426296,2026-01-13 13:16:27.426299,f
2554,옥정리,4155032032,경기도,2026-01-13 13:16:27.434483,2026-01-13 13:16:27.434486,f
2555,석하리,4155032033,경기도,2026-01-13 13:16:27.438459,2026-01-13 13:16:27.438461,f
2556,신양복리,4155032034,경기도,2026-01-13 13:16:27.444645,2026-01-13 13:16:27.444649,f
2557,서운면,4155033000,경기도,2026-01-13 13:16:27.448852,2026-01-13 13:16:27.448855,f
2558,인리,4155033021,경기도,2026-01-13 13:16:27.453879,2026-01-13 13:16:27.453881,f
2559,청용리,4155033022,경기도,2026-01-13 13:16:27.458046,2026-01-13 13:16:27.458048,f
2560,송정리,4155033023,경기도,2026-01-13 13:16:27.461876,2026-01-13 13:16:27.461878,f
2561,신촌리,4155033024,경기도,2026-01-13 13:16:27.465666,2026-01-13 13:16:27.465668,f
2562,산평리,4155033025,경기도,2026-01-13 13:16:27.473761,2026-01-13 13:16:27.473764,f
2563,현매리,4155033026,경기도,2026-01-13 13:16:27.47894,2026-01-13 13:16:27.478943,f
2564,동촌리,4155033027,경기도,2026-01-13 13:16:27.485992,2026-01-13 13:16:27.485999,f
2565,신흥리,4155033028,경기도,2026-01-13 13:16:27.499649,2026-01-13 13:16:27.499658,f
2566,신능리,4155033029,경기도,2026-01-13 13:16:27.506042,2026-01-13 13:16:27.506044,f
2567,신기리,4155033030,경기도,2026-01-13 13:16:27.514857,2026-01-13 13:16:27.514859,f
2568,송산리,4155033031,경기도,2026-01-13 13:16:27.520489,2026-01-13 13:16:27.520493,f
2569,오촌리,4155033032,경기도,2026-01-13 13:16:27.525209,2026-01-13 13:16:27.525212,f
2570,양촌리,4155033033,경기도,2026-01-13 13:16:27.531142,2026-01-13 13:16:27.531146,f
2571,북산리,4155033034,경기도,2026-01-13 13:16:27.535182,2026-01-13 13:16:27.535183,f
2572,미양면,4155034000,경기도,2026-01-13 13:16:27.538782,2026-01-13 13:16:27.538784,f
2573,구례리,4155034021,경기도,2026-01-13 13:16:27.5424,2026-01-13 13:16:27.542403,f
2574,계륵리,4155034022,경기도,2026-01-13 13:16:27.546389,2026-01-13 13:16:27.54639,f
2575,개정리,4155034023,경기도,2026-01-13 13:16:27.554885,2026-01-13 13:16:27.554888,f
2576,신계리,4155034024,경기도,2026-01-13 13:16:27.559428,2026-01-13 13:16:27.559431,f
2577,법전리,4155034025,경기도,2026-01-13 13:16:27.565506,2026-01-13 13:16:27.565508,f
2578,용두리,4155034026,경기도,2026-01-13 13:16:27.569549,2026-01-13 13:16:27.569551,f
2579,고지리,4155034027,경기도,2026-01-13 13:16:27.574652,2026-01-13 13:16:27.574655,f
2580,봉담읍,4159025300,경기도,2026-01-13 13:16:27.579248,2026-01-13 13:16:27.579251,f
2581,정동리,4155034028,경기도,2026-01-13 13:16:27.583825,2026-01-13 13:16:27.583827,f
2582,구수리,4155034029,경기도,2026-01-13 13:16:27.587767,2026-01-13 13:16:27.587769,f
2583,진촌리,4155034030,경기도,2026-01-13 13:16:27.596038,2026-01-13 13:16:27.596041,f
2584,갈전리,4155034031,경기도,2026-01-13 13:16:27.601172,2026-01-13 13:16:27.601175,f
2585,양지리,4155034032,경기도,2026-01-13 13:16:27.606863,2026-01-13 13:16:27.606866,f
2586,보체리,4155034033,경기도,2026-01-13 13:16:27.611814,2026-01-13 13:16:27.611816,f
2587,신기리,4155034034,경기도,2026-01-13 13:16:27.616276,2026-01-13 13:16:27.616278,f
2588,강덕리,4155034035,경기도,2026-01-13 13:16:27.62009,2026-01-13 13:16:27.620092,f
2589,후평리,4155034036,경기도,2026-01-13 13:16:27.624208,2026-01-13 13:16:27.624213,f
2590,마산리,4155034037,경기도,2026-01-13 13:16:27.62877,2026-01-13 13:16:27.628772,f
2591,양변리,4155034038,경기도,2026-01-13 13:16:27.635449,2026-01-13 13:16:27.635452,f
2592,대덕면,4155035000,경기도,2026-01-13 13:16:27.640029,2026-01-13 13:16:27.640031,f
2593,소현리,4155035021,경기도,2026-01-13 13:16:27.646336,2026-01-13 13:16:27.646339,f
2594,토현리,4155035022,경기도,2026-01-13 13:16:27.65248,2026-01-13 13:16:27.652483,f
2595,모산리,4155035023,경기도,2026-01-13 13:16:27.657174,2026-01-13 13:16:27.657176,f
2596,보동리,4155035024,경기도,2026-01-13 13:16:27.661801,2026-01-13 13:16:27.661805,f
2597,명당리,4155035025,경기도,2026-01-13 13:16:27.667701,2026-01-13 13:16:27.667703,f
2598,진현리,4155035026,경기도,2026-01-13 13:16:27.675489,2026-01-13 13:16:27.675491,f
2599,건지리,4155035027,경기도,2026-01-13 13:16:27.680882,2026-01-13 13:16:27.680884,f
2600,내리,4155035028,경기도,2026-01-13 13:16:27.68701,2026-01-13 13:16:27.687013,f
2601,대농리,4155035029,경기도,2026-01-13 13:16:27.693145,2026-01-13 13:16:27.693148,f
2602,죽리,4155035030,경기도,2026-01-13 13:16:27.696765,2026-01-13 13:16:27.696767,f
2603,신령리,4155035031,경기도,2026-01-13 13:16:27.703222,2026-01-13 13:16:27.703224,f
2604,무능리,4155035032,경기도,2026-01-13 13:16:27.709161,2026-01-13 13:16:27.709166,f
2605,소내리,4155035033,경기도,2026-01-13 13:16:27.715481,2026-01-13 13:16:27.715483,f
2606,삼한리,4155035034,경기도,2026-01-13 13:16:27.72048,2026-01-13 13:16:27.720484,f
2607,양성면,4155036000,경기도,2026-01-13 13:16:27.728221,2026-01-13 13:16:27.728224,f
2608,동항리,4155036021,경기도,2026-01-13 13:16:27.735469,2026-01-13 13:16:27.735471,f
2609,구장리,4155036022,경기도,2026-01-13 13:16:27.740285,2026-01-13 13:16:27.740288,f
2610,석화리,4155036023,경기도,2026-01-13 13:16:27.744651,2026-01-13 13:16:27.744654,f
2611,추곡리,4155036024,경기도,2026-01-13 13:16:27.749439,2026-01-13 13:16:27.749441,f
2612,조일리,4155036025,경기도,2026-01-13 13:16:27.758615,2026-01-13 13:16:27.758619,f
2613,도곡리,4155036026,경기도,2026-01-13 13:16:27.767023,2026-01-13 13:16:27.767026,f
2614,산정리,4155036027,경기도,2026-01-13 13:16:27.775621,2026-01-13 13:16:27.775623,f
2615,이현리,4155036028,경기도,2026-01-13 13:16:27.780334,2026-01-13 13:16:27.780338,f
2616,장서리,4155036029,경기도,2026-01-13 13:16:27.784839,2026-01-13 13:16:27.784845,f
2617,난실리,4155036030,경기도,2026-01-13 13:16:27.79027,2026-01-13 13:16:27.790273,f
2618,노곡리,4155036031,경기도,2026-01-13 13:16:27.795916,2026-01-13 13:16:27.79592,f
2619,미산리,4155036032,경기도,2026-01-13 13:16:27.801115,2026-01-13 13:16:27.801118,f
2620,방축리,4155036033,경기도,2026-01-13 13:16:27.805292,2026-01-13 13:16:27.805294,f
2621,필산리,4155036034,경기도,2026-01-13 13:16:27.810361,2026-01-13 13:16:27.810363,f
2622,덕봉리,4155036035,경기도,2026-01-13 13:16:27.819668,2026-01-13 13:16:27.819671,f
2623,명목리,4155036036,경기도,2026-01-13 13:16:27.826136,2026-01-13 13:16:27.826139,f
2624,삼암리,4155036037,경기도,2026-01-13 13:16:27.831749,2026-01-13 13:16:27.831752,f
2625,방신리,4155036038,경기도,2026-01-13 13:16:27.837734,2026-01-13 13:16:27.837737,f
2626,원곡면,4155038000,경기도,2026-01-13 13:16:27.844512,2026-01-13 13:16:27.844514,f
2627,성은리,4155038021,경기도,2026-01-13 13:16:27.848487,2026-01-13 13:16:27.848489,f
2628,칠곡리,4155038022,경기도,2026-01-13 13:16:27.853371,2026-01-13 13:16:27.853374,f
2629,지문리,4155038023,경기도,2026-01-13 13:16:27.861742,2026-01-13 13:16:27.861744,f
2630,산하리,4155038024,경기도,2026-01-13 13:16:27.865872,2026-01-13 13:16:27.865874,f
2631,내가천리,4155038025,경기도,2026-01-13 13:16:27.872029,2026-01-13 13:16:27.872032,f
2632,외가천리,4155038026,경기도,2026-01-13 13:16:27.879228,2026-01-13 13:16:27.879231,f
2633,반제리,4155038027,경기도,2026-01-13 13:16:27.884545,2026-01-13 13:16:27.884548,f
2634,성주리,4155038028,경기도,2026-01-13 13:16:27.888658,2026-01-13 13:16:27.888661,f
2635,일죽면,4155039000,경기도,2026-01-13 13:16:27.894702,2026-01-13 13:16:27.894704,f
2636,월정리,4155039021,경기도,2026-01-13 13:16:27.901818,2026-01-13 13:16:27.901821,f
2637,주천리,4155039022,경기도,2026-01-13 13:16:27.90736,2026-01-13 13:16:27.907362,f
2638,죽림리,4155039023,경기도,2026-01-13 13:16:27.912201,2026-01-13 13:16:27.912203,f
2639,가리,4155039024,경기도,2026-01-13 13:16:27.918463,2026-01-13 13:16:27.918466,f
2640,산북리,4155039025,경기도,2026-01-13 13:16:27.923651,2026-01-13 13:16:27.923653,f
2641,당촌리,4155039026,경기도,2026-01-13 13:16:27.92823,2026-01-13 13:16:27.928232,f
2642,방초리,4155039027,경기도,2026-01-13 13:16:27.93431,2026-01-13 13:16:27.934312,f
2643,송천리,4155039028,경기도,2026-01-13 13:16:27.942219,2026-01-13 13:16:27.942221,f
2644,고은리,4155039029,경기도,2026-01-13 13:16:27.946881,2026-01-13 13:16:27.946884,f
2645,화곡리,4155039030,경기도,2026-01-13 13:16:27.952875,2026-01-13 13:16:27.952878,f
2646,능국리,4155039031,경기도,2026-01-13 13:16:27.959091,2026-01-13 13:16:27.959094,f
2647,신흥리,4155039032,경기도,2026-01-13 13:16:27.9639,2026-01-13 13:16:27.963904,f
2648,금산리,4155039033,경기도,2026-01-13 13:16:27.968774,2026-01-13 13:16:27.968777,f
2649,장암리,4155039034,경기도,2026-01-13 13:16:27.97406,2026-01-13 13:16:27.974062,f
2650,화봉리,4155039035,경기도,2026-01-13 13:16:27.983197,2026-01-13 13:16:27.9832,f
2651,죽산면,4155040000,경기도,2026-01-13 13:16:27.989104,2026-01-13 13:16:27.989109,f
2652,죽산리,4155040021,경기도,2026-01-13 13:16:28.000211,2026-01-13 13:16:28.000216,f
2653,매산리,4155040022,경기도,2026-01-13 13:16:28.006923,2026-01-13 13:16:28.006925,f
2654,장원리,4155040023,경기도,2026-01-13 13:16:28.012671,2026-01-13 13:16:28.012674,f
2655,두현리,4155040024,경기도,2026-01-13 13:16:28.017545,2026-01-13 13:16:28.017547,f
2656,장능리,4155040025,경기도,2026-01-13 13:16:28.023591,2026-01-13 13:16:28.023595,f
2657,장계리,4155040026,경기도,2026-01-13 13:16:28.028225,2026-01-13 13:16:28.028228,f
2658,용설리,4155040027,경기도,2026-01-13 13:16:28.034395,2026-01-13 13:16:28.034397,f
2659,칠장리,4155040028,경기도,2026-01-13 13:16:28.048738,2026-01-13 13:16:28.048743,f
2660,당목리,4155040029,경기도,2026-01-13 13:16:28.057194,2026-01-13 13:16:28.057197,f
2661,두교리,4155040030,경기도,2026-01-13 13:16:28.062891,2026-01-13 13:16:28.062894,f
2662,삼죽면,4155041000,경기도,2026-01-13 13:16:28.068474,2026-01-13 13:16:28.068476,f
2663,내장리,4155041021,경기도,2026-01-13 13:16:28.074549,2026-01-13 13:16:28.074552,f
2664,율곡리,4155041022,경기도,2026-01-13 13:16:28.080507,2026-01-13 13:16:28.08051,f
2665,용월리,4155041023,경기도,2026-01-13 13:16:28.084894,2026-01-13 13:16:28.084895,f
2666,덕산리,4155041024,경기도,2026-01-13 13:16:28.089578,2026-01-13 13:16:28.089583,f
2667,배태리,4155041025,경기도,2026-01-13 13:16:28.094637,2026-01-13 13:16:28.094639,f
2668,내강리,4155041026,경기도,2026-01-13 13:16:28.099261,2026-01-13 13:16:28.099264,f
2669,진촌리,4155041027,경기도,2026-01-13 13:16:28.104275,2026-01-13 13:16:28.104278,f
2670,미장리,4155041028,경기도,2026-01-13 13:16:28.109686,2026-01-13 13:16:28.109688,f
2671,마전리,4155041029,경기도,2026-01-13 13:16:28.116271,2026-01-13 13:16:28.116274,f
2672,기솔리,4155041030,경기도,2026-01-13 13:16:28.121815,2026-01-13 13:16:28.121818,f
2673,고삼면,4155042000,경기도,2026-01-13 13:16:28.125702,2026-01-13 13:16:28.125704,f
2674,쌍지리,4155042021,경기도,2026-01-13 13:16:28.12992,2026-01-13 13:16:28.129923,f
2675,신창리,4155042022,경기도,2026-01-13 13:16:28.134939,2026-01-13 13:16:28.134941,f
2676,대갈리,4155042023,경기도,2026-01-13 13:16:28.139017,2026-01-13 13:16:28.139019,f
2677,가유리,4155042024,경기도,2026-01-13 13:16:28.144566,2026-01-13 13:16:28.144568,f
2678,삼은리,4155042025,경기도,2026-01-13 13:16:28.150019,2026-01-13 13:16:28.150021,f
2679,봉산리,4155042026,경기도,2026-01-13 13:16:28.1564,2026-01-13 13:16:28.156403,f
2680,월향리,4155042027,경기도,2026-01-13 13:16:28.161828,2026-01-13 13:16:28.16183,f
2681,김포시,4157000000,경기도,2026-01-13 13:16:28.165734,2026-01-13 13:16:28.165736,f
2682,북변동,4157010100,경기도,2026-01-13 13:16:28.169276,2026-01-13 13:16:28.16928,f
2683,걸포동,4157010200,경기도,2026-01-13 13:16:28.174204,2026-01-13 13:16:28.174206,f
2684,운양동,4157010300,경기도,2026-01-13 13:16:28.17926,2026-01-13 13:16:28.179262,f
2685,장기동,4157010400,경기도,2026-01-13 13:16:28.184776,2026-01-13 13:16:28.184777,f
2686,감정동,4157010500,경기도,2026-01-13 13:16:28.190186,2026-01-13 13:16:28.190188,f
2687,사우동,4157010600,경기도,2026-01-13 13:16:28.196431,2026-01-13 13:16:28.196435,f
2688,풍무동,4157010700,경기도,2026-01-13 13:16:28.202208,2026-01-13 13:16:28.20221,f
2689,마산동,4157010800,경기도,2026-01-13 13:16:28.206188,2026-01-13 13:16:28.20619,f
2690,구래동,4157010900,경기도,2026-01-13 13:16:28.211112,2026-01-13 13:16:28.211114,f
2691,통진읍,4157025000,경기도,2026-01-13 13:16:28.215849,2026-01-13 13:16:28.215851,f
2692,도사리,4157025021,경기도,2026-01-13 13:16:28.224168,2026-01-13 13:16:28.224171,f
2693,마송리,4157025022,경기도,2026-01-13 13:16:28.231586,2026-01-13 13:16:28.231589,f
2694,서암리,4157025023,경기도,2026-01-13 13:16:28.238476,2026-01-13 13:16:28.238484,f
2695,수참리,4157025024,경기도,2026-01-13 13:16:28.247986,2026-01-13 13:16:28.247989,f
2696,가현리,4157025025,경기도,2026-01-13 13:16:28.253444,2026-01-13 13:16:28.253447,f
2697,동을산리,4157025026,경기도,2026-01-13 13:16:28.263076,2026-01-13 13:16:28.263082,f
2698,귀전리,4157025027,경기도,2026-01-13 13:16:28.273373,2026-01-13 13:16:28.273377,f
2699,고정리,4157025028,경기도,2026-01-13 13:16:28.280509,2026-01-13 13:16:28.280513,f
2700,옹정리,4157025029,경기도,2026-01-13 13:16:28.285863,2026-01-13 13:16:28.285865,f
2701,고촌읍,4157025300,경기도,2026-01-13 13:16:28.290887,2026-01-13 13:16:28.290889,f
2702,향산리,4157025321,경기도,2026-01-13 13:16:28.298321,2026-01-13 13:16:28.298326,f
2703,풍곡리,4157025322,경기도,2026-01-13 13:16:28.308613,2026-01-13 13:16:28.308617,f
2704,태리,4157025323,경기도,2026-01-13 13:16:28.313384,2026-01-13 13:16:28.313387,f
2705,신곡리,4157025324,경기도,2026-01-13 13:16:28.319369,2026-01-13 13:16:28.319371,f
2706,전호리,4157025325,경기도,2026-01-13 13:16:28.325146,2026-01-13 13:16:28.325149,f
2707,양촌읍,4157025600,경기도,2026-01-13 13:16:28.333259,2026-01-13 13:16:28.333265,f
2708,양곡리,4157025621,경기도,2026-01-13 13:16:28.339415,2026-01-13 13:16:28.339418,f
2709,누산리,4157025622,경기도,2026-01-13 13:16:28.347213,2026-01-13 13:16:28.347216,f
2710,석모리,4157025623,경기도,2026-01-13 13:16:28.353103,2026-01-13 13:16:28.353106,f
2711,구래리,4157025624,경기도,2026-01-13 13:16:28.359917,2026-01-13 13:16:28.359922,f
2712,대포리,4157025625,경기도,2026-01-13 13:16:28.368523,2026-01-13 13:16:28.368529,f
2713,학운리,4157025626,경기도,2026-01-13 13:16:28.374647,2026-01-13 13:16:28.37465,f
2714,유현리,4157025627,경기도,2026-01-13 13:16:28.380185,2026-01-13 13:16:28.380188,f
2715,흥신리,4157025628,경기도,2026-01-13 13:16:28.388671,2026-01-13 13:16:28.388674,f
2716,대곶면,4157034000,경기도,2026-01-13 13:16:28.394859,2026-01-13 13:16:28.394862,f
2717,대능리,4157034021,경기도,2026-01-13 13:16:28.402261,2026-01-13 13:16:28.402264,f
2718,대벽리,4157034022,경기도,2026-01-13 13:16:28.407029,2026-01-13 13:16:28.407031,f
2719,약암리,4157034023,경기도,2026-01-13 13:16:28.413917,2026-01-13 13:16:28.413921,f
2720,상마리,4157034024,경기도,2026-01-13 13:16:28.418984,2026-01-13 13:16:28.418987,f
2721,율생리,4157034025,경기도,2026-01-13 13:16:28.427524,2026-01-13 13:16:28.427526,f
2722,초원지리,4157034026,경기도,2026-01-13 13:16:28.434754,2026-01-13 13:16:28.434756,f
2723,거물대리,4157034027,경기도,2026-01-13 13:16:28.440594,2026-01-13 13:16:28.440595,f
2724,오니산리,4157034028,경기도,2026-01-13 13:16:28.445857,2026-01-13 13:16:28.445859,f
2725,송마리,4157034029,경기도,2026-01-13 13:16:28.450411,2026-01-13 13:16:28.450413,f
2726,석정리,4157034030,경기도,2026-01-13 13:16:28.455627,2026-01-13 13:16:28.455629,f
2727,쇄암리,4157034031,경기도,2026-01-13 13:16:28.460616,2026-01-13 13:16:28.460618,f
2728,신안리,4157034032,경기도,2026-01-13 13:16:28.469467,2026-01-13 13:16:28.46947,f
2729,대명리,4157034033,경기도,2026-01-13 13:16:28.477835,2026-01-13 13:16:28.477851,f
2730,월곶면,4157035000,경기도,2026-01-13 13:16:28.489077,2026-01-13 13:16:28.489081,f
2731,군하리,4157035021,경기도,2026-01-13 13:16:28.496939,2026-01-13 13:16:28.496942,f
2732,고막리,4157035022,경기도,2026-01-13 13:16:28.502039,2026-01-13 13:16:28.502042,f
2733,갈산리,4157035023,경기도,2026-01-13 13:16:28.506926,2026-01-13 13:16:28.506928,f
2734,고양리,4157035024,경기도,2026-01-13 13:16:28.513032,2026-01-13 13:16:28.513034,f
2735,포내리,4157035025,경기도,2026-01-13 13:16:28.525379,2026-01-13 13:16:28.525385,f
2736,성동리,4157035026,경기도,2026-01-13 13:16:28.530377,2026-01-13 13:16:28.53038,f
2737,보구곶리,4157035027,경기도,2026-01-13 13:16:28.535995,2026-01-13 13:16:28.535997,f
2738,용강리,4157035028,경기도,2026-01-13 13:16:28.542616,2026-01-13 13:16:28.542621,f
2739,조강리,4157035029,경기도,2026-01-13 13:16:28.547543,2026-01-13 13:16:28.547546,f
2740,개곡리,4157035030,경기도,2026-01-13 13:16:28.552938,2026-01-13 13:16:28.55294,f
2741,하성면,4157036000,경기도,2026-01-13 13:16:28.560531,2026-01-13 13:16:28.560536,f
2742,마곡리,4157036021,경기도,2026-01-13 13:16:28.570791,2026-01-13 13:16:28.570798,f
2743,석탄리,4157036022,경기도,2026-01-13 13:16:28.577249,2026-01-13 13:16:28.577254,f
2744,후평리,4157036023,경기도,2026-01-13 13:16:28.58285,2026-01-13 13:16:28.582854,f
2745,시암리,4157036024,경기도,2026-01-13 13:16:28.587303,2026-01-13 13:16:28.587308,f
2746,마조리,4157036025,경기도,2026-01-13 13:16:28.595313,2026-01-13 13:16:28.595315,f
2747,가금리,4157036026,경기도,2026-01-13 13:16:28.60084,2026-01-13 13:16:28.600842,f
2748,양택리,4157036027,경기도,2026-01-13 13:16:28.605848,2026-01-13 13:16:28.605851,f
2749,원산리,4157036028,경기도,2026-01-13 13:16:28.612264,2026-01-13 13:16:28.612269,f
2750,하사리,4157036029,경기도,2026-01-13 13:16:28.617476,2026-01-13 13:16:28.617478,f
2751,봉성리,4157036030,경기도,2026-01-13 13:16:28.621752,2026-01-13 13:16:28.621754,f
2752,전류리,4157036031,경기도,2026-01-13 13:16:28.626378,2026-01-13 13:16:28.62638,f
2753,마근포리,4157036032,경기도,2026-01-13 13:16:28.635023,2026-01-13 13:16:28.635026,f
2754,화성시,4159000000,경기도,2026-01-13 13:16:28.642202,2026-01-13 13:16:28.642204,f
2755,진안동,4159011600,경기도,2026-01-13 13:16:28.647458,2026-01-13 13:16:28.647461,f
2756,병점동,4159011700,경기도,2026-01-13 13:16:28.652571,2026-01-13 13:16:28.652575,f
2757,능동,4159011800,경기도,2026-01-13 13:16:28.657116,2026-01-13 13:16:28.657118,f
2758,기산동,4159011900,경기도,2026-01-13 13:16:28.664522,2026-01-13 13:16:28.664526,f
2759,반월동,4159012000,경기도,2026-01-13 13:16:28.673742,2026-01-13 13:16:28.673816,f
2760,반정동,4159012100,경기도,2026-01-13 13:16:28.68116,2026-01-13 13:16:28.681163,f
2761,황계동,4159012200,경기도,2026-01-13 13:16:28.686336,2026-01-13 13:16:28.686339,f
2762,배양동,4159012300,경기도,2026-01-13 13:16:28.694364,2026-01-13 13:16:28.694368,f
2763,기안동,4159012400,경기도,2026-01-13 13:16:28.701196,2026-01-13 13:16:28.701198,f
2764,송산동,4159012500,경기도,2026-01-13 13:16:28.705617,2026-01-13 13:16:28.70562,f
2765,안녕동,4159012600,경기도,2026-01-13 13:16:28.710178,2026-01-13 13:16:28.71018,f
2766,반송동,4159012700,경기도,2026-01-13 13:16:28.716711,2026-01-13 13:16:28.716714,f
2767,석우동,4159012800,경기도,2026-01-13 13:16:28.721564,2026-01-13 13:16:28.721566,f
2768,오산동,4159012900,경기도,2026-01-13 13:16:28.72727,2026-01-13 13:16:28.727273,f
2769,청계동,4159013000,경기도,2026-01-13 13:16:28.733927,2026-01-13 13:16:28.73393,f
2770,영천동,4159013100,경기도,2026-01-13 13:16:28.739487,2026-01-13 13:16:28.73949,f
2771,중동,4159013200,경기도,2026-01-13 13:16:28.744335,2026-01-13 13:16:28.744337,f
2772,신동,4159013300,경기도,2026-01-13 13:16:28.749364,2026-01-13 13:16:28.749367,f
2773,목동,4159013400,경기도,2026-01-13 13:16:28.756401,2026-01-13 13:16:28.756403,f
2774,산척동,4159013500,경기도,2026-01-13 13:16:28.761891,2026-01-13 13:16:28.761893,f
2775,장지동,4159013600,경기도,2026-01-13 13:16:28.7669,2026-01-13 13:16:28.766902,f
2776,송동,4159013700,경기도,2026-01-13 13:16:28.773339,2026-01-13 13:16:28.773341,f
2777,방교동,4159013800,경기도,2026-01-13 13:16:28.77854,2026-01-13 13:16:28.778542,f
2778,금곡동,4159013900,경기도,2026-01-13 13:16:28.783445,2026-01-13 13:16:28.783447,f
2779,새솔동,4159014000,경기도,2026-01-13 13:16:28.787599,2026-01-13 13:16:28.787601,f
2780,화리현리,4159025927,경기도,2026-01-13 13:16:28.791534,2026-01-13 13:16:28.791536,f
2781,상두리,4159025928,경기도,2026-01-13 13:16:28.79755,2026-01-13 13:16:28.797553,f
2782,백토리,4159025929,경기도,2026-01-13 13:16:28.802809,2026-01-13 13:16:28.802812,f
2783,길성리,4159025930,경기도,2026-01-13 13:16:28.808606,2026-01-13 13:16:28.808609,f
2784,요리,4159025931,경기도,2026-01-13 13:16:28.815644,2026-01-13 13:16:28.815647,f
2785,수직리,4159025932,경기도,2026-01-13 13:16:28.821759,2026-01-13 13:16:28.821761,f
2786,갈천리,4159025933,경기도,2026-01-13 13:16:28.82659,2026-01-13 13:16:28.826592,f
2787,증거리,4159025934,경기도,2026-01-13 13:16:28.830876,2026-01-13 13:16:28.830879,f
2788,송곡리,4159025935,경기도,2026-01-13 13:16:28.84096,2026-01-13 13:16:28.840963,f
2789,동오리,4159025936,경기도,2026-01-13 13:16:28.849537,2026-01-13 13:16:28.849539,f
2790,관리,4159025937,경기도,2026-01-13 13:16:28.856734,2026-01-13 13:16:28.856738,f
2791,도이리,4159025938,경기도,2026-01-13 13:16:28.861783,2026-01-13 13:16:28.861785,f
2792,행정리,4159025939,경기도,2026-01-13 13:16:28.866168,2026-01-13 13:16:28.86617,f
2793,방축리,4159025940,경기도,2026-01-13 13:16:28.871184,2026-01-13 13:16:28.871187,f
2794,장짐리,4159025941,경기도,2026-01-13 13:16:28.878599,2026-01-13 13:16:28.878602,f
2795,남양읍,4159026200,경기도,2026-01-13 13:16:28.883322,2026-01-13 13:16:28.883324,f
2796,남양리,4159026221,경기도,2026-01-13 13:16:28.889018,2026-01-13 13:16:28.88902,f
2797,신남리,4159026222,경기도,2026-01-13 13:16:28.89516,2026-01-13 13:16:28.895162,f
2798,장덕리,4159026223,경기도,2026-01-13 13:16:28.900612,2026-01-13 13:16:28.900615,f
2799,안석리,4159026224,경기도,2026-01-13 13:16:28.904823,2026-01-13 13:16:28.904825,f
2800,활초리,4159026225,경기도,2026-01-13 13:16:28.90867,2026-01-13 13:16:28.908672,f
2801,온석리,4159026226,경기도,2026-01-13 13:16:28.917468,2026-01-13 13:16:28.91747,f
2802,무송리,4159026227,경기도,2026-01-13 13:16:28.923978,2026-01-13 13:16:28.92398,f
2803,북양리,4159026228,경기도,2026-01-13 13:16:28.930072,2026-01-13 13:16:28.930075,f
2804,송림리,4159026229,경기도,2026-01-13 13:16:28.935555,2026-01-13 13:16:28.935558,f
2805,수화리,4159026230,경기도,2026-01-13 13:16:28.939917,2026-01-13 13:16:28.93992,f
2806,장전리,4159026231,경기도,2026-01-13 13:16:28.944305,2026-01-13 13:16:28.944306,f
2807,신외리,4159026232,경기도,2026-01-13 13:16:28.948342,2026-01-13 13:16:28.948344,f
2808,문호리,4159026233,경기도,2026-01-13 13:16:28.952221,2026-01-13 13:16:28.952223,f
2809,시리,4159026234,경기도,2026-01-13 13:16:28.960034,2026-01-13 13:16:28.960038,f
2810,원천리,4159026235,경기도,2026-01-13 13:16:28.964997,2026-01-13 13:16:28.965001,f
2811,매송면,4159031000,경기도,2026-01-13 13:16:28.969687,2026-01-13 13:16:28.969691,f
2812,천천리,4159031021,경기도,2026-01-13 13:16:28.976933,2026-01-13 13:16:28.976936,f
2813,원평리,4159031022,경기도,2026-01-13 13:16:28.982073,2026-01-13 13:16:28.982076,f
2814,어천리,4159031023,경기도,2026-01-13 13:16:28.986225,2026-01-13 13:16:28.986229,f
2815,숙곡리,4159031024,경기도,2026-01-13 13:16:28.991009,2026-01-13 13:16:28.991013,f
2816,야목리,4159031025,경기도,2026-01-13 13:16:29.000281,2026-01-13 13:16:29.000283,f
2817,송라리,4159031026,경기도,2026-01-13 13:16:29.005009,2026-01-13 13:16:29.005012,f
2818,원리,4159031027,경기도,2026-01-13 13:16:29.011251,2026-01-13 13:16:29.011253,f
2819,비봉면,4159032000,경기도,2026-01-13 13:16:29.01606,2026-01-13 13:16:29.016062,f
2820,양노리,4159032021,경기도,2026-01-13 13:16:29.020432,2026-01-13 13:16:29.020434,f
2821,남전리,4159032022,경기도,2026-01-13 13:16:29.024586,2026-01-13 13:16:29.024589,f
2822,유포리,4159032023,경기도,2026-01-13 13:16:29.028632,2026-01-13 13:16:29.028634,f
2823,삼화리,4159032024,경기도,2026-01-13 13:16:29.032696,2026-01-13 13:16:29.032698,f
2824,구포리,4159032025,경기도,2026-01-13 13:16:29.039769,2026-01-13 13:16:29.039771,f
2825,쌍학리,4159032026,경기도,2026-01-13 13:16:29.045739,2026-01-13 13:16:29.045742,f
2826,청요리,4159032027,경기도,2026-01-13 13:16:29.05175,2026-01-13 13:16:29.051752,f
2827,자안리,4159032028,경기도,2026-01-13 13:16:29.058021,2026-01-13 13:16:29.058024,f
2828,마도면,4159033000,경기도,2026-01-13 13:16:29.062694,2026-01-13 13:16:29.062695,f
2829,석교리,4159033021,경기도,2026-01-13 13:16:29.066972,2026-01-13 13:16:29.066974,f
2830,두곡리,4159033022,경기도,2026-01-13 13:16:29.073936,2026-01-13 13:16:29.073947,f
2831,송정리,4159033023,경기도,2026-01-13 13:16:29.080084,2026-01-13 13:16:29.080087,f
2832,쌍송리,4159033024,경기도,2026-01-13 13:16:29.084875,2026-01-13 13:16:29.084877,f
2833,청원리,4159033025,경기도,2026-01-13 13:16:29.09101,2026-01-13 13:16:29.091013,f
2834,슬항리,4159033026,경기도,2026-01-13 13:16:29.098437,2026-01-13 13:16:29.098443,f
2835,해문리,4159033027,경기도,2026-01-13 13:16:29.106453,2026-01-13 13:16:29.106456,f
2836,백곡리,4159033028,경기도,2026-01-13 13:16:29.111606,2026-01-13 13:16:29.111608,f
2837,금당리,4159033029,경기도,2026-01-13 13:16:29.121024,2026-01-13 13:16:29.121026,f
2838,고모리,4159033030,경기도,2026-01-13 13:16:29.125468,2026-01-13 13:16:29.125471,f
2839,송산면,4159034000,경기도,2026-01-13 13:16:29.132603,2026-01-13 13:16:29.132607,f
2840,사강리,4159034021,경기도,2026-01-13 13:16:29.139615,2026-01-13 13:16:29.139618,f
2841,봉가리,4159034022,경기도,2026-01-13 13:16:29.145616,2026-01-13 13:16:29.145619,f
2842,삼존리,4159034023,경기도,2026-01-13 13:16:29.150056,2026-01-13 13:16:29.150058,f
2843,용포리,4159034024,경기도,2026-01-13 13:16:29.154572,2026-01-13 13:16:29.154574,f
2844,고정리,4159034025,경기도,2026-01-13 13:16:29.160407,2026-01-13 13:16:29.160409,f
2845,쌍정리,4159034026,경기도,2026-01-13 13:16:29.165486,2026-01-13 13:16:29.165488,f
2846,천등리,4159034027,경기도,2026-01-13 13:16:29.172638,2026-01-13 13:16:29.172642,f
2847,신천리,4159034028,경기도,2026-01-13 13:16:29.177566,2026-01-13 13:16:29.177567,f
2848,독지리,4159034029,경기도,2026-01-13 13:16:29.18164,2026-01-13 13:16:29.181642,f
2849,마산리,4159034030,경기도,2026-01-13 13:16:29.185548,2026-01-13 13:16:29.185551,f
2850,고포리,4159034031,경기도,2026-01-13 13:16:29.18965,2026-01-13 13:16:29.189652,f
2851,지화리,4159034032,경기도,2026-01-13 13:16:29.194005,2026-01-13 13:16:29.194007,f
2852,중송리,4159034033,경기도,2026-01-13 13:16:29.203052,2026-01-13 13:16:29.203056,f
2853,육일리,4159034034,경기도,2026-01-13 13:16:29.212851,2026-01-13 13:16:29.212854,f
2854,칠곡리,4159034035,경기도,2026-01-13 13:16:29.219192,2026-01-13 13:16:29.219198,f
2855,서신면,4159035000,경기도,2026-01-13 13:16:29.225461,2026-01-13 13:16:29.225463,f
2856,전곡리,4159035021,경기도,2026-01-13 13:16:29.229515,2026-01-13 13:16:29.229517,f
2857,상안리,4159035022,경기도,2026-01-13 13:16:29.234066,2026-01-13 13:16:29.234068,f
2858,광평리,4159035023,경기도,2026-01-13 13:16:29.243269,2026-01-13 13:16:29.243272,f
2859,장외리,4159035024,경기도,2026-01-13 13:16:29.24826,2026-01-13 13:16:29.248262,f
2860,송교리,4159035025,경기도,2026-01-13 13:16:29.253119,2026-01-13 13:16:29.253123,f
2861,제부리,4159035026,경기도,2026-01-13 13:16:29.261482,2026-01-13 13:16:29.261485,f
2862,홍법리,4159035027,경기도,2026-01-13 13:16:29.268824,2026-01-13 13:16:29.268826,f
2863,매화리,4159035029,경기도,2026-01-13 13:16:29.273273,2026-01-13 13:16:29.273276,f
2864,용두리,4159035030,경기도,2026-01-13 13:16:29.278251,2026-01-13 13:16:29.278254,f
2865,궁평리,4159035031,경기도,2026-01-13 13:16:29.288334,2026-01-13 13:16:29.288342,f
2866,백미리,4159035032,경기도,2026-01-13 13:16:29.302351,2026-01-13 13:16:29.302356,f
2867,팔탄면,4159036000,경기도,2026-01-13 13:16:29.309407,2026-01-13 13:16:29.30941,f
2868,하저리,4159036021,경기도,2026-01-13 13:16:29.31481,2026-01-13 13:16:29.314815,f
2869,창곡리,4159036022,경기도,2026-01-13 13:16:29.3195,2026-01-13 13:16:29.319502,f
2870,기천리,4159036023,경기도,2026-01-13 13:16:29.324373,2026-01-13 13:16:29.324375,f
2871,가재리,4159036024,경기도,2026-01-13 13:16:29.331719,2026-01-13 13:16:29.331723,f
2872,구장리,4159036025,경기도,2026-01-13 13:16:29.336887,2026-01-13 13:16:29.33689,f
2873,율암리,4159036026,경기도,2026-01-13 13:16:29.341395,2026-01-13 13:16:29.341396,f
2874,노하리,4159036027,경기도,2026-01-13 13:16:29.34552,2026-01-13 13:16:29.345521,f
2875,덕천리,4159036028,경기도,2026-01-13 13:16:29.349889,2026-01-13 13:16:29.349891,f
2876,지월리,4159036029,경기도,2026-01-13 13:16:29.35402,2026-01-13 13:16:29.354023,f
2877,덕우리,4159036030,경기도,2026-01-13 13:16:29.358475,2026-01-13 13:16:29.358478,f
2878,서근리,4159036031,경기도,2026-01-13 13:16:29.365488,2026-01-13 13:16:29.36549,f
2879,월문리,4159036032,경기도,2026-01-13 13:16:29.373107,2026-01-13 13:16:29.373111,f
2880,화당리,4159036033,경기도,2026-01-13 13:16:29.378014,2026-01-13 13:16:29.378016,f
2881,고주리,4159036034,경기도,2026-01-13 13:16:29.383343,2026-01-13 13:16:29.383345,f
2882,매곡리,4159036035,경기도,2026-01-13 13:16:29.387317,2026-01-13 13:16:29.38732,f
2883,해창리,4159036036,경기도,2026-01-13 13:16:29.391365,2026-01-13 13:16:29.391368,f
2884,장안면,4159037000,경기도,2026-01-13 13:16:29.395394,2026-01-13 13:16:29.395396,f
2885,어은리,4159037021,경기도,2026-01-13 13:16:29.399813,2026-01-13 13:16:29.399815,f
2886,석포리,4159037022,경기도,2026-01-13 13:16:29.405842,2026-01-13 13:16:29.405844,f
2887,수촌리,4159037023,경기도,2026-01-13 13:16:29.412069,2026-01-13 13:16:29.412073,f
2888,독정리,4159037024,경기도,2026-01-13 13:16:29.417439,2026-01-13 13:16:29.417441,f
2889,장안리,4159037025,경기도,2026-01-13 13:16:29.422894,2026-01-13 13:16:29.422897,f
2890,덕다리,4159037026,경기도,2026-01-13 13:16:29.426981,2026-01-13 13:16:29.426982,f
2891,사랑리,4159037027,경기도,2026-01-13 13:16:29.430944,2026-01-13 13:16:29.430947,f
2892,금의리,4159037028,경기도,2026-01-13 13:16:29.436505,2026-01-13 13:16:29.436511,f
2893,사곡리,4159037029,경기도,2026-01-13 13:16:29.442533,2026-01-13 13:16:29.442535,f
2894,노진리,4159037030,경기도,2026-01-13 13:16:29.44664,2026-01-13 13:16:29.446642,f
2895,양감면,4159040000,경기도,2026-01-13 13:16:29.453094,2026-01-13 13:16:29.453097,f
2896,신왕리,4159040021,경기도,2026-01-13 13:16:29.458402,2026-01-13 13:16:29.458404,f
2897,사창리,4159040022,경기도,2026-01-13 13:16:29.463995,2026-01-13 13:16:29.463998,f
2898,정문리,4159040023,경기도,2026-01-13 13:16:29.467818,2026-01-13 13:16:29.467819,f
2899,송산리,4159040024,경기도,2026-01-13 13:16:29.472099,2026-01-13 13:16:29.472102,f
2900,용소리,4159040025,경기도,2026-01-13 13:16:29.478579,2026-01-13 13:16:29.478583,f
2901,요당리,4159040026,경기도,2026-01-13 13:16:29.483871,2026-01-13 13:16:29.483873,f
2902,대양리,4159040027,경기도,2026-01-13 13:16:29.489408,2026-01-13 13:16:29.489411,f
2903,정남면,4159041000,경기도,2026-01-13 13:16:29.497825,2026-01-13 13:16:29.497835,f
2904,발산리,4159041021,경기도,2026-01-13 13:16:29.50595,2026-01-13 13:16:29.505954,f
2905,괘랑리,4159041022,경기도,2026-01-13 13:16:29.509801,2026-01-13 13:16:29.509803,f
2906,보통리,4159041023,경기도,2026-01-13 13:16:29.513577,2026-01-13 13:16:29.51358,f
2907,관항리,4159041024,경기도,2026-01-13 13:16:29.518668,2026-01-13 13:16:29.518671,f
2908,오일리,4159041025,경기도,2026-01-13 13:16:29.523125,2026-01-13 13:16:29.523128,f
2909,백리,4159041026,경기도,2026-01-13 13:16:29.529075,2026-01-13 13:16:29.529077,f
2910,문학리,4159041027,경기도,2026-01-13 13:16:29.534639,2026-01-13 13:16:29.534642,f
2911,신리,4159041028,경기도,2026-01-13 13:16:29.540371,2026-01-13 13:16:29.540375,f
2912,계향리,4159041029,경기도,2026-01-13 13:16:29.54455,2026-01-13 13:16:29.544552,f
2913,귀래리,4159041030,경기도,2026-01-13 13:16:29.548765,2026-01-13 13:16:29.548768,f
2914,제기리,4159041031,경기도,2026-01-13 13:16:29.552795,2026-01-13 13:16:29.552797,f
2915,덕절리,4159041032,경기도,2026-01-13 13:16:29.557676,2026-01-13 13:16:29.557678,f
2916,음양리,4159041033,경기도,2026-01-13 13:16:29.562705,2026-01-13 13:16:29.562707,f
2917,망월리,4159041034,경기도,2026-01-13 13:16:29.569744,2026-01-13 13:16:29.569749,f
2918,수면리,4159041035,경기도,2026-01-13 13:16:29.575012,2026-01-13 13:16:29.575014,f
2919,내리,4159041036,경기도,2026-01-13 13:16:29.580531,2026-01-13 13:16:29.580534,f
2920,금복리,4159041037,경기도,2026-01-13 13:16:29.586995,2026-01-13 13:16:29.586997,f
2921,고지리,4159041038,경기도,2026-01-13 13:16:29.591198,2026-01-13 13:16:29.591201,f
2922,용수리,4159041039,경기도,2026-01-13 13:16:29.595676,2026-01-13 13:16:29.595679,f
2923,광주시,4161000000,경기도,2026-01-13 13:16:29.600408,2026-01-13 13:16:29.60041,f
2924,경안동,4161010100,경기도,2026-01-13 13:16:29.608542,2026-01-13 13:16:29.608545,f
2925,쌍령동,4161010200,경기도,2026-01-13 13:16:29.616771,2026-01-13 13:16:29.616774,f
2926,송정동,4161010300,경기도,2026-01-13 13:16:29.62169,2026-01-13 13:16:29.621692,f
2927,회덕동,4161010400,경기도,2026-01-13 13:16:29.627876,2026-01-13 13:16:29.627879,f
2928,탄벌동,4161010500,경기도,2026-01-13 13:16:29.636001,2026-01-13 13:16:29.636005,f
2929,목현동,4161010600,경기도,2026-01-13 13:16:29.641168,2026-01-13 13:16:29.641173,f
2930,삼동,4161010700,경기도,2026-01-13 13:16:29.650276,2026-01-13 13:16:29.650278,f
2931,중대동,4161010800,경기도,2026-01-13 13:16:29.657332,2026-01-13 13:16:29.657334,f
2932,직동,4161010900,경기도,2026-01-13 13:16:29.663039,2026-01-13 13:16:29.663041,f
2933,태전동,4161011000,경기도,2026-01-13 13:16:29.669087,2026-01-13 13:16:29.669089,f
2934,장지동,4161011100,경기도,2026-01-13 13:16:29.673414,2026-01-13 13:16:29.673417,f
2935,역동,4161011200,경기도,2026-01-13 13:16:29.677758,2026-01-13 13:16:29.67776,f
2936,목동,4161011300,경기도,2026-01-13 13:16:29.682909,2026-01-13 13:16:29.682911,f
2937,초월읍,4161025300,경기도,2026-01-13 13:16:29.690972,2026-01-13 13:16:29.690973,f
2938,대쌍령리,4161025321,경기도,2026-01-13 13:16:29.699859,2026-01-13 13:16:29.699862,f
2939,쌍동리,4161025322,경기도,2026-01-13 13:16:29.70446,2026-01-13 13:16:29.704463,f
2940,산이리,4161025323,경기도,2026-01-13 13:16:29.709306,2026-01-13 13:16:29.709307,f
2941,늑현리,4161025324,경기도,2026-01-13 13:16:29.713877,2026-01-13 13:16:29.713879,f
2942,학동리,4161025325,경기도,2026-01-13 13:16:29.71801,2026-01-13 13:16:29.718012,f
2943,선동리,4161025326,경기도,2026-01-13 13:16:29.72276,2026-01-13 13:16:29.722762,f
2944,용수리,4161025327,경기도,2026-01-13 13:16:29.726842,2026-01-13 13:16:29.726845,f
2945,신월리,4161025328,경기도,2026-01-13 13:16:29.733051,2026-01-13 13:16:29.733053,f
2946,지월리,4161025329,경기도,2026-01-13 13:16:29.739326,2026-01-13 13:16:29.739328,f
2947,무갑리,4161025330,경기도,2026-01-13 13:16:29.744695,2026-01-13 13:16:29.744698,f
2948,서하리,4161025331,경기도,2026-01-13 13:16:29.750094,2026-01-13 13:16:29.750096,f
2949,도평리,4161025332,경기도,2026-01-13 13:16:29.755101,2026-01-13 13:16:29.755104,f
2950,곤지암읍,4161025900,경기도,2026-01-13 13:16:29.76043,2026-01-13 13:16:29.760434,f
2951,곤지암리,4161025921,경기도,2026-01-13 13:16:29.766595,2026-01-13 13:16:29.766598,f
2952,수양리,4161025922,경기도,2026-01-13 13:16:29.774133,2026-01-13 13:16:29.774136,f
2953,신촌리,4161025923,경기도,2026-01-13 13:16:29.781248,2026-01-13 13:16:29.781253,f
2954,봉현리,4161025924,경기도,2026-01-13 13:16:29.786217,2026-01-13 13:16:29.78622,f
2955,부항리,4161025925,경기도,2026-01-13 13:16:29.790364,2026-01-13 13:16:29.790367,f
2956,이선리,4161025926,경기도,2026-01-13 13:16:29.794525,2026-01-13 13:16:29.794527,f
2957,만선리,4161025927,경기도,2026-01-13 13:16:29.804479,2026-01-13 13:16:29.804483,f
2958,유사리,4161025928,경기도,2026-01-13 13:16:29.808803,2026-01-13 13:16:29.808805,f
2959,삼합리,4161025929,경기도,2026-01-13 13:16:29.812827,2026-01-13 13:16:29.812829,f
2960,건업리,4161025930,경기도,2026-01-13 13:16:29.817495,2026-01-13 13:16:29.817497,f
2961,장심리,4161025931,경기도,2026-01-13 13:16:29.822184,2026-01-13 13:16:29.822186,f
2962,연곡리,4161025932,경기도,2026-01-13 13:16:29.830486,2026-01-13 13:16:29.830489,f
2963,오향리,4161025933,경기도,2026-01-13 13:16:29.841039,2026-01-13 13:16:29.841042,f
2964,열미리,4161025934,경기도,2026-01-13 13:16:29.850075,2026-01-13 13:16:29.850078,f
2965,신대리,4161025935,경기도,2026-01-13 13:16:29.854965,2026-01-13 13:16:29.854967,f
2966,삼리,4161025936,경기도,2026-01-13 13:16:29.860863,2026-01-13 13:16:29.860869,f
2967,도척면,4161033000,경기도,2026-01-13 13:16:29.867047,2026-01-13 13:16:29.867049,f
2968,노곡리,4161033021,경기도,2026-01-13 13:16:29.872007,2026-01-13 13:16:29.872009,f
2969,유정리,4161033022,경기도,2026-01-13 13:16:29.877332,2026-01-13 13:16:29.877333,f
2970,방도리,4161033023,경기도,2026-01-13 13:16:29.884518,2026-01-13 13:16:29.884521,f
2971,추곡리,4161033024,경기도,2026-01-13 13:16:29.889806,2026-01-13 13:16:29.889808,f
2972,상림리,4161033025,경기도,2026-01-13 13:16:29.89549,2026-01-13 13:16:29.895492,f
2973,도웅리,4161033026,경기도,2026-01-13 13:16:29.901093,2026-01-13 13:16:29.901095,f
2974,궁평리,4161033027,경기도,2026-01-13 13:16:29.906468,2026-01-13 13:16:29.906471,f
2975,진우리,4161033028,경기도,2026-01-13 13:16:29.924508,2026-01-13 13:16:29.924516,f
2976,퇴촌면,4161034000,경기도,2026-01-13 13:16:29.939998,2026-01-13 13:16:29.940002,f
2977,광동리,4161034021,경기도,2026-01-13 13:16:29.950015,2026-01-13 13:16:29.950017,f
2978,관음리,4161034022,경기도,2026-01-13 13:16:29.95542,2026-01-13 13:16:29.955423,f
2979,우산리,4161034023,경기도,2026-01-13 13:16:29.961899,2026-01-13 13:16:29.961904,f
2980,영동리,4161034024,경기도,2026-01-13 13:16:29.966925,2026-01-13 13:16:29.966928,f
2981,도수리,4161034025,경기도,2026-01-13 13:16:29.971412,2026-01-13 13:16:29.971415,f
2982,오리,4161034026,경기도,2026-01-13 13:16:29.976621,2026-01-13 13:16:29.976624,f
2983,도마리,4161034027,경기도,2026-01-13 13:16:29.981595,2026-01-13 13:16:29.9816,f
2984,무수리,4161034028,경기도,2026-01-13 13:16:29.990926,2026-01-13 13:16:29.990928,f
2985,원당리,4161034029,경기도,2026-01-13 13:16:30.002059,2026-01-13 13:16:30.002061,f
2986,정지리,4161034030,경기도,2026-01-13 13:16:30.007427,2026-01-13 13:16:30.007429,f
2987,남종면,4161035000,경기도,2026-01-13 13:16:30.012408,2026-01-13 13:16:30.01241,f
2988,분원리,4161035021,경기도,2026-01-13 13:16:30.016905,2026-01-13 13:16:30.016907,f
2989,금사리,4161035022,경기도,2026-01-13 13:16:30.034823,2026-01-13 13:16:30.034827,f
2990,이석리,4161035023,경기도,2026-01-13 13:16:30.041036,2026-01-13 13:16:30.041038,f
2991,삼성리,4161035024,경기도,2026-01-13 13:16:30.047035,2026-01-13 13:16:30.047038,f
2992,귀여리,4161035025,경기도,2026-01-13 13:16:30.055217,2026-01-13 13:16:30.05522,f
2993,검천리,4161035026,경기도,2026-01-13 13:16:30.060602,2026-01-13 13:16:30.060604,f
2994,수청리,4161035027,경기도,2026-01-13 13:16:30.065628,2026-01-13 13:16:30.065631,f
2995,우천리,4161035028,경기도,2026-01-13 13:16:30.069544,2026-01-13 13:16:30.069546,f
2996,남한산성면,4161037000,경기도,2026-01-13 13:16:30.073621,2026-01-13 13:16:30.073624,f
2997,산성리,4161037021,경기도,2026-01-13 13:16:30.07764,2026-01-13 13:16:30.077642,f
2998,엄미리,4161037022,경기도,2026-01-13 13:16:30.082906,2026-01-13 13:16:30.082908,f
2999,광지원리,4161037023,경기도,2026-01-13 13:16:30.087733,2026-01-13 13:16:30.087735,f
3000,상번천리,4161037024,경기도,2026-01-13 13:16:30.096175,2026-01-13 13:16:30.09618,f
3001,하번천리,4161037025,경기도,2026-01-13 13:16:30.109779,2026-01-13 13:16:30.109787,f
3002,오전리,4161037026,경기도,2026-01-13 13:16:30.119646,2026-01-13 13:16:30.119648,f
3003,불당리,4161037027,경기도,2026-01-13 13:16:30.138417,2026-01-13 13:16:30.138427,f
3004,검복리,4161037028,경기도,2026-01-13 13:16:30.153413,2026-01-13 13:16:30.15342,f
3005,양주시,4163000000,경기도,2026-01-13 13:16:30.167967,2026-01-13 13:16:30.167969,f
3006,유양동,4163010100,경기도,2026-01-13 13:16:30.174126,2026-01-13 13:16:30.174128,f
3007,어둔동,4163010200,경기도,2026-01-13 13:16:30.179108,2026-01-13 13:16:30.17911,f
3008,남방동,4163010300,경기도,2026-01-13 13:16:30.187667,2026-01-13 13:16:30.187671,f
3009,마전동,4163010400,경기도,2026-01-13 13:16:30.193371,2026-01-13 13:16:30.193374,f
3010,산북동,4163010500,경기도,2026-01-13 13:16:30.198091,2026-01-13 13:16:30.198094,f
3011,광사동,4163010600,경기도,2026-01-13 13:16:30.203628,2026-01-13 13:16:30.203631,f
3012,만송동,4163010700,경기도,2026-01-13 13:16:30.207595,2026-01-13 13:16:30.207597,f
3013,삼숭동,4163010800,경기도,2026-01-13 13:16:30.21531,2026-01-13 13:16:30.215312,f
3014,고읍동,4163010900,경기도,2026-01-13 13:16:30.220346,2026-01-13 13:16:30.22035,f
3015,덕정동,4163011000,경기도,2026-01-13 13:16:30.224987,2026-01-13 13:16:30.224991,f
3016,봉양동,4163011100,경기도,2026-01-13 13:16:30.2291,2026-01-13 13:16:30.229102,f
3017,회암동,4163011200,경기도,2026-01-13 13:16:30.233135,2026-01-13 13:16:30.233137,f
3018,율정동,4163011300,경기도,2026-01-13 13:16:30.238031,2026-01-13 13:16:30.238034,f
3019,옥정동,4163011400,경기도,2026-01-13 13:16:30.245523,2026-01-13 13:16:30.245525,f
3020,고암동,4163011500,경기도,2026-01-13 13:16:30.249781,2026-01-13 13:16:30.249784,f
3021,덕계동,4163011600,경기도,2026-01-13 13:16:30.255997,2026-01-13 13:16:30.256001,f
3022,회정동,4163011700,경기도,2026-01-13 13:16:30.260897,2026-01-13 13:16:30.2609,f
3023,백석읍,4163025000,경기도,2026-01-13 13:16:30.266133,2026-01-13 13:16:30.266135,f
3024,방성리,4163025021,경기도,2026-01-13 13:16:30.272021,2026-01-13 13:16:30.272023,f
3025,오산리,4163025022,경기도,2026-01-13 13:16:30.277024,2026-01-13 13:16:30.277026,f
3026,복지리,4163025023,경기도,2026-01-13 13:16:30.282656,2026-01-13 13:16:30.282662,f
3027,가업리,4163025024,경기도,2026-01-13 13:16:30.290569,2026-01-13 13:16:30.290572,f
3028,홍죽리,4163025025,경기도,2026-01-13 13:16:30.295715,2026-01-13 13:16:30.295717,f
3029,연곡리,4163025026,경기도,2026-01-13 13:16:30.301364,2026-01-13 13:16:30.301367,f
3030,기산리,4163025027,경기도,2026-01-13 13:16:30.306566,2026-01-13 13:16:30.306569,f
3031,은현면,4163031000,경기도,2026-01-13 13:16:30.311032,2026-01-13 13:16:30.311033,f
3032,용암리,4163031021,경기도,2026-01-13 13:16:30.315684,2026-01-13 13:16:30.315687,f
3033,선암리,4163031022,경기도,2026-01-13 13:16:30.320608,2026-01-13 13:16:30.320612,f
3034,운암리,4163031023,경기도,2026-01-13 13:16:30.326343,2026-01-13 13:16:30.326345,f
3035,봉암리,4163031024,경기도,2026-01-13 13:16:30.334566,2026-01-13 13:16:30.334568,f
3036,하패리,4163031025,경기도,2026-01-13 13:16:30.342269,2026-01-13 13:16:30.342273,f
3037,도하리,4163031026,경기도,2026-01-13 13:16:30.347129,2026-01-13 13:16:30.347131,f
3038,남면,4163032000,경기도,2026-01-13 13:16:30.351155,2026-01-13 13:16:30.351157,f
3039,신산리,4163032021,경기도,2026-01-13 13:16:30.355084,2026-01-13 13:16:30.355087,f
3040,신암리,4163032022,경기도,2026-01-13 13:16:30.359212,2026-01-13 13:16:30.359214,f
3041,매곡리,4163032023,경기도,2026-01-13 13:16:30.364787,2026-01-13 13:16:30.364789,f
3042,구암리,4163032024,경기도,2026-01-13 13:16:30.369377,2026-01-13 13:16:30.369379,f
3043,두곡리,4163032025,경기도,2026-01-13 13:16:30.374028,2026-01-13 13:16:30.374031,f
3044,경신리,4163032026,경기도,2026-01-13 13:16:30.378796,2026-01-13 13:16:30.378799,f
3045,상수리,4163032027,경기도,2026-01-13 13:16:30.383162,2026-01-13 13:16:30.383164,f
3046,입암리,4163032028,경기도,2026-01-13 13:16:30.387848,2026-01-13 13:16:30.38785,f
3047,한산리,4163032029,경기도,2026-01-13 13:16:30.394102,2026-01-13 13:16:30.394106,f
3048,황방리,4163032030,경기도,2026-01-13 13:16:30.399989,2026-01-13 13:16:30.399992,f
3049,광적면,4163033000,경기도,2026-01-13 13:16:30.405071,2026-01-13 13:16:30.405073,f
3050,가납리,4163033021,경기도,2026-01-13 13:16:30.409328,2026-01-13 13:16:30.409329,f
3051,광석리,4163033022,경기도,2026-01-13 13:16:30.413311,2026-01-13 13:16:30.413312,f
3052,우고리,4163033023,경기도,2026-01-13 13:16:30.417439,2026-01-13 13:16:30.41744,f
3053,비암리,4163033024,경기도,2026-01-13 13:16:30.42237,2026-01-13 13:16:30.422373,f
3054,효촌리,4163033025,경기도,2026-01-13 13:16:30.428152,2026-01-13 13:16:30.428155,f
3055,덕도리,4163033026,경기도,2026-01-13 13:16:30.433511,2026-01-13 13:16:30.433513,f
3056,석우리,4163033027,경기도,2026-01-13 13:16:30.438145,2026-01-13 13:16:30.438147,f
3057,장흥면,4163034000,경기도,2026-01-13 13:16:30.444544,2026-01-13 13:16:30.444547,f
3058,교현리,4163034021,경기도,2026-01-13 13:16:30.448795,2026-01-13 13:16:30.448796,f
3059,울대리,4163034022,경기도,2026-01-13 13:16:30.452723,2026-01-13 13:16:30.452727,f
3060,부곡리,4163034023,경기도,2026-01-13 13:16:30.461596,2026-01-13 13:16:30.461599,f
3061,석현리,4163034024,경기도,2026-01-13 13:16:30.469032,2026-01-13 13:16:30.469035,f
3062,일영리,4163034025,경기도,2026-01-13 13:16:30.473815,2026-01-13 13:16:30.473818,f
3063,삼상리,4163034026,경기도,2026-01-13 13:16:30.478316,2026-01-13 13:16:30.478318,f
3064,삼하리,4163034027,경기도,2026-01-13 13:16:30.483601,2026-01-13 13:16:30.483603,f
3065,포천시,4165000000,경기도,2026-01-13 13:16:30.488259,2026-01-13 13:16:30.488261,f
3066,신읍동,4165010100,경기도,2026-01-13 13:16:30.494584,2026-01-13 13:16:30.494586,f
3067,어룡동,4165010200,경기도,2026-01-13 13:16:30.500442,2026-01-13 13:16:30.500447,f
3068,자작동,4165010300,경기도,2026-01-13 13:16:30.505308,2026-01-13 13:16:30.50531,f
3069,선단동,4165010400,경기도,2026-01-13 13:16:30.510087,2026-01-13 13:16:30.510089,f
3070,설운동,4165010500,경기도,2026-01-13 13:16:30.51446,2026-01-13 13:16:30.514462,f
3071,동교동,4165010600,경기도,2026-01-13 13:16:30.519581,2026-01-13 13:16:30.519584,f
3072,소흘읍,4165025000,경기도,2026-01-13 13:16:30.527916,2026-01-13 13:16:30.527919,f
3073,송우리,4165025021,경기도,2026-01-13 13:16:30.533569,2026-01-13 13:16:30.533572,f
3074,이동교리,4165025022,경기도,2026-01-13 13:16:30.53812,2026-01-13 13:16:30.538123,f
3075,무림리,4165025023,경기도,2026-01-13 13:16:30.544528,2026-01-13 13:16:30.544532,f
3076,이곡리,4165025024,경기도,2026-01-13 13:16:30.55399,2026-01-13 13:16:30.553994,f
3077,직동리,4165025025,경기도,2026-01-13 13:16:30.56477,2026-01-13 13:16:30.564775,f
3078,고모리,4165025026,경기도,2026-01-13 13:16:30.569525,2026-01-13 13:16:30.569527,f
3079,이가팔리,4165025027,경기도,2026-01-13 13:16:30.574033,2026-01-13 13:16:30.574036,f
3080,초가팔리,4165025028,경기도,2026-01-13 13:16:30.578531,2026-01-13 13:16:30.578533,f
3081,무봉리,4165025029,경기도,2026-01-13 13:16:30.582947,2026-01-13 13:16:30.582949,f
3082,군내면,4165031000,경기도,2026-01-13 13:16:30.59073,2026-01-13 13:16:30.590733,f
3083,구읍리,4165031021,경기도,2026-01-13 13:16:30.596252,2026-01-13 13:16:30.596254,f
3084,용정리,4165031022,경기도,2026-01-13 13:16:30.600903,2026-01-13 13:16:30.600906,f
3085,유교리,4165031023,경기도,2026-01-13 13:16:30.605462,2026-01-13 13:16:30.605465,f
3086,좌의리,4165031024,경기도,2026-01-13 13:16:30.610169,2026-01-13 13:16:30.610172,f
3087,명산리,4165031025,경기도,2026-01-13 13:16:30.615358,2026-01-13 13:16:30.61536,f
3088,직두리,4165031026,경기도,2026-01-13 13:16:30.619873,2026-01-13 13:16:30.619878,f
3089,상성북리,4165031027,경기도,2026-01-13 13:16:30.624837,2026-01-13 13:16:30.62484,f
3090,하성북리,4165031028,경기도,2026-01-13 13:16:30.630506,2026-01-13 13:16:30.630509,f
3091,내촌면,4165032000,경기도,2026-01-13 13:16:30.634716,2026-01-13 13:16:30.634719,f
3092,진목리,4165032021,경기도,2026-01-13 13:16:30.638633,2026-01-13 13:16:30.638635,f
3093,마명리,4165032022,경기도,2026-01-13 13:16:30.644385,2026-01-13 13:16:30.644388,f
3094,음현리,4165032023,경기도,2026-01-13 13:16:30.652805,2026-01-13 13:16:30.65285,f
3095,내리,4165032024,경기도,2026-01-13 13:16:30.661835,2026-01-13 13:16:30.661839,f
3096,소학리,4165032025,경기도,2026-01-13 13:16:30.666287,2026-01-13 13:16:30.666289,f
3097,신팔리,4165032026,경기도,2026-01-13 13:16:30.670786,2026-01-13 13:16:30.670789,f
3098,가산면,4165033000,경기도,2026-01-13 13:16:30.675802,2026-01-13 13:16:30.675805,f
3099,마산리,4165033021,경기도,2026-01-13 13:16:30.683568,2026-01-13 13:16:30.68357,f
3100,감암리,4165033022,경기도,2026-01-13 13:16:30.688685,2026-01-13 13:16:30.688687,f
3101,방축리,4165033023,경기도,2026-01-13 13:16:30.699394,2026-01-13 13:16:30.699397,f
3102,가산리,4165033024,경기도,2026-01-13 13:16:30.707038,2026-01-13 13:16:30.707041,f
3103,정교리,4165033025,경기도,2026-01-13 13:16:30.711832,2026-01-13 13:16:30.711836,f
3104,금현리,4165033026,경기도,2026-01-13 13:16:30.717548,2026-01-13 13:16:30.71755,f
3105,우금리,4165033027,경기도,2026-01-13 13:16:30.723404,2026-01-13 13:16:30.723407,f
3106,마전리,4165033028,경기도,2026-01-13 13:16:30.727658,2026-01-13 13:16:30.72766,f
3107,신북면,4165034000,경기도,2026-01-13 13:16:30.732255,2026-01-13 13:16:30.732258,f
3108,가채리,4165034021,경기도,2026-01-13 13:16:30.737753,2026-01-13 13:16:30.737757,f
3109,기지리,4165034022,경기도,2026-01-13 13:16:30.74604,2026-01-13 13:16:30.746042,f
3110,신평리,4165034023,경기도,2026-01-13 13:16:30.751203,2026-01-13 13:16:30.751205,f
3111,만세교리,4165034024,경기도,2026-01-13 13:16:30.755319,2026-01-13 13:16:30.755323,f
3112,심곡리,4165034025,경기도,2026-01-13 13:16:30.759495,2026-01-13 13:16:30.759499,f
3113,계류리,4165034026,경기도,2026-01-13 13:16:30.764284,2026-01-13 13:16:30.764287,f
3114,고일리,4165034027,경기도,2026-01-13 13:16:30.768383,2026-01-13 13:16:30.768385,f
3115,삼성당리,4165034028,경기도,2026-01-13 13:16:30.772881,2026-01-13 13:16:30.772883,f
3116,삼정리,4165034029,경기도,2026-01-13 13:16:30.780822,2026-01-13 13:16:30.780826,f
3117,갈월리,4165034030,경기도,2026-01-13 13:16:30.785361,2026-01-13 13:16:30.785363,f
3118,금동리,4165034031,경기도,2026-01-13 13:16:30.789492,2026-01-13 13:16:30.789494,f
3119,덕둔리,4165034032,경기도,2026-01-13 13:16:30.793401,2026-01-13 13:16:30.793404,f
3120,창수면,4165035000,경기도,2026-01-13 13:16:30.797517,2026-01-13 13:16:30.797519,f
3121,추동리,4165035021,경기도,2026-01-13 13:16:30.80217,2026-01-13 13:16:30.802173,f
3122,주원리,4165035022,경기도,2026-01-13 13:16:30.809744,2026-01-13 13:16:30.809747,f
3123,가양리,4165035023,경기도,2026-01-13 13:16:30.817149,2026-01-13 13:16:30.817151,f
3124,오가리,4165035024,경기도,2026-01-13 13:16:30.826688,2026-01-13 13:16:30.826692,f
3125,고소성리,4165035025,경기도,2026-01-13 13:16:30.831203,2026-01-13 13:16:30.831209,f
3126,운산리,4165035026,경기도,2026-01-13 13:16:30.836058,2026-01-13 13:16:30.83606,f
3127,신흥리,4165035027,경기도,2026-01-13 13:16:30.840288,2026-01-13 13:16:30.84029,f
3128,영중면,4165036000,경기도,2026-01-13 13:16:30.846162,2026-01-13 13:16:30.846164,f
3129,양문리,4165036021,경기도,2026-01-13 13:16:30.850336,2026-01-13 13:16:30.850338,f
3130,금주리,4165036022,경기도,2026-01-13 13:16:30.85635,2026-01-13 13:16:30.856352,f
3131,거사리,4165036023,경기도,2026-01-13 13:16:30.861084,2026-01-13 13:16:30.861087,f
3132,성동리,4165036024,경기도,2026-01-13 13:16:30.865503,2026-01-13 13:16:30.865505,f
3133,영평리,4165036025,경기도,2026-01-13 13:16:30.869358,2026-01-13 13:16:30.86936,f
3134,영송리,4165036026,경기도,2026-01-13 13:16:30.873196,2026-01-13 13:16:30.873197,f
3135,일동면,4165037000,경기도,2026-01-13 13:16:30.879226,2026-01-13 13:16:30.879229,f
3136,길명리,4165037021,경기도,2026-01-13 13:16:30.884699,2026-01-13 13:16:30.884701,f
3137,유동리,4165037022,경기도,2026-01-13 13:16:30.88882,2026-01-13 13:16:30.888823,f
3138,기산리,4165037023,경기도,2026-01-13 13:16:30.893369,2026-01-13 13:16:30.893371,f
3139,화대리,4165037024,경기도,2026-01-13 13:16:30.897734,2026-01-13 13:16:30.897737,f
3140,사직리,4165037025,경기도,2026-01-13 13:16:30.902255,2026-01-13 13:16:30.902258,f
3141,수입리,4165037026,경기도,2026-01-13 13:16:30.906844,2026-01-13 13:16:30.906846,f
3142,이동면,4165038000,경기도,2026-01-13 13:16:30.913614,2026-01-13 13:16:30.913617,f
3143,장암리,4165038021,경기도,2026-01-13 13:16:30.919521,2026-01-13 13:16:30.919525,f
3144,도평리,4165038022,경기도,2026-01-13 13:16:30.924835,2026-01-13 13:16:30.924838,f
3145,연곡리,4165038023,경기도,2026-01-13 13:16:30.929183,2026-01-13 13:16:30.929185,f
3146,노곡리,4165038024,경기도,2026-01-13 13:16:30.934263,2026-01-13 13:16:30.934266,f
3147,영북면,4165039000,경기도,2026-01-13 13:16:30.943256,2026-01-13 13:16:30.94326,f
3148,운천리,4165039021,경기도,2026-01-13 13:16:30.947897,2026-01-13 13:16:30.947901,f
3149,자일리,4165039022,경기도,2026-01-13 13:16:30.951882,2026-01-13 13:16:30.951884,f
3150,산정리,4165039023,경기도,2026-01-13 13:16:30.956059,2026-01-13 13:16:30.956061,f
3151,야미리,4165039024,경기도,2026-01-13 13:16:30.961193,2026-01-13 13:16:30.961195,f
3152,문암리,4165039025,경기도,2026-01-13 13:16:30.966452,2026-01-13 13:16:30.966454,f
3153,대회산리,4165039026,경기도,2026-01-13 13:16:30.972146,2026-01-13 13:16:30.972149,f
3154,소회산리,4165039027,경기도,2026-01-13 13:16:30.978364,2026-01-13 13:16:30.978366,f
3155,관인면,4165040000,경기도,2026-01-13 13:16:30.984218,2026-01-13 13:16:30.98422,f
3156,중리,4165040021,경기도,2026-01-13 13:16:30.989217,2026-01-13 13:16:30.989221,f
3157,삼율리,4165040022,경기도,2026-01-13 13:16:30.996215,2026-01-13 13:16:30.996218,f
3158,초과리,4165040023,경기도,2026-01-13 13:16:31.001105,2026-01-13 13:16:31.001108,f
3159,탄동리,4165040024,경기도,2026-01-13 13:16:31.006841,2026-01-13 13:16:31.006844,f
3160,냉정리,4165040025,경기도,2026-01-13 13:16:31.011187,2026-01-13 13:16:31.01119,f
3161,사정리,4165040026,경기도,2026-01-13 13:16:31.017233,2026-01-13 13:16:31.017234,f
3162,화현면,4165041000,경기도,2026-01-13 13:16:31.024325,2026-01-13 13:16:31.024327,f
3163,화현리,4165041021,경기도,2026-01-13 13:16:31.028978,2026-01-13 13:16:31.02898,f
3164,명덕리,4165041022,경기도,2026-01-13 13:16:31.03326,2026-01-13 13:16:31.033264,f
3165,지현리,4165041023,경기도,2026-01-13 13:16:31.037612,2026-01-13 13:16:31.037615,f
3166,여주시,4167000000,경기도,2026-01-13 13:16:31.045869,2026-01-13 13:16:31.045872,f
3167,상동,4167010100,경기도,2026-01-13 13:16:31.051268,2026-01-13 13:16:31.05127,f
3168,홍문동,4167010200,경기도,2026-01-13 13:16:31.05695,2026-01-13 13:16:31.056957,f
3169,창동,4167010300,경기도,2026-01-13 13:16:31.062061,2026-01-13 13:16:31.062062,f
3170,우만동,4167010400,경기도,2026-01-13 13:16:31.066161,2026-01-13 13:16:31.066163,f
3171,단현동,4167010500,경기도,2026-01-13 13:16:31.074054,2026-01-13 13:16:31.074056,f
3172,신진동,4167010600,경기도,2026-01-13 13:16:31.079506,2026-01-13 13:16:31.079509,f
3173,하동,4167010700,경기도,2026-01-13 13:16:31.084342,2026-01-13 13:16:31.084345,f
3174,교동,4167010800,경기도,2026-01-13 13:16:31.088741,2026-01-13 13:16:31.088743,f
3175,월송동,4167010900,경기도,2026-01-13 13:16:31.094756,2026-01-13 13:16:31.094759,f
3176,가업동,4167011000,경기도,2026-01-13 13:16:31.104293,2026-01-13 13:16:31.104296,f
3177,연라동,4167011100,경기도,2026-01-13 13:16:31.108823,2026-01-13 13:16:31.108826,f
3178,상거동,4167011200,경기도,2026-01-13 13:16:31.114588,2026-01-13 13:16:31.114591,f
3179,하거동,4167011300,경기도,2026-01-13 13:16:31.123101,2026-01-13 13:16:31.123109,f
3180,삼교동,4167011400,경기도,2026-01-13 13:16:31.127522,2026-01-13 13:16:31.127524,f
3181,점봉동,4167011500,경기도,2026-01-13 13:16:31.132356,2026-01-13 13:16:31.132357,f
3182,능현동,4167011600,경기도,2026-01-13 13:16:31.138065,2026-01-13 13:16:31.138067,f
3183,멱곡동,4167011700,경기도,2026-01-13 13:16:31.145776,2026-01-13 13:16:31.145778,f
3184,연양동,4167011800,경기도,2026-01-13 13:16:31.150645,2026-01-13 13:16:31.150648,f
3185,매룡동,4167011900,경기도,2026-01-13 13:16:31.154908,2026-01-13 13:16:31.154911,f
3186,천송동,4167012000,경기도,2026-01-13 13:16:31.158743,2026-01-13 13:16:31.158745,f
3187,오학동,4167012100,경기도,2026-01-13 13:16:31.163413,2026-01-13 13:16:31.163417,f
3188,현암동,4167012200,경기도,2026-01-13 13:16:31.171896,2026-01-13 13:16:31.171901,f
3189,오금동,4167012300,경기도,2026-01-13 13:16:31.179235,2026-01-13 13:16:31.179249,f
3190,가남읍,4167025000,경기도,2026-01-13 13:16:31.189027,2026-01-13 13:16:31.189031,f
3191,태평리,4167025021,경기도,2026-01-13 13:16:31.194657,2026-01-13 13:16:31.194659,f
3192,상활리,4167025022,경기도,2026-01-13 13:16:31.205522,2026-01-13 13:16:31.205528,f
3193,신해리,4167025023,경기도,2026-01-13 13:16:31.212975,2026-01-13 13:16:31.212976,f
3194,대신리,4167025024,경기도,2026-01-13 13:16:31.218384,2026-01-13 13:16:31.218386,f
3195,은봉리,4167025025,경기도,2026-01-13 13:16:31.222676,2026-01-13 13:16:31.222679,f
3196,건장리,4167025026,경기도,2026-01-13 13:16:31.227562,2026-01-13 13:16:31.227564,f
3197,심석리,4167025027,경기도,2026-01-13 13:16:31.231961,2026-01-13 13:16:31.231963,f
3198,삼군리,4167025028,경기도,2026-01-13 13:16:31.235903,2026-01-13 13:16:31.235905,f
3199,오산리,4167025029,경기도,2026-01-13 13:16:31.241668,2026-01-13 13:16:31.241674,f
3200,정단리,4167025030,경기도,2026-01-13 13:16:31.252635,2026-01-13 13:16:31.252639,f
3201,화평리,4167025031,경기도,2026-01-13 13:16:31.258512,2026-01-13 13:16:31.258515,f
3202,본두리,4167025032,경기도,2026-01-13 13:16:31.26421,2026-01-13 13:16:31.264214,f
3203,하귀리,4167025033,경기도,2026-01-13 13:16:31.269197,2026-01-13 13:16:31.269201,f
3204,안금리,4167025034,경기도,2026-01-13 13:16:31.2765,2026-01-13 13:16:31.276502,f
3205,양귀리,4167025035,경기도,2026-01-13 13:16:31.282229,2026-01-13 13:16:31.282232,f
3206,연대리,4167025036,경기도,2026-01-13 13:16:31.286157,2026-01-13 13:16:31.286159,f
3207,금당리,4167025037,경기도,2026-01-13 13:16:31.290356,2026-01-13 13:16:31.290358,f
3208,금곡리,4167025038,경기도,2026-01-13 13:16:31.295254,2026-01-13 13:16:31.295256,f
3209,송림리,4167025039,경기도,2026-01-13 13:16:31.29962,2026-01-13 13:16:31.299622,f
3210,삼승리,4167025040,경기도,2026-01-13 13:16:31.305001,2026-01-13 13:16:31.305003,f
3211,점동면,4167031000,경기도,2026-01-13 13:16:31.310555,2026-01-13 13:16:31.310558,f
3212,청안리,4167031021,경기도,2026-01-13 13:16:31.314853,2026-01-13 13:16:31.314855,f
3213,부구리,4167031022,경기도,2026-01-13 13:16:31.318659,2026-01-13 13:16:31.318661,f
3214,덕평리,4167031023,경기도,2026-01-13 13:16:31.323641,2026-01-13 13:16:31.323643,f
3215,원부리,4167031024,경기도,2026-01-13 13:16:31.328214,2026-01-13 13:16:31.328217,f
3216,관한리,4167031025,경기도,2026-01-13 13:16:31.33443,2026-01-13 13:16:31.334433,f
3217,뇌곡리,4167031026,경기도,2026-01-13 13:16:31.338963,2026-01-13 13:16:31.338965,f
3218,성신리,4167031027,경기도,2026-01-13 13:16:31.344263,2026-01-13 13:16:31.344264,f
3219,당진리,4167031028,경기도,2026-01-13 13:16:31.348148,2026-01-13 13:16:31.348149,f
3220,현수리,4167031029,경기도,2026-01-13 13:16:31.351671,2026-01-13 13:16:31.351672,f
3221,사곡리,4167031030,경기도,2026-01-13 13:16:31.35575,2026-01-13 13:16:31.355752,f
3222,장안리,4167031031,경기도,2026-01-13 13:16:31.367371,2026-01-13 13:16:31.367379,f
3223,삼합리,4167031032,경기도,2026-01-13 13:16:31.378838,2026-01-13 13:16:31.378845,f
3224,도리,4167031033,경기도,2026-01-13 13:16:31.395535,2026-01-13 13:16:31.39554,f
3225,흔암리,4167031034,경기도,2026-01-13 13:16:31.405838,2026-01-13 13:16:31.405845,f
3226,처리,4167031035,경기도,2026-01-13 13:16:31.413396,2026-01-13 13:16:31.413402,f
3227,흥천면,4167032000,경기도,2026-01-13 13:16:31.425004,2026-01-13 13:16:31.42501,f
3228,복대리,4167032021,경기도,2026-01-13 13:16:31.435905,2026-01-13 13:16:31.435911,f
3229,계신리,4167032022,경기도,2026-01-13 13:16:31.445642,2026-01-13 13:16:31.445645,f
3230,문장리,4167032023,경기도,2026-01-13 13:16:31.450571,2026-01-13 13:16:31.450573,f
3231,내사리,4167032024,경기도,2026-01-13 13:16:31.455192,2026-01-13 13:16:31.455194,f
3232,외사리,4167032025,경기도,2026-01-13 13:16:31.463151,2026-01-13 13:16:31.463159,f
3233,상대리,4167032026,경기도,2026-01-13 13:16:31.472384,2026-01-13 13:16:31.472391,f
3234,다대리,4167032027,경기도,2026-01-13 13:16:31.477493,2026-01-13 13:16:31.477495,f
3235,하다리,4167032028,경기도,2026-01-13 13:16:31.483791,2026-01-13 13:16:31.483795,f
3236,상백리,4167032029,경기도,2026-01-13 13:16:31.489292,2026-01-13 13:16:31.489295,f
3237,귀백리,4167032030,경기도,2026-01-13 13:16:31.495485,2026-01-13 13:16:31.495487,f
3238,율극리,4167032031,경기도,2026-01-13 13:16:31.500749,2026-01-13 13:16:31.500752,f
3239,효지리,4167032032,경기도,2026-01-13 13:16:31.506118,2026-01-13 13:16:31.50612,f
3240,대당리,4167032033,경기도,2026-01-13 13:16:31.510191,2026-01-13 13:16:31.510193,f
3241,신근리,4167032034,경기도,2026-01-13 13:16:31.514529,2026-01-13 13:16:31.514533,f
3242,금사면,4167033000,경기도,2026-01-13 13:16:31.51832,2026-01-13 13:16:31.518321,f
3243,이포리,4167033021,경기도,2026-01-13 13:16:31.522378,2026-01-13 13:16:31.52238,f
3244,궁리,4167033022,경기도,2026-01-13 13:16:31.529337,2026-01-13 13:16:31.52934,f
3245,도곡리,4167033023,경기도,2026-01-13 13:16:31.534795,2026-01-13 13:16:31.534797,f
3246,장흥리,4167033024,경기도,2026-01-13 13:16:31.53926,2026-01-13 13:16:31.539262,f
3247,주록리,4167033025,경기도,2026-01-13 13:16:31.544275,2026-01-13 13:16:31.544278,f
3248,전북리,4167033026,경기도,2026-01-13 13:16:31.549421,2026-01-13 13:16:31.549424,f
3249,소유리,4167033027,경기도,2026-01-13 13:16:31.553367,2026-01-13 13:16:31.55337,f
3250,상호리,4167033028,경기도,2026-01-13 13:16:31.557085,2026-01-13 13:16:31.557087,f
3251,하호리,4167033029,경기도,2026-01-13 13:16:31.565154,2026-01-13 13:16:31.565159,f
3252,금사리,4167033030,경기도,2026-01-13 13:16:31.571193,2026-01-13 13:16:31.571196,f
3253,외평리,4167033031,경기도,2026-01-13 13:16:31.576318,2026-01-13 13:16:31.576328,f
3254,대신면,4167035000,경기도,2026-01-13 13:16:31.582311,2026-01-13 13:16:31.582314,f
3255,후포리,4167035021,경기도,2026-01-13 13:16:31.587716,2026-01-13 13:16:31.58772,f
3256,당산리,4167035022,경기도,2026-01-13 13:16:31.592208,2026-01-13 13:16:31.592212,f
3257,가산리,4167035023,경기도,2026-01-13 13:16:31.598845,2026-01-13 13:16:31.59885,f
3258,천남리,4167035024,경기도,2026-01-13 13:16:31.60468,2026-01-13 13:16:31.604686,f
3259,하림리,4167035025,경기도,2026-01-13 13:16:31.610744,2026-01-13 13:16:31.610746,f
3260,상구리,4167035026,경기도,2026-01-13 13:16:31.61452,2026-01-13 13:16:31.614521,f
3261,장풍리,4167035027,경기도,2026-01-13 13:16:31.618234,2026-01-13 13:16:31.618247,f
3262,옥촌리,4167035028,경기도,2026-01-13 13:16:31.623081,2026-01-13 13:16:31.623083,f
3263,윤촌리,4167035029,경기도,2026-01-13 13:16:31.627961,2026-01-13 13:16:31.627963,f
3264,무촌리,4167035030,경기도,2026-01-13 13:16:31.633761,2026-01-13 13:16:31.633763,f
3265,도롱리,4167035031,경기도,2026-01-13 13:16:31.638084,2026-01-13 13:16:31.638086,f
3266,계림리,4167035032,경기도,2026-01-13 13:16:31.643502,2026-01-13 13:16:31.643505,f
3267,송촌리,4167035033,경기도,2026-01-13 13:16:31.648701,2026-01-13 13:16:31.648703,f
3268,천서리,4167035034,경기도,2026-01-13 13:16:31.653875,2026-01-13 13:16:31.653879,f
3269,당남리,4167035035,경기도,2026-01-13 13:16:31.662685,2026-01-13 13:16:31.662688,f
3270,보통리,4167035036,경기도,2026-01-13 13:16:31.66711,2026-01-13 13:16:31.667112,f
3271,율촌리,4167035037,경기도,2026-01-13 13:16:31.671464,2026-01-13 13:16:31.671466,f
3272,초현리,4167035038,경기도,2026-01-13 13:16:31.675479,2026-01-13 13:16:31.675481,f
3273,양촌리,4167035039,경기도,2026-01-13 13:16:31.679404,2026-01-13 13:16:31.679405,f
3274,북내면,4167036000,경기도,2026-01-13 13:16:31.683489,2026-01-13 13:16:31.683491,f
3275,당우리,4167036021,경기도,2026-01-13 13:16:31.690612,2026-01-13 13:16:31.690614,f
3276,신남리,4167036022,경기도,2026-01-13 13:16:31.695561,2026-01-13 13:16:31.695563,f
3277,외룡리,4167036023,경기도,2026-01-13 13:16:31.700309,2026-01-13 13:16:31.700311,f
3278,내룡리,4167036024,경기도,2026-01-13 13:16:31.704721,2026-01-13 13:16:31.704723,f
3279,상교리,4167036025,경기도,2026-01-13 13:16:31.708838,2026-01-13 13:16:31.70884,f
3280,주암리,4167036026,경기도,2026-01-13 13:16:31.712964,2026-01-13 13:16:31.712966,f
3281,서원리,4167036027,경기도,2026-01-13 13:16:31.719158,2026-01-13 13:16:31.71916,f
3282,석우리,4167036028,경기도,2026-01-13 13:16:31.724365,2026-01-13 13:16:31.724369,f
3283,덕산리,4167036029,경기도,2026-01-13 13:16:31.72905,2026-01-13 13:16:31.729052,f
3284,장암리,4167036030,경기도,2026-01-13 13:16:31.733378,2026-01-13 13:16:31.73338,f
3285,중암리,4167036031,경기도,2026-01-13 13:16:31.738872,2026-01-13 13:16:31.738876,f
3286,운촌리,4167036032,경기도,2026-01-13 13:16:31.747676,2026-01-13 13:16:31.74768,f
3287,신접리,4167036033,경기도,2026-01-13 13:16:31.753731,2026-01-13 13:16:31.753734,f
3288,지내리,4167036034,경기도,2026-01-13 13:16:31.757442,2026-01-13 13:16:31.757444,f
3289,가정리,4167036035,경기도,2026-01-13 13:16:31.761708,2026-01-13 13:16:31.761712,f
3290,강천면,4167037000,경기도,2026-01-13 13:16:31.766752,2026-01-13 13:16:31.766754,f
3291,간매리,4167037021,경기도,2026-01-13 13:16:31.771183,2026-01-13 13:16:31.771185,f
3292,걸은리,4167037022,경기도,2026-01-13 13:16:31.780901,2026-01-13 13:16:31.780909,f
3293,이호리,4167037023,경기도,2026-01-13 13:16:31.791687,2026-01-13 13:16:31.791693,f
3294,가야리,4167037024,경기도,2026-01-13 13:16:31.799505,2026-01-13 13:16:31.79951,f
3295,적금리,4167037025,경기도,2026-01-13 13:16:31.807167,2026-01-13 13:16:31.80717,f
3296,굴암리,4167037026,경기도,2026-01-13 13:16:31.811976,2026-01-13 13:16:31.811978,f
3297,강천리,4167037027,경기도,2026-01-13 13:16:31.816279,2026-01-13 13:16:31.816281,f
3298,부평리,4167037028,경기도,2026-01-13 13:16:31.820548,2026-01-13 13:16:31.820551,f
3299,도전리,4167037029,경기도,2026-01-13 13:16:31.825737,2026-01-13 13:16:31.82574,f
3300,산북면,4167038000,경기도,2026-01-13 13:16:31.830054,2026-01-13 13:16:31.830057,f
3301,상품리,4167038021,경기도,2026-01-13 13:16:31.834393,2026-01-13 13:16:31.834395,f
3302,송현리,4167038022,경기도,2026-01-13 13:16:31.838303,2026-01-13 13:16:31.838306,f
3303,후리,4167038023,경기도,2026-01-13 13:16:31.842187,2026-01-13 13:16:31.84219,f
3304,명품리,4167038024,경기도,2026-01-13 13:16:31.847002,2026-01-13 13:16:31.847006,f
3305,주어리,4167038025,경기도,2026-01-13 13:16:31.851611,2026-01-13 13:16:31.851613,f
3306,백자리,4167038026,경기도,2026-01-13 13:16:31.855738,2026-01-13 13:16:31.855741,f
3307,용담리,4167038027,경기도,2026-01-13 13:16:31.859744,2026-01-13 13:16:31.859746,f
3308,주읍리,4183041031,경기도,2026-01-13 13:16:31.864856,2026-01-13 13:16:31.86486,f
3309,계전리,4183041032,경기도,2026-01-13 13:16:31.870644,2026-01-13 13:16:31.870647,f
3310,상자포리,4183041033,경기도,2026-01-13 13:16:31.874812,2026-01-13 13:16:31.874815,f
3311,자연리,4183041028,경기도,2026-01-13 13:16:31.87883,2026-01-13 13:16:31.878831,f
3312,내리,4183041029,경기도,2026-01-13 13:16:31.883562,2026-01-13 13:16:31.883565,f
3313,향리,4183041030,경기도,2026-01-13 13:16:31.888767,2026-01-13 13:16:31.888769,f
3314,공세리,4183041025,경기도,2026-01-13 13:16:31.893207,2026-01-13 13:16:31.893209,f
3315,불곡리,4183041026,경기도,2026-01-13 13:16:31.898411,2026-01-13 13:16:31.898413,f
3316,부리,4183041027,경기도,2026-01-13 13:16:31.903326,2026-01-13 13:16:31.903329,f
3317,앙덕리,4183041023,경기도,2026-01-13 13:16:31.907564,2026-01-13 13:16:31.907566,f
3318,석장리,4183041024,경기도,2026-01-13 13:16:31.911664,2026-01-13 13:16:31.911665,f
3319,개군면,4183041000,경기도,2026-01-13 13:16:31.915861,2026-01-13 13:16:31.915863,f
3320,하자포리,4183041021,경기도,2026-01-13 13:16:31.920553,2026-01-13 13:16:31.920556,f
3321,구미리,4183041022,경기도,2026-01-13 13:16:31.925297,2026-01-13 13:16:31.925302,f
3322,덕촌리,4183040031,경기도,2026-01-13 13:16:31.931441,2026-01-13 13:16:31.931443,f
3323,오촌리,4183040032,경기도,2026-01-13 13:16:31.935684,2026-01-13 13:16:31.935688,f
3324,신점리,4183040033,경기도,2026-01-13 13:16:31.941344,2026-01-13 13:16:31.941347,f
3325,망능리,4183040028,경기도,2026-01-13 13:16:31.945683,2026-01-13 13:16:31.945685,f
3326,중원리,4183040029,경기도,2026-01-13 13:16:31.949686,2026-01-13 13:16:31.949689,f
3327,조현리,4183040030,경기도,2026-01-13 13:16:31.954263,2026-01-13 13:16:31.954265,f
3328,금곡리,4183040026,경기도,2026-01-13 13:16:31.957968,2026-01-13 13:16:31.95797,f
3329,광탄리,4183040027,경기도,2026-01-13 13:16:31.962037,2026-01-13 13:16:31.962039,f
3330,다문리,4183040024,경기도,2026-01-13 13:16:31.966799,2026-01-13 13:16:31.966801,f
3331,연수리,4183040025,경기도,2026-01-13 13:16:31.971105,2026-01-13 13:16:31.971107,f
3332,연천군,4180000000,경기도,2026-01-13 13:16:31.975307,2026-01-13 13:16:31.975309,f
3333,연천읍,4180025000,경기도,2026-01-13 13:16:31.979686,2026-01-13 13:16:31.97969,f
3334,차탄리,4180025021,경기도,2026-01-13 13:16:31.984639,2026-01-13 13:16:31.984641,f
3335,현가리,4180025022,경기도,2026-01-13 13:16:31.989051,2026-01-13 13:16:31.989053,f
3336,상리,4180025023,경기도,2026-01-13 13:16:31.995194,2026-01-13 13:16:31.995196,f
3337,와초리,4180025024,경기도,2026-01-13 13:16:31.999905,2026-01-13 13:16:31.999908,f
3338,옥산리,4180025025,경기도,2026-01-13 13:16:32.004746,2026-01-13 13:16:32.004749,f
3339,읍내리,4180025026,경기도,2026-01-13 13:16:32.009841,2026-01-13 13:16:32.009843,f
3340,동막리,4180025027,경기도,2026-01-13 13:16:32.014197,2026-01-13 13:16:32.0142,f
3341,통현리,4180025028,경기도,2026-01-13 13:16:32.018694,2026-01-13 13:16:32.018696,f
3342,마룡리,4183040021,경기도,2026-01-13 13:16:32.023271,2026-01-13 13:16:32.023273,f
3343,화전리,4183040022,경기도,2026-01-13 13:16:32.027724,2026-01-13 13:16:32.027726,f
3344,삼성리,4183040023,경기도,2026-01-13 13:16:32.032078,2026-01-13 13:16:32.03208,f
3345,고문리,4180025029,경기도,2026-01-13 13:16:32.036005,2026-01-13 13:16:32.036008,f
3346,부곡리,4180025030,경기도,2026-01-13 13:16:32.040073,2026-01-13 13:16:32.040075,f
3347,전곡읍,4180025300,경기도,2026-01-13 13:16:32.044845,2026-01-13 13:16:32.044848,f
3348,전곡리,4180025321,경기도,2026-01-13 13:16:32.049193,2026-01-13 13:16:32.049194,f
3349,은대리,4180025322,경기도,2026-01-13 13:16:32.05348,2026-01-13 13:16:32.053482,f
3350,신답리,4180025323,경기도,2026-01-13 13:16:32.058511,2026-01-13 13:16:32.058513,f
3351,고능리,4180025324,경기도,2026-01-13 13:16:32.06331,2026-01-13 13:16:32.063313,f
3352,마포리,4180025325,경기도,2026-01-13 13:16:32.067388,2026-01-13 13:16:32.067389,f
3353,양원리,4180025326,경기도,2026-01-13 13:16:32.071483,2026-01-13 13:16:32.071485,f
3354,간파리,4180025327,경기도,2026-01-13 13:16:32.075402,2026-01-13 13:16:32.075405,f
3355,늘목리,4180025328,경기도,2026-01-13 13:16:32.079818,2026-01-13 13:16:32.07982,f
3356,군남면,4180031000,경기도,2026-01-13 13:16:32.084482,2026-01-13 13:16:32.084485,f
3357,진상리,4180031021,경기도,2026-01-13 13:16:32.088791,2026-01-13 13:16:32.088793,f
3358,옥계리,4180031022,경기도,2026-01-13 13:16:32.092973,2026-01-13 13:16:32.092976,f
3359,삼거리,4180031023,경기도,2026-01-13 13:16:32.096851,2026-01-13 13:16:32.096854,f
3360,왕림리,4180031024,경기도,2026-01-13 13:16:32.102495,2026-01-13 13:16:32.102497,f
3361,선곡리,4180031025,경기도,2026-01-13 13:16:32.107776,2026-01-13 13:16:32.107779,f
3362,황지리,4180031026,경기도,2026-01-13 13:16:32.112781,2026-01-13 13:16:32.112783,f
3363,남계리,4180031027,경기도,2026-01-13 13:16:32.117447,2026-01-13 13:16:32.117449,f
3364,청산면,4180032000,경기도,2026-01-13 13:16:32.121943,2026-01-13 13:16:32.121946,f
3365,초성리,4180032021,경기도,2026-01-13 13:16:32.127266,2026-01-13 13:16:32.127269,f
3366,대전리,4180032022,경기도,2026-01-13 13:16:32.131339,2026-01-13 13:16:32.131341,f
3367,장탄리,4180032023,경기도,2026-01-13 13:16:32.135551,2026-01-13 13:16:32.135554,f
3368,궁평리,4180032024,경기도,2026-01-13 13:16:32.140429,2026-01-13 13:16:32.140431,f
3369,백의리,4180032025,경기도,2026-01-13 13:16:32.146907,2026-01-13 13:16:32.14691,f
3370,백학면,4180033000,경기도,2026-01-13 13:16:32.151101,2026-01-13 13:16:32.151103,f
3371,두일리,4180033021,경기도,2026-01-13 13:16:32.155261,2026-01-13 13:16:32.155263,f
3372,백령리,4180033022,경기도,2026-01-13 13:16:32.159386,2026-01-13 13:16:32.159388,f
3373,통구리,4180033023,경기도,2026-01-13 13:16:32.163289,2026-01-13 13:16:32.163291,f
3374,전동리,4180033024,경기도,2026-01-13 13:16:32.169269,2026-01-13 13:16:32.169273,f
3375,노곡리,4180033025,경기도,2026-01-13 13:16:32.173436,2026-01-13 13:16:32.173438,f
3376,학곡리,4180033026,경기도,2026-01-13 13:16:32.177464,2026-01-13 13:16:32.177466,f
3377,구미리,4180033027,경기도,2026-01-13 13:16:32.182571,2026-01-13 13:16:32.182573,f
3378,두현리,4180033028,경기도,2026-01-13 13:16:32.186694,2026-01-13 13:16:32.186696,f
3379,갈현리,4180033029,경기도,2026-01-13 13:16:32.190459,2026-01-13 13:16:32.190461,f
3380,포춘리,4180033030,경기도,2026-01-13 13:16:32.194435,2026-01-13 13:16:32.194437,f
3381,항동리,4180033031,경기도,2026-01-13 13:16:32.198113,2026-01-13 13:16:32.198115,f
3382,석주원리,4180033033,경기도,2026-01-13 13:16:32.201862,2026-01-13 13:16:32.201864,f
3383,상리,4180033034,경기도,2026-01-13 13:16:32.208761,2026-01-13 13:16:32.208766,f
3384,중리,4180033035,경기도,2026-01-13 13:16:32.215089,2026-01-13 13:16:32.215093,f
3385,하리,4180033036,경기도,2026-01-13 13:16:32.221312,2026-01-13 13:16:32.221316,f
3386,오음리,4180033037,경기도,2026-01-13 13:16:32.229013,2026-01-13 13:16:32.229017,f
3387,사시리,4180033038,경기도,2026-01-13 13:16:32.236183,2026-01-13 13:16:32.236187,f
3388,매현리,4180033039,경기도,2026-01-13 13:16:32.241906,2026-01-13 13:16:32.241908,f
3389,고읍리,4180033040,경기도,2026-01-13 13:16:32.248981,2026-01-13 13:16:32.248988,f
3390,두매리,4180033041,경기도,2026-01-13 13:16:32.259832,2026-01-13 13:16:32.259838,f
3391,석장리,4180033046,경기도,2026-01-13 13:16:32.266665,2026-01-13 13:16:32.266668,f
3392,미산면,4180034000,경기도,2026-01-13 13:16:32.272808,2026-01-13 13:16:32.272812,f
3393,동이리,4180034021,경기도,2026-01-13 13:16:32.277044,2026-01-13 13:16:32.277046,f
3394,아미리,4180034022,경기도,2026-01-13 13:16:32.281578,2026-01-13 13:16:32.281583,f
3395,백석리,4180034023,경기도,2026-01-13 13:16:32.289001,2026-01-13 13:16:32.289003,f
3396,유촌리,4180034024,경기도,2026-01-13 13:16:32.295073,2026-01-13 13:16:32.295076,f
3397,광동리,4180034025,경기도,2026-01-13 13:16:32.300056,2026-01-13 13:16:32.300058,f
3398,마전리,4180034026,경기도,2026-01-13 13:16:32.307596,2026-01-13 13:16:32.307598,f
3399,우정리,4180034027,경기도,2026-01-13 13:16:32.316101,2026-01-13 13:16:32.316104,f
3400,삼화리,4180034028,경기도,2026-01-13 13:16:32.321969,2026-01-13 13:16:32.321972,f
3401,왕징면,4180035000,경기도,2026-01-13 13:16:32.326855,2026-01-13 13:16:32.326857,f
3402,무등리,4180035021,경기도,2026-01-13 13:16:32.331427,2026-01-13 13:16:32.33143,f
3403,노동리,4180035022,경기도,2026-01-13 13:16:32.335403,2026-01-13 13:16:32.335406,f
3404,북삼리,4180035023,경기도,2026-01-13 13:16:32.340311,2026-01-13 13:16:32.340313,f
3405,강내리,4180035024,경기도,2026-01-13 13:16:32.345123,2026-01-13 13:16:32.345126,f
3406,강서리,4180035025,경기도,2026-01-13 13:16:32.349246,2026-01-13 13:16:32.349248,f
3407,동중리,4180035026,경기도,2026-01-13 13:16:32.353092,2026-01-13 13:16:32.353094,f
3408,옥현리,4183039530,경기도,2026-01-13 13:16:32.357303,2026-01-13 13:16:32.357305,f
3409,용문면,4183040000,경기도,2026-01-13 13:16:32.36208,2026-01-13 13:16:32.362082,f
3410,고왕리,4180035027,경기도,2026-01-13 13:16:32.367148,2026-01-13 13:16:32.36715,f
3411,고잔상리,4180035028,경기도,2026-01-13 13:16:32.374524,2026-01-13 13:16:32.374528,f
3412,고잔하리,4180035029,경기도,2026-01-13 13:16:32.381847,2026-01-13 13:16:32.38185,f
3413,기곡리,4180035030,경기도,2026-01-13 13:16:32.387121,2026-01-13 13:16:32.387123,f
3414,작동리,4180035031,경기도,2026-01-13 13:16:32.391036,2026-01-13 13:16:32.391038,f
3415,임강리,4180035032,경기도,2026-01-13 13:16:32.395465,2026-01-13 13:16:32.395467,f
3416,오탄리,4180035033,경기도,2026-01-13 13:16:32.411017,2026-01-13 13:16:32.411027,f
3417,귀존리,4180035034,경기도,2026-01-13 13:16:32.425648,2026-01-13 13:16:32.425653,f
3418,고장리,4180035035,경기도,2026-01-13 13:16:32.433943,2026-01-13 13:16:32.433948,f
3419,장학리,4180035036,경기도,2026-01-13 13:16:32.43878,2026-01-13 13:16:32.438782,f
3420,가천리,4180035037,경기도,2026-01-13 13:16:32.445923,2026-01-13 13:16:32.445926,f
3421,냉정리,4180035038,경기도,2026-01-13 13:16:32.450691,2026-01-13 13:16:32.450693,f
3422,신서면,4180036000,경기도,2026-01-13 13:16:32.454945,2026-01-13 13:16:32.454947,f
3423,대광리,4180036021,경기도,2026-01-13 13:16:32.459598,2026-01-13 13:16:32.4596,f
3424,도신리,4180036022,경기도,2026-01-13 13:16:32.465647,2026-01-13 13:16:32.465651,f
3425,내산리,4180036023,경기도,2026-01-13 13:16:32.470433,2026-01-13 13:16:32.470449,f
3426,마전리,4180036024,경기도,2026-01-13 13:16:32.474463,2026-01-13 13:16:32.474465,f
3427,답곡리,4180036025,경기도,2026-01-13 13:16:32.478642,2026-01-13 13:16:32.478644,f
3428,승양리,4180036026,경기도,2026-01-13 13:16:32.483074,2026-01-13 13:16:32.483076,f
3429,도밀리,4180036027,경기도,2026-01-13 13:16:32.488375,2026-01-13 13:16:32.488377,f
3430,갈현리,4180036028,경기도,2026-01-13 13:16:32.493559,2026-01-13 13:16:32.493561,f
3431,덕산리,4180036029,경기도,2026-01-13 13:16:32.498224,2026-01-13 13:16:32.498227,f
3432,신현리,4180036030,경기도,2026-01-13 13:16:32.507346,2026-01-13 13:16:32.507349,f
3433,중면,4180037000,경기도,2026-01-13 13:16:32.512193,2026-01-13 13:16:32.512196,f
3434,삼곶리,4180037021,경기도,2026-01-13 13:16:32.516745,2026-01-13 13:16:32.516748,f
3435,횡산리,4180037022,경기도,2026-01-13 13:16:32.520629,2026-01-13 13:16:32.520631,f
3436,중사리,4180037023,경기도,2026-01-13 13:16:32.525016,2026-01-13 13:16:32.525021,f
3437,적거리,4180037024,경기도,2026-01-13 13:16:32.529944,2026-01-13 13:16:32.529946,f
3438,마거리,4180037025,경기도,2026-01-13 13:16:32.534288,2026-01-13 13:16:32.53429,f
3439,합수리,4180037026,경기도,2026-01-13 13:16:32.538954,2026-01-13 13:16:32.538956,f
3440,적음리,4180037027,경기도,2026-01-13 13:16:32.544292,2026-01-13 13:16:32.544295,f
3441,진곡리,4180037028,경기도,2026-01-13 13:16:32.548887,2026-01-13 13:16:32.548889,f
3442,어적산리,4180037029,경기도,2026-01-13 13:16:32.552779,2026-01-13 13:16:32.55278,f
3443,적동산리,4180037030,경기도,2026-01-13 13:16:32.556641,2026-01-13 13:16:32.556643,f
3444,도연리,4180037031,경기도,2026-01-13 13:16:32.560641,2026-01-13 13:16:32.560643,f
3445,장남면,4180038000,경기도,2026-01-13 13:16:32.565622,2026-01-13 13:16:32.565626,f
3446,원당리,4180038021,경기도,2026-01-13 13:16:32.569988,2026-01-13 13:16:32.569991,f
3447,자작리,4180038022,경기도,2026-01-13 13:16:32.574026,2026-01-13 13:16:32.574029,f
3448,판부리,4180038023,경기도,2026-01-13 13:16:32.578391,2026-01-13 13:16:32.578393,f
3449,반정리,4180038024,경기도,2026-01-13 13:16:32.582849,2026-01-13 13:16:32.582852,f
3450,고랑포리,4180038025,경기도,2026-01-13 13:16:32.587408,2026-01-13 13:16:32.587411,f
3451,대평리,4183039527,경기도,2026-01-13 13:16:32.59178,2026-01-13 13:16:32.591783,f
3452,곡수리,4183039528,경기도,2026-01-13 13:16:32.595648,2026-01-13 13:16:32.59565,f
3453,수곡리,4183039529,경기도,2026-01-13 13:16:32.599794,2026-01-13 13:16:32.599796,f
3454,망미리,4183039524,경기도,2026-01-13 13:16:32.604022,2026-01-13 13:16:32.604026,f
3455,무왕리,4183039525,경기도,2026-01-13 13:16:32.60896,2026-01-13 13:16:32.608963,f
3456,일신리,4183039526,경기도,2026-01-13 13:16:32.613697,2026-01-13 13:16:32.6137,f
3457,가평군,4182000000,경기도,2026-01-13 13:16:32.618621,2026-01-13 13:16:32.618624,f
3458,송현리,4183039522,경기도,2026-01-13 13:16:32.622816,2026-01-13 13:16:32.622821,f
3459,월산리,4183039523,경기도,2026-01-13 13:16:32.628895,2026-01-13 13:16:32.628897,f
3460,가평읍,4182025000,경기도,2026-01-13 13:16:32.633298,2026-01-13 13:16:32.633301,f
3461,읍내리,4182025021,경기도,2026-01-13 13:16:32.637645,2026-01-13 13:16:32.637647,f
3462,대곡리,4182025022,경기도,2026-01-13 13:16:32.64218,2026-01-13 13:16:32.642182,f
3463,달전리,4182025023,경기도,2026-01-13 13:16:32.647345,2026-01-13 13:16:32.647348,f
3464,하색리,4182025024,경기도,2026-01-13 13:16:32.651756,2026-01-13 13:16:32.651759,f
3465,상색리,4182025025,경기도,2026-01-13 13:16:32.656779,2026-01-13 13:16:32.656782,f
3466,두밀리,4182025026,경기도,2026-01-13 13:16:32.66279,2026-01-13 13:16:32.662792,f
3467,경반리,4182025027,경기도,2026-01-13 13:16:32.668305,2026-01-13 13:16:32.668308,f
3468,승안리,4182025028,경기도,2026-01-13 13:16:32.672976,2026-01-13 13:16:32.672978,f
3469,마장리,4182025029,경기도,2026-01-13 13:16:32.677484,2026-01-13 13:16:32.677486,f
3470,개곡리,4182025030,경기도,2026-01-13 13:16:32.685614,2026-01-13 13:16:32.68562,f
3471,이화리,4182025031,경기도,2026-01-13 13:16:32.691398,2026-01-13 13:16:32.691402,f
3472,산유리,4182025032,경기도,2026-01-13 13:16:32.696069,2026-01-13 13:16:32.696071,f
3473,복장리,4182025033,경기도,2026-01-13 13:16:32.700985,2026-01-13 13:16:32.700987,f
3474,금대리,4182025034,경기도,2026-01-13 13:16:32.706441,2026-01-13 13:16:32.706443,f
3475,설악면,4182031000,경기도,2026-01-13 13:16:32.710533,2026-01-13 13:16:32.710535,f
3476,신천리,4182031021,경기도,2026-01-13 13:16:32.715286,2026-01-13 13:16:32.715288,f
3477,선촌리,4182031022,경기도,2026-01-13 13:16:32.719167,2026-01-13 13:16:32.719169,f
3478,회곡리,4182031023,경기도,2026-01-13 13:16:32.724981,2026-01-13 13:16:32.724987,f
3479,사룡리,4182031024,경기도,2026-01-13 13:16:32.730804,2026-01-13 13:16:32.730807,f
3480,송산리,4182031025,경기도,2026-01-13 13:16:32.735427,2026-01-13 13:16:32.735429,f
3481,미사리,4182031026,경기도,2026-01-13 13:16:32.740924,2026-01-13 13:16:32.740927,f
3482,위곡리,4182031027,경기도,2026-01-13 13:16:32.745414,2026-01-13 13:16:32.745416,f
3483,창의리,4182031028,경기도,2026-01-13 13:16:32.749787,2026-01-13 13:16:32.749789,f
3484,엄소리,4182031029,경기도,2026-01-13 13:16:32.753788,2026-01-13 13:16:32.75379,f
3485,설곡리,4182031030,경기도,2026-01-13 13:16:32.757497,2026-01-13 13:16:32.757499,f
3486,묵안리,4182031031,경기도,2026-01-13 13:16:32.762079,2026-01-13 13:16:32.762081,f
3487,가일리,4182031032,경기도,2026-01-13 13:16:32.766961,2026-01-13 13:16:32.766963,f
3488,방일리,4182031033,경기도,2026-01-13 13:16:32.77118,2026-01-13 13:16:32.771182,f
3489,천안리,4182031034,경기도,2026-01-13 13:16:32.775106,2026-01-13 13:16:32.775109,f
3490,이천리,4182031035,경기도,2026-01-13 13:16:32.779051,2026-01-13 13:16:32.779053,f
3491,청평면,4182032500,경기도,2026-01-13 13:16:32.783767,2026-01-13 13:16:32.783769,f
3492,청평리,4182032521,경기도,2026-01-13 13:16:32.788299,2026-01-13 13:16:32.788301,f
3493,상천리,4182032522,경기도,2026-01-13 13:16:32.792427,2026-01-13 13:16:32.792429,f
3494,하천리,4182032523,경기도,2026-01-13 13:16:32.796187,2026-01-13 13:16:32.796188,f
3495,대성리,4182032524,경기도,2026-01-13 13:16:32.800272,2026-01-13 13:16:32.800274,f
3496,호명리,4182032525,경기도,2026-01-13 13:16:32.805159,2026-01-13 13:16:32.805166,f
3497,고성리,4182032526,경기도,2026-01-13 13:16:32.810699,2026-01-13 13:16:32.810702,f
3498,삼회리,4182032527,경기도,2026-01-13 13:16:32.815573,2026-01-13 13:16:32.815575,f
3499,상면,4182033000,경기도,2026-01-13 13:16:32.82063,2026-01-13 13:16:32.820635,f
3500,연하리,4182033021,경기도,2026-01-13 13:16:32.828933,2026-01-13 13:16:32.828936,f
3501,항사리,4182033022,경기도,2026-01-13 13:16:32.833541,2026-01-13 13:16:32.833543,f
3502,행현리,4182033023,경기도,2026-01-13 13:16:32.838326,2026-01-13 13:16:32.838329,f
3503,임초리,4182033024,경기도,2026-01-13 13:16:32.846498,2026-01-13 13:16:32.846504,f
3504,덕현리,4182033025,경기도,2026-01-13 13:16:32.856806,2026-01-13 13:16:32.856808,f
3505,태봉리,4182033026,경기도,2026-01-13 13:16:32.861481,2026-01-13 13:16:32.861483,f
3506,상동리,4182033027,경기도,2026-01-13 13:16:32.865953,2026-01-13 13:16:32.865956,f
3507,율길리,4182033028,경기도,2026-01-13 13:16:32.871253,2026-01-13 13:16:32.871256,f
3508,봉수리,4182033029,경기도,2026-01-13 13:16:32.876088,2026-01-13 13:16:32.876091,f
3509,원흥리,4182033030,경기도,2026-01-13 13:16:32.880327,2026-01-13 13:16:32.88033,f
3510,지평면,4183039500,경기도,2026-01-13 13:16:32.884477,2026-01-13 13:16:32.88448,f
3511,지평리,4183039521,경기도,2026-01-13 13:16:32.889388,2026-01-13 13:16:32.889391,f
3512,조종면,4182034500,경기도,2026-01-13 13:16:32.894046,2026-01-13 13:16:32.894047,f
3513,현리,4182034521,경기도,2026-01-13 13:16:32.898879,2026-01-13 13:16:32.898882,f
3514,신상리,4182034522,경기도,2026-01-13 13:16:32.903714,2026-01-13 13:16:32.903718,f
3515,상판리,4182034524,경기도,2026-01-13 13:16:32.907953,2026-01-13 13:16:32.907955,f
3516,신하리,4182034525,경기도,2026-01-13 13:16:32.912448,2026-01-13 13:16:32.912449,f
3517,마일리,4182034526,경기도,2026-01-13 13:16:32.916495,2026-01-13 13:16:32.916498,f
3518,대보리,4182034527,경기도,2026-01-13 13:16:32.920332,2026-01-13 13:16:32.920333,f
3519,운악리,4182034528,경기도,2026-01-13 13:16:32.924266,2026-01-13 13:16:32.924269,f
3520,북면,4182035000,경기도,2026-01-13 13:16:32.928817,2026-01-13 13:16:32.928819,f
3521,목동리,4182035021,경기도,2026-01-13 13:16:32.933255,2026-01-13 13:16:32.933257,f
3522,소법리,4182035022,경기도,2026-01-13 13:16:32.938956,2026-01-13 13:16:32.938958,f
3523,화악리,4182035023,경기도,2026-01-13 13:16:32.944343,2026-01-13 13:16:32.944346,f
3524,도대리,4182035024,경기도,2026-01-13 13:16:32.948812,2026-01-13 13:16:32.948814,f
3525,적목리,4182035025,경기도,2026-01-13 13:16:32.953152,2026-01-13 13:16:32.953155,f
3526,백둔리,4182035026,경기도,2026-01-13 13:16:32.957622,2026-01-13 13:16:32.957625,f
3527,제령리,4182035027,경기도,2026-01-13 13:16:32.961959,2026-01-13 13:16:32.961961,f
3528,이곡리,4182035028,경기도,2026-01-13 13:16:32.966561,2026-01-13 13:16:32.966563,f
3529,양평군,4183000000,경기도,2026-01-13 13:16:32.971191,2026-01-13 13:16:32.971194,f
3530,양평읍,4183025000,경기도,2026-01-13 13:16:32.976206,2026-01-13 13:16:32.97621,f
3531,양근리,4183025021,경기도,2026-01-13 13:16:32.980954,2026-01-13 13:16:32.98096,f
3532,오빈리,4183025022,경기도,2026-01-13 13:16:32.986191,2026-01-13 13:16:32.986194,f
3533,신애리,4183025023,경기도,2026-01-13 13:16:32.991468,2026-01-13 13:16:32.991471,f
3534,덕평리,4183025024,경기도,2026-01-13 13:16:32.996991,2026-01-13 13:16:32.996994,f
3535,공흥리,4183025025,경기도,2026-01-13 13:16:33.0019,2026-01-13 13:16:33.001901,f
3536,백안리,4183025026,경기도,2026-01-13 13:16:33.006421,2026-01-13 13:16:33.006425,f
3537,도곡리,4183025027,경기도,2026-01-13 13:16:33.010631,2026-01-13 13:16:33.010634,f
3538,대흥리,4183025028,경기도,2026-01-13 13:16:33.014667,2026-01-13 13:16:33.01467,f
3539,봉성리,4183025029,경기도,2026-01-13 13:16:33.019046,2026-01-13 13:16:33.019049,f
3540,원덕리,4183025030,경기도,2026-01-13 13:16:33.024279,2026-01-13 13:16:33.024282,f
3541,회현리,4183025031,경기도,2026-01-13 13:16:33.032156,2026-01-13 13:16:33.032161,f
3542,창대리,4183025032,경기도,2026-01-13 13:16:33.03975,2026-01-13 13:16:33.039755,f
3543,강상면,4183031000,경기도,2026-01-13 13:16:33.048362,2026-01-13 13:16:33.048366,f
3544,병산리,4183031021,경기도,2026-01-13 13:16:33.054808,2026-01-13 13:16:33.05481,f
3545,송학리,4183031022,경기도,2026-01-13 13:16:33.059217,2026-01-13 13:16:33.059221,f
3546,교평리,4183031023,경기도,2026-01-13 13:16:33.065299,2026-01-13 13:16:33.065303,f
3547,신화리,4183031024,경기도,2026-01-13 13:16:33.071941,2026-01-13 13:16:33.071946,f
3548,화양리,4183031025,경기도,2026-01-13 13:16:33.076539,2026-01-13 13:16:33.076541,f
3549,세월리,4183031026,경기도,2026-01-13 13:16:33.08035,2026-01-13 13:16:33.080353,f
3550,대석리,4183031027,경기도,2026-01-13 13:16:33.08506,2026-01-13 13:16:33.085062,f
3551,강하면,4183032000,경기도,2026-01-13 13:16:33.089857,2026-01-13 13:16:33.08986,f
3552,운심리,4183032021,경기도,2026-01-13 13:16:33.094247,2026-01-13 13:16:33.09425,f
3553,왕창리,4183032022,경기도,2026-01-13 13:16:33.100192,2026-01-13 13:16:33.100194,f
3554,동오리,4183032023,경기도,2026-01-13 13:16:33.106229,2026-01-13 13:16:33.106231,f
3555,항금리,4183032024,경기도,2026-01-13 13:16:33.111048,2026-01-13 13:16:33.11105,f
3556,성덕리,4183032025,경기도,2026-01-13 13:16:33.1152,2026-01-13 13:16:33.115202,f
3557,전수리,4183032026,경기도,2026-01-13 13:16:33.119262,2026-01-13 13:16:33.119264,f
3558,양서면,4183033000,경기도,2026-01-13 13:16:33.123455,2026-01-13 13:16:33.123458,f
3559,양수리,4183033021,경기도,2026-01-13 13:16:33.128206,2026-01-13 13:16:33.128208,f
3560,용담리,4183033022,경기도,2026-01-13 13:16:33.133023,2026-01-13 13:16:33.133026,f
3561,부용리,4183033023,경기도,2026-01-13 13:16:33.138839,2026-01-13 13:16:33.138841,f
3562,목왕리,4183033024,경기도,2026-01-13 13:16:33.144429,2026-01-13 13:16:33.144431,f
3563,신원리,4183033025,경기도,2026-01-13 13:16:33.148772,2026-01-13 13:16:33.148774,f
3564,도곡리,4183033026,경기도,2026-01-13 13:16:33.152819,2026-01-13 13:16:33.152821,f
3565,대심리,4183033027,경기도,2026-01-13 13:16:33.156534,2026-01-13 13:16:33.156535,f
3566,국수리,4183033028,경기도,2026-01-13 13:16:33.160261,2026-01-13 13:16:33.160263,f
3567,복포리,4183033029,경기도,2026-01-13 13:16:33.165648,2026-01-13 13:16:33.165652,f
3568,청계리,4183033030,경기도,2026-01-13 13:16:33.17084,2026-01-13 13:16:33.170843,f
3569,증동리,4183033031,경기도,2026-01-13 13:16:33.175288,2026-01-13 13:16:33.175292,f
3570,옥천면,4183034000,경기도,2026-01-13 13:16:33.180101,2026-01-13 13:16:33.180105,f
3571,옥천리,4183034021,경기도,2026-01-13 13:16:33.18485,2026-01-13 13:16:33.184853,f
3572,용천리,4183034022,경기도,2026-01-13 13:16:33.189146,2026-01-13 13:16:33.189149,f
3573,신복리,4183034023,경기도,2026-01-13 13:16:33.193096,2026-01-13 13:16:33.193098,f
3574,아신리,4183034024,경기도,2026-01-13 13:16:33.196817,2026-01-13 13:16:33.196819,f
3575,서종면,4183035000,경기도,2026-01-13 13:16:33.200935,2026-01-13 13:16:33.200936,f
3576,문호리,4183035021,경기도,2026-01-13 13:16:33.205485,2026-01-13 13:16:33.205487,f
3577,도장리,4183035022,경기도,2026-01-13 13:16:33.211014,2026-01-13 13:16:33.211016,f
3578,수능리,4183035023,경기도,2026-01-13 13:16:33.21542,2026-01-13 13:16:33.215422,f
3579,서후리,4183035024,경기도,2026-01-13 13:16:33.22005,2026-01-13 13:16:33.220053,f
3580,정배리,4183035025,경기도,2026-01-13 13:16:33.225468,2026-01-13 13:16:33.225471,f
3581,명달리,4183035026,경기도,2026-01-13 13:16:33.229365,2026-01-13 13:16:33.229366,f
3582,노문리,4183035027,경기도,2026-01-13 13:16:33.233501,2026-01-13 13:16:33.233503,f
3583,수입리,4183035028,경기도,2026-01-13 13:16:33.237606,2026-01-13 13:16:33.237607,f
3584,단월면,4183036000,경기도,2026-01-13 13:16:33.241494,2026-01-13 13:16:33.241496,f
3585,보룡리,4183036021,경기도,2026-01-13 13:16:33.246141,2026-01-13 13:16:33.246143,f
3586,삼가리,4183036022,경기도,2026-01-13 13:16:33.250281,2026-01-13 13:16:33.250283,f
3587,봉상리,4183036023,경기도,2026-01-13 13:16:33.255014,2026-01-13 13:16:33.255016,f
3588,향소리,4183036024,경기도,2026-01-13 13:16:33.261191,2026-01-13 13:16:33.261196,f
3589,덕수리,4183036025,경기도,2026-01-13 13:16:33.266879,2026-01-13 13:16:33.266882,f
3590,부안리,4183036026,경기도,2026-01-13 13:16:33.270989,2026-01-13 13:16:33.270993,f
3591,명성리,4183036027,경기도,2026-01-13 13:16:33.275575,2026-01-13 13:16:33.275577,f
3592,석산리,4183036028,경기도,2026-01-13 13:16:33.279777,2026-01-13 13:16:33.279778,f
3593,산음리,4183036029,경기도,2026-01-13 13:16:33.284661,2026-01-13 13:16:33.284664,f
3594,청운면,4183037000,경기도,2026-01-13 13:16:33.289097,2026-01-13 13:16:33.289099,f
3595,용두리,4183037021,경기도,2026-01-13 13:16:33.294139,2026-01-13 13:16:33.294143,f
3596,여물리,4183037022,경기도,2026-01-13 13:16:33.299343,2026-01-13 13:16:33.299345,f
3597,비룡리,4183037023,경기도,2026-01-13 13:16:33.305436,2026-01-13 13:16:33.30544,f
3598,가현리,4183037024,경기도,2026-01-13 13:16:33.309938,2026-01-13 13:16:33.30994,f
3599,갈운리,4183037025,경기도,2026-01-13 13:16:33.31528,2026-01-13 13:16:33.315283,f
3600,도원리,4183037026,경기도,2026-01-13 13:16:33.320705,2026-01-13 13:16:33.320711,f
3601,신론리,4183037027,경기도,2026-01-13 13:16:33.328386,2026-01-13 13:16:33.328388,f
3602,삼성리,4183037028,경기도,2026-01-13 13:16:33.333964,2026-01-13 13:16:33.333967,f
3603,다대리,4183037029,경기도,2026-01-13 13:16:33.339008,2026-01-13 13:16:33.33901,f
3604,양동면,4183038000,경기도,2026-01-13 13:16:33.344406,2026-01-13 13:16:33.344409,f
3605,쌍학리,4183038021,경기도,2026-01-13 13:16:33.348921,2026-01-13 13:16:33.348923,f
3606,석곡리,4183038022,경기도,2026-01-13 13:16:33.353387,2026-01-13 13:16:33.353391,f
3607,매월리,4183038023,경기도,2026-01-13 13:16:33.357474,2026-01-13 13:16:33.357475,f
3608,고송리,4183038024,경기도,2026-01-13 13:16:33.36199,2026-01-13 13:16:33.361992,f
3609,금왕리,4183038025,경기도,2026-01-13 13:16:33.366761,2026-01-13 13:16:33.366763,f
3610,계정리,4183038026,경기도,2026-01-13 13:16:33.371288,2026-01-13 13:16:33.37129,f
3611,삼산리,4183038027,경기도,2026-01-13 13:16:33.375316,2026-01-13 13:16:33.375319,f
3612,단석리,4183038028,경기도,2026-01-13 13:16:33.379412,2026-01-13 13:16:33.379414,f
3613,원암리,4146125926,경기도,2026-01-13 13:16:33.384318,2026-01-13 13:16:33.38432,f
3614,봉명리,4146125924,경기도,2026-01-13 13:16:33.388894,2026-01-13 13:16:33.388897,f
3615,진목리,4146125925,경기도,2026-01-13 13:16:33.393171,2026-01-13 13:16:33.393173,f
3616,북리,4146125922,경기도,2026-01-13 13:16:33.397334,2026-01-13 13:16:33.397337,f
3617,통삼리,4146125923,경기도,2026-01-13 13:16:33.401531,2026-01-13 13:16:33.401535,f
3618,남사읍,4146125900,경기도,2026-01-13 13:16:33.405797,2026-01-13 13:16:33.405799,f
3619,봉무리,4146125921,경기도,2026-01-13 13:16:33.410591,2026-01-13 13:16:33.410593,f
3620,전궁리,4146125927,경기도,2026-01-13 13:16:33.414786,2026-01-13 13:16:33.414788,f
3621,방아리,4146125928,경기도,2026-01-13 13:16:33.418605,2026-01-13 13:16:33.418606,f
3622,창리,4146125929,경기도,2026-01-13 13:16:33.424008,2026-01-13 13:16:33.42401,f
3623,아곡리,4146125930,경기도,2026-01-13 13:16:33.428628,2026-01-13 13:16:33.428631,f
3624,완장리,4146125931,경기도,2026-01-13 13:16:33.432825,2026-01-13 13:16:33.432827,f
3625,배곧동,4139013500,경기도,2026-01-13 13:16:33.437675,2026-01-13 13:16:33.437678,f
3626,고덕동,4122012800,경기도,2026-01-13 13:16:33.441701,2026-01-13 13:16:33.441703,f
3627,세종대왕면,4167034500,경기도,2026-01-13 13:16:33.445887,2026-01-13 13:16:33.445888,f
3628,번도리,4167034521,경기도,2026-01-13 13:16:33.451334,2026-01-13 13:16:33.451336,f
3629,구양리,4167034522,경기도,2026-01-13 13:16:33.455661,2026-01-13 13:16:33.455663,f
3630,왕대리,4167034523,경기도,2026-01-13 13:16:33.460261,2026-01-13 13:16:33.460265,f
3631,백석리,4167034524,경기도,2026-01-13 13:16:33.46803,2026-01-13 13:16:33.468036,f
3632,내양리,4167034525,경기도,2026-01-13 13:16:33.473405,2026-01-13 13:16:33.473407,f
3633,용은리,4167034526,경기도,2026-01-13 13:16:33.47757,2026-01-13 13:16:33.477571,f
3634,매화리,4167034527,경기도,2026-01-13 13:16:33.481185,2026-01-13 13:16:33.481186,f
3635,양거리,4167034528,경기도,2026-01-13 13:16:33.486596,2026-01-13 13:16:33.486602,f
3636,마래리,4167034529,경기도,2026-01-13 13:16:33.495708,2026-01-13 13:16:33.495711,f
3637,광대리,4167034530,경기도,2026-01-13 13:16:33.500083,2026-01-13 13:16:33.500085,f
3638,오계리,4167034531,경기도,2026-01-13 13:16:33.504489,2026-01-13 13:16:33.504492,f
3639,매류리,4167034532,경기도,2026-01-13 13:16:33.508533,2026-01-13 13:16:33.508536,f
3640,신지리,4167034533,경기도,2026-01-13 13:16:33.512951,2026-01-13 13:16:33.512953,f
3641,사곶리,4159035033,경기도,2026-01-13 13:16:33.516876,2026-01-13 13:16:33.516878,f
3642,양지읍,4146126200,경기도,2026-01-13 13:16:33.520766,2026-01-13 13:16:33.520768,f
3643,양지리,4146126221,경기도,2026-01-13 13:16:33.524582,2026-01-13 13:16:33.524584,f
3644,남곡리,4146126222,경기도,2026-01-13 13:16:33.529071,2026-01-13 13:16:33.529074,f
3645,평창리,4146126223,경기도,2026-01-13 13:16:33.533196,2026-01-13 13:16:33.533199,f
3646,제일리,4146126224,경기도,2026-01-13 13:16:33.537494,2026-01-13 13:16:33.537496,f
3647,추계리,4146126225,경기도,2026-01-13 13:16:33.542142,2026-01-13 13:16:33.542144,f
3648,식금리,4146126226,경기도,2026-01-13 13:16:33.546644,2026-01-13 13:16:33.546647,f
3649,정수리,4146126227,경기도,2026-01-13 13:16:33.551161,2026-01-13 13:16:33.551164,f
3650,대대리,4146126228,경기도,2026-01-13 13:16:33.55532,2026-01-13 13:16:33.555322,f
3651,주북리,4146126229,경기도,2026-01-13 13:16:33.559658,2026-01-13 13:16:33.55966,f
3652,송문리,4146126230,경기도,2026-01-13 13:16:33.563419,2026-01-13 13:16:33.563421,f
3653,송내동,4119410500,경기도,2026-01-13 13:16:33.567601,2026-01-13 13:16:33.567604,f
3654,옥길동,4119410600,경기도,2026-01-13 13:16:33.572337,2026-01-13 13:16:33.572342,f
3655,계수동,4119410700,경기도,2026-01-13 13:16:33.576471,2026-01-13 13:16:33.576473,f
3656,부천시 오정구,4119600000,경기도,2026-01-13 13:16:33.580464,2026-01-13 13:16:33.580468,f
3657,오정동,4119610100,경기도,2026-01-13 13:16:33.584888,2026-01-13 13:16:33.58489,f
3658,여월동,4119610200,경기도,2026-01-13 13:16:33.589232,2026-01-13 13:16:33.589234,f
3659,작동,4119610300,경기도,2026-01-13 13:16:33.593351,2026-01-13 13:16:33.593354,f
3660,원종동,4119610400,경기도,2026-01-13 13:16:33.597402,2026-01-13 13:16:33.597405,f
3661,고강동,4119610500,경기도,2026-01-13 13:16:33.601436,2026-01-13 13:16:33.601438,f
3662,대장동,4119610600,경기도,2026-01-13 13:16:33.60552,2026-01-13 13:16:33.605522,f
3663,삼정동,4119610700,경기도,2026-01-13 13:16:33.610816,2026-01-13 13:16:33.610818,f
3664,내동,4119610800,경기도,2026-01-13 13:16:33.615372,2026-01-13 13:16:33.615375,f
3665,원미동,4119210100,경기도,2026-01-13 13:16:33.619433,2026-01-13 13:16:33.619436,f
3666,심곡동,4119210200,경기도,2026-01-13 13:16:33.624164,2026-01-13 13:16:33.624166,f
3667,춘의동,4119210300,경기도,2026-01-13 13:16:33.62902,2026-01-13 13:16:33.629022,f
3668,도당동,4119210400,경기도,2026-01-13 13:16:33.633478,2026-01-13 13:16:33.633481,f
3669,약대동,4119210500,경기도,2026-01-13 13:16:33.637712,2026-01-13 13:16:33.637715,f
3670,소사동,4119210600,경기도,2026-01-13 13:16:33.641459,2026-01-13 13:16:33.641461,f
3671,역곡동,4119210700,경기도,2026-01-13 13:16:33.648957,2026-01-13 13:16:33.648963,f
3672,중동,4119210800,경기도,2026-01-13 13:16:33.658529,2026-01-13 13:16:33.658535,f
3673,상동,4119210900,경기도,2026-01-13 13:16:33.663894,2026-01-13 13:16:33.663906,f
3674,부천시 소사구,4119400000,경기도,2026-01-13 13:16:33.668649,2026-01-13 13:16:33.668651,f
3675,소사본동,4119410100,경기도,2026-01-13 13:16:33.672789,2026-01-13 13:16:33.672793,f
3676,심곡본동,4119410200,경기도,2026-01-13 13:16:33.677824,2026-01-13 13:16:33.677827,f
3677,범박동,4119410300,경기도,2026-01-13 13:16:33.68213,2026-01-13 13:16:33.682131,f
3678,괴안동,4119410400,경기도,2026-01-13 13:16:33.686124,2026-01-13 13:16:33.686127,f
3679,부천시 원미구,4119200000,경기도,2026-01-13 13:16:33.691569,2026-01-13 13:16:33.691572,f
3680,고산동,4161011400,경기도,2026-01-13 13:16:33.695714,2026-01-13 13:16:33.695716,f
3681,신현동,4161011500,경기도,2026-01-13 13:16:33.699571,2026-01-13 13:16:33.699575,f
3682,능평동,4161011600,경기도,2026-01-13 13:16:33.70417,2026-01-13 13:16:33.704174,f
3683,문형동,4161011700,경기도,2026-01-13 13:16:33.709052,2026-01-13 13:16:33.709055,f
3684,추자동,4161011800,경기도,2026-01-13 13:16:33.71336,2026-01-13 13:16:33.713363,f
3685,매산동,4161011900,경기도,2026-01-13 13:16:33.717414,2026-01-13 13:16:33.717416,f
3686,양벌동,4161012000,경기도,2026-01-13 13:16:33.722055,2026-01-13 13:16:33.722057,f
3687,경상남도,4800000000,경상남도,2026-01-13 13:16:33.726378,2026-01-13 13:16:33.726382,f
3688,백천동,4824012200,경상남도,2026-01-13 13:16:33.731622,2026-01-13 13:16:33.731624,f
3689,신수동,4824012100,경상남도,2026-01-13 13:16:33.735727,2026-01-13 13:16:33.735729,f
3690,늑도동,4824012000,경상남도,2026-01-13 13:16:33.74038,2026-01-13 13:16:33.740383,f
3691,마도동,4824011900,경상남도,2026-01-13 13:16:33.745824,2026-01-13 13:16:33.745827,f
3692,실안동,4824011800,경상남도,2026-01-13 13:16:33.752385,2026-01-13 13:16:33.752387,f
3693,대방동,4824011700,경상남도,2026-01-13 13:16:33.759038,2026-01-13 13:16:33.759043,f
3694,창원시,4812000000,경상남도,2026-01-13 13:16:33.763956,2026-01-13 13:16:33.763958,f
3695,의창구,4812100000,경상남도,2026-01-13 13:16:33.769527,2026-01-13 13:16:33.769533,f
3696,북동,4812110100,경상남도,2026-01-13 13:16:33.77504,2026-01-13 13:16:33.775042,f
3697,중동,4812110200,경상남도,2026-01-13 13:16:33.778933,2026-01-13 13:16:33.778935,f
3698,서상동,4812110300,경상남도,2026-01-13 13:16:33.785431,2026-01-13 13:16:33.785434,f
3699,소답동,4812110400,경상남도,2026-01-13 13:16:33.789954,2026-01-13 13:16:33.789956,f
3700,도계동,4812110500,경상남도,2026-01-13 13:16:33.795402,2026-01-13 13:16:33.795406,f
3701,동정동,4812110600,경상남도,2026-01-13 13:16:33.799401,2026-01-13 13:16:33.799402,f
3702,소계동,4812110700,경상남도,2026-01-13 13:16:33.803039,2026-01-13 13:16:33.803041,f
3703,용동,4812110800,경상남도,2026-01-13 13:16:33.808202,2026-01-13 13:16:33.808207,f
3704,덕정동,4812111200,경상남도,2026-01-13 13:16:33.812955,2026-01-13 13:16:33.812957,f
3705,지귀동,4812111300,경상남도,2026-01-13 13:16:33.817919,2026-01-13 13:16:33.817921,f
3706,서곡동,4812111400,경상남도,2026-01-13 13:16:33.822733,2026-01-13 13:16:33.822736,f
3707,봉림동,4812111600,경상남도,2026-01-13 13:16:33.828782,2026-01-13 13:16:33.828784,f
3708,퇴촌동,4812111700,경상남도,2026-01-13 13:16:33.832822,2026-01-13 13:16:33.832824,f
3709,명곡동,4812111800,경상남도,2026-01-13 13:16:33.837641,2026-01-13 13:16:33.837644,f
3710,반계동,4812111900,경상남도,2026-01-13 13:16:33.843616,2026-01-13 13:16:33.843618,f
3711,사화동,4812112000,경상남도,2026-01-13 13:16:33.847772,2026-01-13 13:16:33.847775,f
3712,차용동,4812112100,경상남도,2026-01-13 13:16:33.853927,2026-01-13 13:16:33.85393,f
3713,내리동,4812112200,경상남도,2026-01-13 13:16:33.858155,2026-01-13 13:16:33.858157,f
3714,명서동,4812112400,경상남도,2026-01-13 13:16:33.863716,2026-01-13 13:16:33.863719,f
3715,사림동,4812112500,경상남도,2026-01-13 13:16:33.867966,2026-01-13 13:16:33.867977,f
3716,봉곡동,4812112700,경상남도,2026-01-13 13:16:33.87474,2026-01-13 13:16:33.874743,f
3717,팔용동,4812112900,경상남도,2026-01-13 13:16:33.878633,2026-01-13 13:16:33.878635,f
3718,동읍,4812125000,경상남도,2026-01-13 13:16:33.886384,2026-01-13 13:16:33.886391,f
3719,용강리,4812125021,경상남도,2026-01-13 13:16:33.891173,2026-01-13 13:16:33.891176,f
3720,향촌동,4824011600,경상남도,2026-01-13 13:16:33.899408,2026-01-13 13:16:33.899411,f
3721,용전리,4812125022,경상남도,2026-01-13 13:16:33.903953,2026-01-13 13:16:33.903957,f
3722,남산리,4812125023,경상남도,2026-01-13 13:16:33.908886,2026-01-13 13:16:33.908889,f
3723,덕천리,4812125024,경상남도,2026-01-13 13:16:33.913575,2026-01-13 13:16:33.913582,f
3724,덕산리,4812125025,경상남도,2026-01-13 13:16:33.918571,2026-01-13 13:16:33.918573,f
3725,봉산리,4812125026,경상남도,2026-01-13 13:16:33.922406,2026-01-13 13:16:33.922409,f
3726,송정리,4812125027,경상남도,2026-01-13 13:16:33.926497,2026-01-13 13:16:33.9265,f
3727,용정리,4812125028,경상남도,2026-01-13 13:16:33.931511,2026-01-13 13:16:33.93152,f
3728,단계리,4812125029,경상남도,2026-01-13 13:16:33.936025,2026-01-13 13:16:33.936027,f
3729,무성리,4812125030,경상남도,2026-01-13 13:16:33.941597,2026-01-13 13:16:33.9416,f
3730,무점리,4812125031,경상남도,2026-01-13 13:16:33.945942,2026-01-13 13:16:33.945944,f
3731,용잠리,4812125032,경상남도,2026-01-13 13:16:33.951184,2026-01-13 13:16:33.951188,f
3732,신방리,4812125033,경상남도,2026-01-13 13:16:33.955493,2026-01-13 13:16:33.955496,f
3733,다호리,4812125034,경상남도,2026-01-13 13:16:33.959527,2026-01-13 13:16:33.95953,f
3734,월잠리,4812125035,경상남도,2026-01-13 13:16:33.964176,2026-01-13 13:16:33.964178,f
3735,화양리,4812125036,경상남도,2026-01-13 13:16:33.968689,2026-01-13 13:16:33.968693,f
3736,석산리,4812125037,경상남도,2026-01-13 13:16:33.974126,2026-01-13 13:16:33.974128,f
3737,금산리,4812125038,경상남도,2026-01-13 13:16:33.978611,2026-01-13 13:16:33.978613,f
3738,봉곡리,4812125039,경상남도,2026-01-13 13:16:33.982648,2026-01-13 13:16:33.982653,f
3739,봉강리,4812125040,경상남도,2026-01-13 13:16:33.987147,2026-01-13 13:16:33.98715,f
3740,본포리,4812125041,경상남도,2026-01-13 13:16:33.992838,2026-01-13 13:16:33.992842,f
3741,노연리,4812125042,경상남도,2026-01-13 13:16:33.998174,2026-01-13 13:16:33.998177,f
3742,산남리,4812125043,경상남도,2026-01-13 13:16:34.002377,2026-01-13 13:16:34.002379,f
3743,죽동리,4812125044,경상남도,2026-01-13 13:16:34.006846,2026-01-13 13:16:34.006848,f
3744,북면,4812131000,경상남도,2026-01-13 13:16:34.01184,2026-01-13 13:16:34.011842,f
3745,지개리,4812131021,경상남도,2026-01-13 13:16:34.01603,2026-01-13 13:16:34.016032,f
3746,고암리,4812131022,경상남도,2026-01-13 13:16:34.020359,2026-01-13 13:16:34.020363,f
3747,대산리,4812131023,경상남도,2026-01-13 13:16:34.025096,2026-01-13 13:16:34.025098,f
3748,월촌리,4812131024,경상남도,2026-01-13 13:16:34.029546,2026-01-13 13:16:34.029548,f
3749,월백리,4812131025,경상남도,2026-01-13 13:16:34.033682,2026-01-13 13:16:34.033684,f
3750,화천리,4812131026,경상남도,2026-01-13 13:16:34.038041,2026-01-13 13:16:34.038043,f
3751,외감리,4812131027,경상남도,2026-01-13 13:16:34.042855,2026-01-13 13:16:34.042858,f
3752,감계리,4812131028,경상남도,2026-01-13 13:16:34.047033,2026-01-13 13:16:34.047035,f
3753,동전리,4812131029,경상남도,2026-01-13 13:16:34.051602,2026-01-13 13:16:34.051604,f
3754,무동리,4812131030,경상남도,2026-01-13 13:16:34.055741,2026-01-13 13:16:34.055743,f
3755,무곡리,4812131031,경상남도,2026-01-13 13:16:34.059261,2026-01-13 13:16:34.059263,f
3756,내곡리,4812131032,경상남도,2026-01-13 13:16:34.065793,2026-01-13 13:16:34.065794,f
3757,상천리,4812131033,경상남도,2026-01-13 13:16:34.070501,2026-01-13 13:16:34.070505,f
3758,하천리,4812131034,경상남도,2026-01-13 13:16:34.074873,2026-01-13 13:16:34.074876,f
3759,외산리,4812131035,경상남도,2026-01-13 13:16:34.078645,2026-01-13 13:16:34.078647,f
3760,신촌리,4812131036,경상남도,2026-01-13 13:16:34.082608,2026-01-13 13:16:34.08261,f
3761,마산리,4812131037,경상남도,2026-01-13 13:16:34.086668,2026-01-13 13:16:34.08667,f
3762,월계리,4812131038,경상남도,2026-01-13 13:16:34.091366,2026-01-13 13:16:34.091369,f
3763,대산면,4812132000,경상남도,2026-01-13 13:16:34.09541,2026-01-13 13:16:34.095414,f
3764,갈전리,4812132021,경상남도,2026-01-13 13:16:34.09914,2026-01-13 13:16:34.099142,f
3765,일동리,4812132022,경상남도,2026-01-13 13:16:34.103354,2026-01-13 13:16:34.103358,f
3766,모산리,4812132023,경상남도,2026-01-13 13:16:34.10804,2026-01-13 13:16:34.108043,f
3767,가술리,4812132024,경상남도,2026-01-13 13:16:34.112831,2026-01-13 13:16:34.112834,f
3768,제동리,4812132025,경상남도,2026-01-13 13:16:34.117104,2026-01-13 13:16:34.117106,f
3769,우암리,4812132026,경상남도,2026-01-13 13:16:34.121088,2026-01-13 13:16:34.12109,f
3770,북부리,4812132027,경상남도,2026-01-13 13:16:34.124814,2026-01-13 13:16:34.124816,f
3771,유등리,4812132028,경상남도,2026-01-13 13:16:34.129539,2026-01-13 13:16:34.129542,f
3772,대방리,4812132029,경상남도,2026-01-13 13:16:34.133929,2026-01-13 13:16:34.133931,f
3773,성산구,4812300000,경상남도,2026-01-13 13:16:34.137826,2026-01-13 13:16:34.137829,f
3774,토월동,4812310100,경상남도,2026-01-13 13:16:34.142018,2026-01-13 13:16:34.14202,f
3775,사파정동,4812310200,경상남도,2026-01-13 13:16:34.146328,2026-01-13 13:16:34.146331,f
3776,가음정동,4812310300,경상남도,2026-01-13 13:16:34.150523,2026-01-13 13:16:34.150527,f
3777,외동,4812310400,경상남도,2026-01-13 13:16:34.154283,2026-01-13 13:16:34.154284,f
3778,대방동,4812310500,경상남도,2026-01-13 13:16:34.158039,2026-01-13 13:16:34.15804,f
3779,남산동,4812310600,경상남도,2026-01-13 13:16:34.162012,2026-01-13 13:16:34.162014,f
3780,삼정자동,4812310700,경상남도,2026-01-13 13:16:34.16569,2026-01-13 13:16:34.165692,f
3781,천선동,4812310800,경상남도,2026-01-13 13:16:34.171006,2026-01-13 13:16:34.17101,f
3782,불모산동,4812310900,경상남도,2026-01-13 13:16:34.175457,2026-01-13 13:16:34.175459,f
3783,안민동,4812311000,경상남도,2026-01-13 13:16:34.179365,2026-01-13 13:16:34.179367,f
3784,내동,4812311100,경상남도,2026-01-13 13:16:34.184267,2026-01-13 13:16:34.184269,f
3785,남지동,4812311200,경상남도,2026-01-13 13:16:34.188487,2026-01-13 13:16:34.188489,f
3786,상복동,4812311300,경상남도,2026-01-13 13:16:34.192334,2026-01-13 13:16:34.192336,f
3787,완암동,4812311400,경상남도,2026-01-13 13:16:34.196213,2026-01-13 13:16:34.196214,f
3788,창곡동,4812311500,경상남도,2026-01-13 13:16:34.200079,2026-01-13 13:16:34.20008,f
3789,월림동,4812311600,경상남도,2026-01-13 13:16:34.203851,2026-01-13 13:16:34.203854,f
3790,적현동,4812311700,경상남도,2026-01-13 13:16:34.208725,2026-01-13 13:16:34.208728,f
3791,양곡동,4812311800,경상남도,2026-01-13 13:16:34.214085,2026-01-13 13:16:34.214088,f
3792,반송동,4812311900,경상남도,2026-01-13 13:16:34.218332,2026-01-13 13:16:34.218334,f
3793,귀산동,4812312000,경상남도,2026-01-13 13:16:34.222827,2026-01-13 13:16:34.222831,f
3794,귀곡동,4812312100,경상남도,2026-01-13 13:16:34.227231,2026-01-13 13:16:34.227234,f
3795,귀현동,4812312200,경상남도,2026-01-13 13:16:34.231639,2026-01-13 13:16:34.231641,f
3796,신촌동,4812312300,경상남도,2026-01-13 13:16:34.235884,2026-01-13 13:16:34.235886,f
3797,반지동,4812312400,경상남도,2026-01-13 13:16:34.240121,2026-01-13 13:16:34.240123,f
3798,중앙동,4812312500,경상남도,2026-01-13 13:16:34.243889,2026-01-13 13:16:34.243891,f
3799,반림동,4812312600,경상남도,2026-01-13 13:16:34.247552,2026-01-13 13:16:34.247554,f
3800,상남동,4812312700,경상남도,2026-01-13 13:16:34.2526,2026-01-13 13:16:34.252604,f
3801,성주동,4812312800,경상남도,2026-01-13 13:16:34.260922,2026-01-13 13:16:34.260927,f
3802,웅남동,4812312900,경상남도,2026-01-13 13:16:34.267654,2026-01-13 13:16:34.267658,f
3803,사파동,4812313000,경상남도,2026-01-13 13:16:34.274528,2026-01-13 13:16:34.27453,f
3804,가음동,4812313100,경상남도,2026-01-13 13:16:34.279037,2026-01-13 13:16:34.279039,f
3805,성산동,4812313200,경상남도,2026-01-13 13:16:34.283365,2026-01-13 13:16:34.283367,f
3806,남양동,4812313300,경상남도,2026-01-13 13:16:34.287086,2026-01-13 13:16:34.287088,f
3807,마산합포구,4812500000,경상남도,2026-01-13 13:16:34.291032,2026-01-13 13:16:34.291034,f
3808,가포동,4812510100,경상남도,2026-01-13 13:16:34.294663,2026-01-13 13:16:34.294665,f
3809,교방동,4812510200,경상남도,2026-01-13 13:16:34.298968,2026-01-13 13:16:34.298971,f
3810,교원동,4812510300,경상남도,2026-01-13 13:16:34.302988,2026-01-13 13:16:34.30299,f
3811,남성동,4812510400,경상남도,2026-01-13 13:16:34.30764,2026-01-13 13:16:34.307643,f
3812,대내동,4812510500,경상남도,2026-01-13 13:16:34.311524,2026-01-13 13:16:34.311526,f
3813,대성동1가,4812510600,경상남도,2026-01-13 13:16:34.31514,2026-01-13 13:16:34.315142,f
3814,대성동2가,4812510700,경상남도,2026-01-13 13:16:34.319863,2026-01-13 13:16:34.319867,f
3815,대외동,4812510800,경상남도,2026-01-13 13:16:34.323705,2026-01-13 13:16:34.323707,f
3816,대창동,4812510900,경상남도,2026-01-13 13:16:34.327718,2026-01-13 13:16:34.327721,f
3817,덕동동,4812511000,경상남도,2026-01-13 13:16:34.332479,2026-01-13 13:16:34.332482,f
3818,동성동,4812511100,경상남도,2026-01-13 13:16:34.33616,2026-01-13 13:16:34.336161,f
3819,두월동1가,4812511200,경상남도,2026-01-13 13:16:34.340291,2026-01-13 13:16:34.340293,f
3820,두월동2가,4812511300,경상남도,2026-01-13 13:16:34.344671,2026-01-13 13:16:34.344674,f
3821,두월동3가,4812511400,경상남도,2026-01-13 13:16:34.348628,2026-01-13 13:16:34.34863,f
3822,문화동,4812511500,경상남도,2026-01-13 13:16:34.353102,2026-01-13 13:16:34.353104,f
3823,반월동,4812511600,경상남도,2026-01-13 13:16:34.356837,2026-01-13 13:16:34.356839,f
3824,부림동,4812511700,경상남도,2026-01-13 13:16:34.360381,2026-01-13 13:16:34.360384,f
3825,산호동,4812511800,경상남도,2026-01-13 13:16:34.365449,2026-01-13 13:16:34.365451,f
3826,상남동,4812511900,경상남도,2026-01-13 13:16:34.370224,2026-01-13 13:16:34.370228,f
3827,서성동,4812512000,경상남도,2026-01-13 13:16:34.375397,2026-01-13 13:16:34.375401,f
3828,성호동,4812512100,경상남도,2026-01-13 13:16:34.380168,2026-01-13 13:16:34.380171,f
3829,수성동,4812512200,경상남도,2026-01-13 13:16:34.385594,2026-01-13 13:16:34.385598,f
3830,신월동,4812512300,경상남도,2026-01-13 13:16:34.389755,2026-01-13 13:16:34.389757,f
3831,신창동,4812512400,경상남도,2026-01-13 13:16:34.393647,2026-01-13 13:16:34.393649,f
3832,신포동1가,4812512500,경상남도,2026-01-13 13:16:34.397747,2026-01-13 13:16:34.39775,f
3833,신포동2가,4812512600,경상남도,2026-01-13 13:16:34.401538,2026-01-13 13:16:34.40154,f
3834,신흥동,4812512700,경상남도,2026-01-13 13:16:34.405235,2026-01-13 13:16:34.405248,f
3835,완월동,4812512800,경상남도,2026-01-13 13:16:34.409976,2026-01-13 13:16:34.409981,f
3836,월남동1가,4812512900,경상남도,2026-01-13 13:16:34.414391,2026-01-13 13:16:34.414392,f
3837,월남동2가,4812513000,경상남도,2026-01-13 13:16:34.418407,2026-01-13 13:16:34.418409,f
3838,월남동3가,4812513100,경상남도,2026-01-13 13:16:34.422741,2026-01-13 13:16:34.422743,f
3839,월남동4가,4812513200,경상남도,2026-01-13 13:16:34.427134,2026-01-13 13:16:34.427136,f
3840,월남동5가,4812513300,경상남도,2026-01-13 13:16:34.432136,2026-01-13 13:16:34.432138,f
3841,월영동,4812513400,경상남도,2026-01-13 13:16:34.436064,2026-01-13 13:16:34.436067,f
3842,월포동,4812513500,경상남도,2026-01-13 13:16:34.440149,2026-01-13 13:16:34.440151,f
3843,예곡동,4812513600,경상남도,2026-01-13 13:16:34.444118,2026-01-13 13:16:34.444121,f
3844,오동동,4812513700,경상남도,2026-01-13 13:16:34.448832,2026-01-13 13:16:34.448836,f
3845,우산동,4812513800,경상남도,2026-01-13 13:16:34.453912,2026-01-13 13:16:34.453914,f
3846,사등동,4824011500,경상남도,2026-01-13 13:16:34.457665,2026-01-13 13:16:34.457667,f
3847,유록동,4812513900,경상남도,2026-01-13 13:16:34.461513,2026-01-13 13:16:34.461515,f
3848,자산동,4812514000,경상남도,2026-01-13 13:16:34.466203,2026-01-13 13:16:34.466205,f
3849,장군동1가,4812514100,경상남도,2026-01-13 13:16:34.470337,2026-01-13 13:16:34.470339,f
3850,장군동2가,4812514200,경상남도,2026-01-13 13:16:34.474567,2026-01-13 13:16:34.474569,f
3851,장군동3가,4812514300,경상남도,2026-01-13 13:16:34.478589,2026-01-13 13:16:34.478593,f
3852,장군동4가,4812514400,경상남도,2026-01-13 13:16:34.483361,2026-01-13 13:16:34.483362,f
3853,장군동5가,4812514500,경상남도,2026-01-13 13:16:34.487625,2026-01-13 13:16:34.48763,f
3854,중성동,4812514600,경상남도,2026-01-13 13:16:34.49323,2026-01-13 13:16:34.493233,f
3855,중앙동1가,4812514700,경상남도,2026-01-13 13:16:34.497675,2026-01-13 13:16:34.497677,f
3856,중앙동2가,4812514800,경상남도,2026-01-13 13:16:34.502034,2026-01-13 13:16:34.502037,f
3857,중앙동3가,4812514900,경상남도,2026-01-13 13:16:34.505523,2026-01-13 13:16:34.505524,f
3858,창동,4812515000,경상남도,2026-01-13 13:16:34.509738,2026-01-13 13:16:34.509742,f
3859,창포동1가,4812515100,경상남도,2026-01-13 13:16:34.514808,2026-01-13 13:16:34.514811,f
3860,창포동2가,4812515200,경상남도,2026-01-13 13:16:34.51903,2026-01-13 13:16:34.519032,f
3861,창포동3가,4812515300,경상남도,2026-01-13 13:16:34.523141,2026-01-13 13:16:34.523143,f
3862,청계동,4812515400,경상남도,2026-01-13 13:16:34.527221,2026-01-13 13:16:34.527223,f
3863,추산동,4812515500,경상남도,2026-01-13 13:16:34.532219,2026-01-13 13:16:34.532224,f
3864,평화동,4812515600,경상남도,2026-01-13 13:16:34.53732,2026-01-13 13:16:34.537323,f
3865,화영동,4812515700,경상남도,2026-01-13 13:16:34.543307,2026-01-13 13:16:34.543311,f
3866,해운동,4812515800,경상남도,2026-01-13 13:16:34.547596,2026-01-13 13:16:34.547597,f
3867,현동,4812515900,경상남도,2026-01-13 13:16:34.552173,2026-01-13 13:16:34.552175,f
3868,홍문동,4812516000,경상남도,2026-01-13 13:16:34.556318,2026-01-13 13:16:34.55632,f
3869,구산면,4812531000,경상남도,2026-01-13 13:16:34.5602,2026-01-13 13:16:34.560203,f
3870,유산리,4812531021,경상남도,2026-01-13 13:16:34.56423,2026-01-13 13:16:34.564231,f
3871,마전리,4812531022,경상남도,2026-01-13 13:16:34.567961,2026-01-13 13:16:34.567963,f
3872,석곡리,4812531023,경상남도,2026-01-13 13:16:34.572602,2026-01-13 13:16:34.572605,f
3873,수정리,4812531024,경상남도,2026-01-13 13:16:34.576646,2026-01-13 13:16:34.576648,f
3874,내포리,4812531025,경상남도,2026-01-13 13:16:34.580784,2026-01-13 13:16:34.580786,f
3875,옥계리,4812531026,경상남도,2026-01-13 13:16:34.585117,2026-01-13 13:16:34.585119,f
3876,반동리,4812531027,경상남도,2026-01-13 13:16:34.589197,2026-01-13 13:16:34.5892,f
3877,구복리,4812531028,경상남도,2026-01-13 13:16:34.592942,2026-01-13 13:16:34.592943,f
3878,심리,4812531029,경상남도,2026-01-13 13:16:34.597488,2026-01-13 13:16:34.59749,f
3879,난포리,4812531030,경상남도,2026-01-13 13:16:34.601299,2026-01-13 13:16:34.601301,f
3880,진동면,4812532000,경상남도,2026-01-13 13:16:34.605765,2026-01-13 13:16:34.605768,f
3881,고현리,4812532021,경상남도,2026-01-13 13:16:34.610573,2026-01-13 13:16:34.610575,f
3882,신기리,4812532022,경상남도,2026-01-13 13:16:34.61569,2026-01-13 13:16:34.615693,f
3883,사동리,4812532023,경상남도,2026-01-13 13:16:34.621447,2026-01-13 13:16:34.62145,f
3884,진동리,4812532024,경상남도,2026-01-13 13:16:34.626455,2026-01-13 13:16:34.626457,f
3885,요장리,4812532025,경상남도,2026-01-13 13:16:34.631532,2026-01-13 13:16:34.631535,f
3886,다구리,4812532026,경상남도,2026-01-13 13:16:34.635839,2026-01-13 13:16:34.635841,f
3887,교동리,4812532027,경상남도,2026-01-13 13:16:34.640431,2026-01-13 13:16:34.640433,f
3888,인곡리,4812532028,경상남도,2026-01-13 13:16:34.644096,2026-01-13 13:16:34.644098,f
3889,태봉리,4812532029,경상남도,2026-01-13 13:16:34.647813,2026-01-13 13:16:34.647815,f
3890,동전리,4812532030,경상남도,2026-01-13 13:16:34.652732,2026-01-13 13:16:34.652735,f
3891,진북면,4812533000,경상남도,2026-01-13 13:16:34.65663,2026-01-13 13:16:34.656631,f
3892,지산리,4812533021,경상남도,2026-01-13 13:16:34.663,2026-01-13 13:16:34.663003,f
3893,예곡리,4812533022,경상남도,2026-01-13 13:16:34.667378,2026-01-13 13:16:34.667381,f
3894,인곡리,4812533023,경상남도,2026-01-13 13:16:34.672403,2026-01-13 13:16:34.672406,f
3895,대평리,4812533024,경상남도,2026-01-13 13:16:34.676299,2026-01-13 13:16:34.676301,f
3896,이목리,4812533025,경상남도,2026-01-13 13:16:34.679879,2026-01-13 13:16:34.67988,f
3897,금산리,4812533026,경상남도,2026-01-13 13:16:34.684385,2026-01-13 13:16:34.684388,f
3898,영학리,4812533027,경상남도,2026-01-13 13:16:34.688678,2026-01-13 13:16:34.688681,f
3899,부산리,4812533028,경상남도,2026-01-13 13:16:34.693429,2026-01-13 13:16:34.693431,f
3900,덕곡리,4812533029,경상남도,2026-01-13 13:16:34.698212,2026-01-13 13:16:34.698214,f
3901,신촌리,4812533030,경상남도,2026-01-13 13:16:34.703064,2026-01-13 13:16:34.703068,f
3902,망곡리,4812533031,경상남도,2026-01-13 13:16:34.707733,2026-01-13 13:16:34.707735,f
3903,부평리,4812533032,경상남도,2026-01-13 13:16:34.712154,2026-01-13 13:16:34.712156,f
3904,추곡리,4812533033,경상남도,2026-01-13 13:16:34.716214,2026-01-13 13:16:34.716216,f
3905,대티리,4812533034,경상남도,2026-01-13 13:16:34.720066,2026-01-13 13:16:34.720068,f
3906,정현리,4812533035,경상남도,2026-01-13 13:16:34.724454,2026-01-13 13:16:34.724457,f
3907,진전면,4812534000,경상남도,2026-01-13 13:16:34.729452,2026-01-13 13:16:34.729458,f
3908,율티리,4812534021,경상남도,2026-01-13 13:16:34.734481,2026-01-13 13:16:34.734484,f
3909,근곡리,4812534022,경상남도,2026-01-13 13:16:34.738807,2026-01-13 13:16:34.738809,f
3910,임곡리,4812534023,경상남도,2026-01-13 13:16:34.743527,2026-01-13 13:16:34.743529,f
3911,봉곡리,4812534024,경상남도,2026-01-13 13:16:34.7478,2026-01-13 13:16:34.747803,f
3912,곡안리,4812534025,경상남도,2026-01-13 13:16:34.752717,2026-01-13 13:16:34.75272,f
3913,동산리,4812534026,경상남도,2026-01-13 13:16:34.756701,2026-01-13 13:16:34.756704,f
3914,양촌리,4812534027,경상남도,2026-01-13 13:16:34.760283,2026-01-13 13:16:34.760285,f
3915,봉암리,4812534028,경상남도,2026-01-13 13:16:34.764081,2026-01-13 13:16:34.764082,f
3916,일암리,4812534029,경상남도,2026-01-13 13:16:34.768402,2026-01-13 13:16:34.768406,f
3917,오서리,4812534030,경상남도,2026-01-13 13:16:34.772878,2026-01-13 13:16:34.77288,f
3918,이명리,4812534031,경상남도,2026-01-13 13:16:34.776654,2026-01-13 13:16:34.776656,f
3919,창포리,4812534032,경상남도,2026-01-13 13:16:34.780211,2026-01-13 13:16:34.780213,f
3920,시락리,4812534033,경상남도,2026-01-13 13:16:34.785089,2026-01-13 13:16:34.785092,f
3921,평암리,4812534034,경상남도,2026-01-13 13:16:34.789608,2026-01-13 13:16:34.78961,f
3922,금암리,4812534035,경상남도,2026-01-13 13:16:34.793411,2026-01-13 13:16:34.793414,f
3923,고사리,4812534036,경상남도,2026-01-13 13:16:34.797572,2026-01-13 13:16:34.797574,f
3924,여양리,4812534037,경상남도,2026-01-13 13:16:34.801789,2026-01-13 13:16:34.80179,f
3925,마산회원구,4812700000,경상남도,2026-01-13 13:16:34.806865,2026-01-13 13:16:34.806867,f
3926,구암동,4812710100,경상남도,2026-01-13 13:16:34.812336,2026-01-13 13:16:34.812338,f
3927,두척동,4812710200,경상남도,2026-01-13 13:16:34.81617,2026-01-13 13:16:34.816172,f
3928,봉암동,4812710300,경상남도,2026-01-13 13:16:34.820835,2026-01-13 13:16:34.820838,f
3929,석전동,4812710400,경상남도,2026-01-13 13:16:34.825672,2026-01-13 13:16:34.825675,f
3930,양덕동,4812710500,경상남도,2026-01-13 13:16:34.830972,2026-01-13 13:16:34.830977,f
3931,합성동,4812710600,경상남도,2026-01-13 13:16:34.838786,2026-01-13 13:16:34.838788,f
3932,회성동,4812710700,경상남도,2026-01-13 13:16:34.843016,2026-01-13 13:16:34.843018,f
3933,회원동,4812710800,경상남도,2026-01-13 13:16:34.846972,2026-01-13 13:16:34.846974,f
3934,내서읍,4812725000,경상남도,2026-01-13 13:16:34.851405,2026-01-13 13:16:34.851407,f
3935,안성리,4812725021,경상남도,2026-01-13 13:16:34.855525,2026-01-13 13:16:34.855526,f
3936,평성리,4812725022,경상남도,2026-01-13 13:16:34.859149,2026-01-13 13:16:34.859151,f
3937,호계리,4812725023,경상남도,2026-01-13 13:16:34.863406,2026-01-13 13:16:34.86341,f
3938,용담리,4812725024,경상남도,2026-01-13 13:16:34.867963,2026-01-13 13:16:34.867965,f
3939,중리,4812725025,경상남도,2026-01-13 13:16:34.872667,2026-01-13 13:16:34.872672,f
3940,상곡리,4812725026,경상남도,2026-01-13 13:16:34.877943,2026-01-13 13:16:34.877945,f
3941,원계리,4812725027,경상남도,2026-01-13 13:16:34.881848,2026-01-13 13:16:34.881851,f
3942,삼계리,4812725028,경상남도,2026-01-13 13:16:34.88589,2026-01-13 13:16:34.885892,f
3943,신감리,4812725029,경상남도,2026-01-13 13:16:34.890188,2026-01-13 13:16:34.890191,f
3944,감천리,4812725030,경상남도,2026-01-13 13:16:34.894173,2026-01-13 13:16:34.894175,f
3945,진해구,4812900000,경상남도,2026-01-13 13:16:34.902758,2026-01-13 13:16:34.902762,f
3946,동상동,4812910100,경상남도,2026-01-13 13:16:34.910555,2026-01-13 13:16:34.910558,f
3947,도천동,4812910200,경상남도,2026-01-13 13:16:34.915252,2026-01-13 13:16:34.915255,f
3948,도만동,4812910300,경상남도,2026-01-13 13:16:34.919608,2026-01-13 13:16:34.919609,f
3949,신흥동,4812910400,경상남도,2026-01-13 13:16:34.923577,2026-01-13 13:16:34.92358,f
3950,현동,4812910500,경상남도,2026-01-13 13:16:34.927534,2026-01-13 13:16:34.927537,f
3951,비봉동,4812910600,경상남도,2026-01-13 13:16:34.931851,2026-01-13 13:16:34.931853,f
3952,태평동,4812910700,경상남도,2026-01-13 13:16:34.935701,2026-01-13 13:16:34.935702,f
3953,충의동,4812910800,경상남도,2026-01-13 13:16:34.940184,2026-01-13 13:16:34.940187,f
3954,무송동,4812910900,경상남도,2026-01-13 13:16:34.945371,2026-01-13 13:16:34.945373,f
3955,인의동,4812911000,경상남도,2026-01-13 13:16:34.94962,2026-01-13 13:16:34.949622,f
3956,숭인동,4812911100,경상남도,2026-01-13 13:16:34.953896,2026-01-13 13:16:34.953897,f
3957,대영동,4812911200,경상남도,2026-01-13 13:16:34.957766,2026-01-13 13:16:34.957768,f
3958,남빈동,4812911300,경상남도,2026-01-13 13:16:34.96191,2026-01-13 13:16:34.961913,f
3959,앵곡동,4812911400,경상남도,2026-01-13 13:16:34.965649,2026-01-13 13:16:34.965651,f
3960,제황산동,4812911500,경상남도,2026-01-13 13:16:34.969497,2026-01-13 13:16:34.9695,f
3961,속천동,4812911600,경상남도,2026-01-13 13:16:34.973688,2026-01-13 13:16:34.973689,f
3962,대죽동,4812911700,경상남도,2026-01-13 13:16:34.977288,2026-01-13 13:16:34.97729,f
3963,안곡동,4812911800,경상남도,2026-01-13 13:16:34.981014,2026-01-13 13:16:34.981017,f
3964,수송동,4812911900,경상남도,2026-01-13 13:16:34.985869,2026-01-13 13:16:34.985871,f
3965,회현동,4812912000,경상남도,2026-01-13 13:16:34.993904,2026-01-13 13:16:34.993909,f
3966,익선동,4812912100,경상남도,2026-01-13 13:16:34.999994,2026-01-13 13:16:34.999998,f
3967,창선동,4812912200,경상남도,2026-01-13 13:16:35.006384,2026-01-13 13:16:35.00639,f
3968,대천동,4812912300,경상남도,2026-01-13 13:16:35.012774,2026-01-13 13:16:35.012779,f
3969,광화동,4812912400,경상남도,2026-01-13 13:16:35.017333,2026-01-13 13:16:35.017336,f
3970,통신동,4812912500,경상남도,2026-01-13 13:16:35.021466,2026-01-13 13:16:35.021468,f
3971,중앙동,4812912600,경상남도,2026-01-13 13:16:35.02586,2026-01-13 13:16:35.025862,f
3972,부흥동,4812912700,경상남도,2026-01-13 13:16:35.030555,2026-01-13 13:16:35.030558,f
3973,중평동,4812912800,경상남도,2026-01-13 13:16:35.035122,2026-01-13 13:16:35.035124,f
3974,근화동,4812912900,경상남도,2026-01-13 13:16:35.040318,2026-01-13 13:16:35.040321,f
3975,송죽동,4812913000,경상남도,2026-01-13 13:16:35.04433,2026-01-13 13:16:35.044332,f
3976,화천동,4812913100,경상남도,2026-01-13 13:16:35.048272,2026-01-13 13:16:35.048274,f
3977,송학동,4812913200,경상남도,2026-01-13 13:16:35.053091,2026-01-13 13:16:35.053093,f
3978,대흥동,4812913300,경상남도,2026-01-13 13:16:35.057037,2026-01-13 13:16:35.057038,f
3979,평안동,4812913400,경상남도,2026-01-13 13:16:35.061447,2026-01-13 13:16:35.061451,f
3980,충무동,4812913500,경상남도,2026-01-13 13:16:35.067272,2026-01-13 13:16:35.067275,f
3981,인사동,4812913600,경상남도,2026-01-13 13:16:35.07421,2026-01-13 13:16:35.074215,f
3982,여좌동,4812913700,경상남도,2026-01-13 13:16:35.078986,2026-01-13 13:16:35.078988,f
3983,태백동,4812913800,경상남도,2026-01-13 13:16:35.084623,2026-01-13 13:16:35.084627,f
3984,경화동,4812913900,경상남도,2026-01-13 13:16:35.089536,2026-01-13 13:16:35.089538,f
3985,석동,4812914000,경상남도,2026-01-13 13:16:35.094038,2026-01-13 13:16:35.09404,f
3986,이동,4812914100,경상남도,2026-01-13 13:16:35.098152,2026-01-13 13:16:35.098153,f
3987,자은동,4812914200,경상남도,2026-01-13 13:16:35.101878,2026-01-13 13:16:35.10188,f
3988,덕산동,4812914300,경상남도,2026-01-13 13:16:35.106471,2026-01-13 13:16:35.106475,f
3989,풍호동,4812914400,경상남도,2026-01-13 13:16:35.111448,2026-01-13 13:16:35.111453,f
3990,장천동,4812914500,경상남도,2026-01-13 13:16:35.116052,2026-01-13 13:16:35.116055,f
3991,행암동,4812914600,경상남도,2026-01-13 13:16:35.12021,2026-01-13 13:16:35.120212,f
3992,북부동,4812914700,경상남도,2026-01-13 13:16:35.123911,2026-01-13 13:16:35.123913,f
3993,성내동,4812914800,경상남도,2026-01-13 13:16:35.127785,2026-01-13 13:16:35.127788,f
3994,서중동,4812914900,경상남도,2026-01-13 13:16:35.132903,2026-01-13 13:16:35.132905,f
3995,남문동,4812915000,경상남도,2026-01-13 13:16:35.136682,2026-01-13 13:16:35.136684,f
3996,제덕동,4812915100,경상남도,2026-01-13 13:16:35.14116,2026-01-13 13:16:35.141164,f
3997,수도동,4812915200,경상남도,2026-01-13 13:16:35.146065,2026-01-13 13:16:35.146078,f
3998,연도동,4812915300,경상남도,2026-01-13 13:16:35.1503,2026-01-13 13:16:35.150302,f
3999,명동,4812915400,경상남도,2026-01-13 13:16:35.154923,2026-01-13 13:16:35.154925,f
4000,죽곡동,4812915500,경상남도,2026-01-13 13:16:35.158509,2026-01-13 13:16:35.15851,f
4001,원포동,4812915600,경상남도,2026-01-13 13:16:35.162748,2026-01-13 13:16:35.162751,f
4002,남양동,4812915700,경상남도,2026-01-13 13:16:35.166697,2026-01-13 13:16:35.166698,f
4003,마천동,4812915800,경상남도,2026-01-13 13:16:35.171501,2026-01-13 13:16:35.171504,f
4004,소사동,4812915900,경상남도,2026-01-13 13:16:35.176057,2026-01-13 13:16:35.176059,f
4005,대장동,4812916000,경상남도,2026-01-13 13:16:35.180195,2026-01-13 13:16:35.180197,f
4006,두동,4812916100,경상남도,2026-01-13 13:16:35.184602,2026-01-13 13:16:35.184604,f
4007,청안동,4812916200,경상남도,2026-01-13 13:16:35.189487,2026-01-13 13:16:35.18949,f
4008,안골동,4812916300,경상남도,2026-01-13 13:16:35.193373,2026-01-13 13:16:35.193375,f
4009,용원동,4812916400,경상남도,2026-01-13 13:16:35.197825,2026-01-13 13:16:35.197826,f
4010,가주동,4812916500,경상남도,2026-01-13 13:16:35.201861,2026-01-13 13:16:35.201863,f
4011,궁지동,4824011400,경상남도,2026-01-13 13:16:35.205871,2026-01-13 13:16:35.205873,f
4012,이금동,4824011200,경상남도,2026-01-13 13:16:35.210275,2026-01-13 13:16:35.210278,f
4013,이홀동,4824011300,경상남도,2026-01-13 13:16:35.214876,2026-01-13 13:16:35.214877,f
4014,용강동,4824010900,경상남도,2026-01-13 13:16:35.218657,2026-01-13 13:16:35.21866,f
4015,와룡동,4824011000,경상남도,2026-01-13 13:16:35.22445,2026-01-13 13:16:35.224454,f
4016,봉남동,4824011100,경상남도,2026-01-13 13:16:35.229817,2026-01-13 13:16:35.229819,f
4017,동림동,4824010600,경상남도,2026-01-13 13:16:35.234006,2026-01-13 13:16:35.234009,f
4018,좌룡동,4824010700,경상남도,2026-01-13 13:16:35.238858,2026-01-13 13:16:35.23886,f
4019,벌리동,4824010800,경상남도,2026-01-13 13:16:35.244252,2026-01-13 13:16:35.244254,f
4020,선구동,4824010300,경상남도,2026-01-13 13:16:35.248613,2026-01-13 13:16:35.248615,f
4021,동금동,4824010400,경상남도,2026-01-13 13:16:35.253958,2026-01-13 13:16:35.25396,f
4022,서금동,4824010500,경상남도,2026-01-13 13:16:35.258186,2026-01-13 13:16:35.258188,f
4023,동동,4824010100,경상남도,2026-01-13 13:16:35.262361,2026-01-13 13:16:35.262365,f
4024,서동,4824010200,경상남도,2026-01-13 13:16:35.266922,2026-01-13 13:16:35.266925,f
4025,사천시,4824000000,경상남도,2026-01-13 13:16:35.271218,2026-01-13 13:16:35.271221,f
4026,진주시,4817000000,경상남도,2026-01-13 13:16:35.275258,2026-01-13 13:16:35.27526,f
4027,망경동,4817010100,경상남도,2026-01-13 13:16:35.279048,2026-01-13 13:16:35.27905,f
4028,주약동,4817010200,경상남도,2026-01-13 13:16:35.283137,2026-01-13 13:16:35.283138,f
4029,강남동,4817010300,경상남도,2026-01-13 13:16:35.286878,2026-01-13 13:16:35.28688,f
4030,칠암동,4817010400,경상남도,2026-01-13 13:16:35.290532,2026-01-13 13:16:35.290534,f
4031,본성동,4817010500,경상남도,2026-01-13 13:16:35.294736,2026-01-13 13:16:35.294738,f
4032,동성동,4817010600,경상남도,2026-01-13 13:16:35.298959,2026-01-13 13:16:35.298961,f
4033,남성동,4817010700,경상남도,2026-01-13 13:16:35.302653,2026-01-13 13:16:35.302655,f
4034,인사동,4817010800,경상남도,2026-01-13 13:16:35.307643,2026-01-13 13:16:35.307646,f
4035,대안동,4817010900,경상남도,2026-01-13 13:16:35.312391,2026-01-13 13:16:35.312395,f
4036,평안동,4817011000,경상남도,2026-01-13 13:16:35.316345,2026-01-13 13:16:35.316347,f
4037,중안동,4817011100,경상남도,2026-01-13 13:16:35.320341,2026-01-13 13:16:35.320343,f
4038,계동,4817011200,경상남도,2026-01-13 13:16:35.324594,2026-01-13 13:16:35.324596,f
4039,봉곡동,4817011300,경상남도,2026-01-13 13:16:35.328525,2026-01-13 13:16:35.328527,f
4040,상봉동,4817011400,경상남도,2026-01-13 13:16:35.333129,2026-01-13 13:16:35.333133,f
4041,봉래동,4817011500,경상남도,2026-01-13 13:16:35.337411,2026-01-13 13:16:35.337414,f
4042,수정동,4817011600,경상남도,2026-01-13 13:16:35.341665,2026-01-13 13:16:35.341667,f
4043,장대동,4817011700,경상남도,2026-01-13 13:16:35.346242,2026-01-13 13:16:35.346245,f
4044,옥봉동,4817011800,경상남도,2026-01-13 13:16:35.35019,2026-01-13 13:16:35.350191,f
4045,상대동,4817011900,경상남도,2026-01-13 13:16:35.355367,2026-01-13 13:16:35.355369,f
4046,하대동,4817012000,경상남도,2026-01-13 13:16:35.35912,2026-01-13 13:16:35.359122,f
4047,상평동,4817012100,경상남도,2026-01-13 13:16:35.363311,2026-01-13 13:16:35.363313,f
4048,초전동,4817012200,경상남도,2026-01-13 13:16:35.367171,2026-01-13 13:16:35.367173,f
4049,장재동,4817012300,경상남도,2026-01-13 13:16:35.371158,2026-01-13 13:16:35.371162,f
4050,하촌동,4817012400,경상남도,2026-01-13 13:16:35.37561,2026-01-13 13:16:35.375612,f
4051,신안동,4817012500,경상남도,2026-01-13 13:16:35.380339,2026-01-13 13:16:35.38034,f
4052,평거동,4817012600,경상남도,2026-01-13 13:16:35.384886,2026-01-13 13:16:35.384888,f
4053,이현동,4817012700,경상남도,2026-01-13 13:16:35.389588,2026-01-13 13:16:35.389591,f
4054,유곡동,4817012800,경상남도,2026-01-13 13:16:35.393426,2026-01-13 13:16:35.393428,f
4055,판문동,4817012900,경상남도,2026-01-13 13:16:35.397781,2026-01-13 13:16:35.397784,f
4056,귀곡동,4817013000,경상남도,2026-01-13 13:16:35.402207,2026-01-13 13:16:35.40221,f
4057,가좌동,4817013100,경상남도,2026-01-13 13:16:35.406639,2026-01-13 13:16:35.406643,f
4058,호탄동,4817013200,경상남도,2026-01-13 13:16:35.411288,2026-01-13 13:16:35.41129,f
4059,충무공동,4817013700,경상남도,2026-01-13 13:16:35.415837,2026-01-13 13:16:35.41584,f
4060,문산읍,4817025000,경상남도,2026-01-13 13:16:35.419994,2026-01-13 13:16:35.419996,f
4061,상문리,4817025021,경상남도,2026-01-13 13:16:35.42556,2026-01-13 13:16:35.425562,f
4062,소문리,4817025022,경상남도,2026-01-13 13:16:35.430549,2026-01-13 13:16:35.430552,f
4063,삼곡리,4817025023,경상남도,2026-01-13 13:16:35.43529,2026-01-13 13:16:35.435292,f
4064,이곡리,4817025024,경상남도,2026-01-13 13:16:35.439921,2026-01-13 13:16:35.439923,f
4065,안전리,4817025026,경상남도,2026-01-13 13:16:35.443844,2026-01-13 13:16:35.443845,f
4066,옥산리,4817025027,경상남도,2026-01-13 13:16:35.449349,2026-01-13 13:16:35.449351,f
4067,갈곡리,4817025029,경상남도,2026-01-13 13:16:35.454352,2026-01-13 13:16:35.454355,f
4068,두산리,4817025030,경상남도,2026-01-13 13:16:35.458582,2026-01-13 13:16:35.458583,f
4069,내동면,4817031000,경상남도,2026-01-13 13:16:35.462581,2026-01-13 13:16:35.462583,f
4070,독산리,4817031021,경상남도,2026-01-13 13:16:35.467019,2026-01-13 13:16:35.467021,f
4071,신율리,4817031022,경상남도,2026-01-13 13:16:35.474974,2026-01-13 13:16:35.474978,f
4072,삼계리,4817031023,경상남도,2026-01-13 13:16:35.47984,2026-01-13 13:16:35.479842,f
4073,유수리,4817031024,경상남도,2026-01-13 13:16:35.484517,2026-01-13 13:16:35.484519,f
4074,내평리,4817031025,경상남도,2026-01-13 13:16:35.488886,2026-01-13 13:16:35.488888,f
4075,정촌면,4817032000,경상남도,2026-01-13 13:16:35.494706,2026-01-13 13:16:35.494708,f
4076,화개리,4817032021,경상남도,2026-01-13 13:16:35.49975,2026-01-13 13:16:35.499752,f
4077,관봉리,4817032022,경상남도,2026-01-13 13:16:35.503626,2026-01-13 13:16:35.503629,f
4078,소곡리,4817032023,경상남도,2026-01-13 13:16:35.510402,2026-01-13 13:16:35.510407,f
4079,예상리,4817032024,경상남도,2026-01-13 13:16:35.518135,2026-01-13 13:16:35.51814,f
4080,예하리,4817032025,경상남도,2026-01-13 13:16:35.524497,2026-01-13 13:16:35.524499,f
4081,대축리,4817032026,경상남도,2026-01-13 13:16:35.528541,2026-01-13 13:16:35.528543,f
4082,금곡면,4817033000,경상남도,2026-01-13 13:16:35.53263,2026-01-13 13:16:35.532633,f
4083,검암리,4817033021,경상남도,2026-01-13 13:16:35.537702,2026-01-13 13:16:35.537704,f
4084,가봉리,4817033022,경상남도,2026-01-13 13:16:35.542003,2026-01-13 13:16:35.542006,f
4085,송곡리,4817033023,경상남도,2026-01-13 13:16:35.546914,2026-01-13 13:16:35.546916,f
4086,정자리,4817033024,경상남도,2026-01-13 13:16:35.551401,2026-01-13 13:16:35.551404,f
4087,인담리,4817033025,경상남도,2026-01-13 13:16:35.555575,2026-01-13 13:16:35.555577,f
4088,동례리,4817033026,경상남도,2026-01-13 13:16:35.560353,2026-01-13 13:16:35.560355,f
4089,두문리,4817033027,경상남도,2026-01-13 13:16:35.56446,2026-01-13 13:16:35.564463,f
4090,죽곡리,4817033028,경상남도,2026-01-13 13:16:35.568315,2026-01-13 13:16:35.568316,f
4091,성산리,4817033029,경상남도,2026-01-13 13:16:35.571938,2026-01-13 13:16:35.571941,f
4092,진성면,4817035000,경상남도,2026-01-13 13:16:35.576219,2026-01-13 13:16:35.576221,f
4093,상촌리,4817035021,경상남도,2026-01-13 13:16:35.580528,2026-01-13 13:16:35.580531,f
4094,대사리,4817035023,경상남도,2026-01-13 13:16:35.585276,2026-01-13 13:16:35.585279,f
4095,온수리,4817035024,경상남도,2026-01-13 13:16:35.590793,2026-01-13 13:16:35.590798,f
4096,천곡리,4817035025,경상남도,2026-01-13 13:16:35.596156,2026-01-13 13:16:35.596158,f
4097,가진리,4817035027,경상남도,2026-01-13 13:16:35.59991,2026-01-13 13:16:35.599913,f
4098,구천리,4817035028,경상남도,2026-01-13 13:16:35.604205,2026-01-13 13:16:35.604208,f
4099,동산리,4817035029,경상남도,2026-01-13 13:16:35.608644,2026-01-13 13:16:35.608647,f
4100,일반성면,4817036000,경상남도,2026-01-13 13:16:35.613679,2026-01-13 13:16:35.613682,f
4101,창촌리,4817036021,경상남도,2026-01-13 13:16:35.618042,2026-01-13 13:16:35.618044,f
4102,가선리,4817036022,경상남도,2026-01-13 13:16:35.622512,2026-01-13 13:16:35.622515,f
4103,개암리,4817036023,경상남도,2026-01-13 13:16:35.627392,2026-01-13 13:16:35.627395,f
4104,답천리,4817036024,경상남도,2026-01-13 13:16:35.631348,2026-01-13 13:16:35.63135,f
4105,운천리,4817036025,경상남도,2026-01-13 13:16:35.636516,2026-01-13 13:16:35.636519,f
4106,남산리,4817036026,경상남도,2026-01-13 13:16:35.640649,2026-01-13 13:16:35.640652,f
4107,이반성면,4817037000,경상남도,2026-01-13 13:16:35.645268,2026-01-13 13:16:35.645272,f
4108,장안리,4817037021,경상남도,2026-01-13 13:16:35.649285,2026-01-13 13:16:35.649288,f
4109,평촌리,4817037022,경상남도,2026-01-13 13:16:35.653137,2026-01-13 13:16:35.653141,f
4110,하곡리,4817037023,경상남도,2026-01-13 13:16:35.657737,2026-01-13 13:16:35.65774,f
4111,용암리,4817037024,경상남도,2026-01-13 13:16:35.661575,2026-01-13 13:16:35.661577,f
4112,가산리,4817037025,경상남도,2026-01-13 13:16:35.665742,2026-01-13 13:16:35.665744,f
4113,대천리,4817037026,경상남도,2026-01-13 13:16:35.670346,2026-01-13 13:16:35.670348,f
4114,길성리,4817037027,경상남도,2026-01-13 13:16:35.674604,2026-01-13 13:16:35.674606,f
4115,발산리,4817037028,경상남도,2026-01-13 13:16:35.67851,2026-01-13 13:16:35.678512,f
4116,사봉면,4817038000,경상남도,2026-01-13 13:16:35.682342,2026-01-13 13:16:35.682344,f
4117,마성리,4817038021,경상남도,2026-01-13 13:16:35.686503,2026-01-13 13:16:35.686505,f
4118,방촌리,4817038022,경상남도,2026-01-13 13:16:35.690786,2026-01-13 13:16:35.690788,f
4119,무촌리,4817038023,경상남도,2026-01-13 13:16:35.694565,2026-01-13 13:16:35.694568,f
4120,사곡리,4817038024,경상남도,2026-01-13 13:16:35.698598,2026-01-13 13:16:35.6986,f
4121,봉곡리,4817038025,경상남도,2026-01-13 13:16:35.702973,2026-01-13 13:16:35.702975,f
4122,부계리,4817038026,경상남도,2026-01-13 13:16:35.707245,2026-01-13 13:16:35.707247,f
4123,지수면,4817039000,경상남도,2026-01-13 13:16:35.711551,2026-01-13 13:16:35.711555,f
4124,청원리,4817039022,경상남도,2026-01-13 13:16:35.716502,2026-01-13 13:16:35.716504,f
4125,금곡리,4817039023,경상남도,2026-01-13 13:16:35.720251,2026-01-13 13:16:35.720253,f
4126,압사리,4817039024,경상남도,2026-01-13 13:16:35.724344,2026-01-13 13:16:35.724345,f
4127,용봉리,4817039025,경상남도,2026-01-13 13:16:35.728377,2026-01-13 13:16:35.728379,f
4128,청담리,4817039026,경상남도,2026-01-13 13:16:35.732025,2026-01-13 13:16:35.732027,f
4129,승산리,4817039027,경상남도,2026-01-13 13:16:35.736926,2026-01-13 13:16:35.736929,f
4130,대곡면,4817040000,경상남도,2026-01-13 13:16:35.740746,2026-01-13 13:16:35.740748,f
4131,설매리,4817040021,경상남도,2026-01-13 13:16:35.74503,2026-01-13 13:16:35.745033,f
4132,광석리,4817040022,경상남도,2026-01-13 13:16:35.749468,2026-01-13 13:16:35.749471,f
4133,유곡리,4817040023,경상남도,2026-01-13 13:16:35.753664,2026-01-13 13:16:35.753667,f
4134,단목리,4817040024,경상남도,2026-01-13 13:16:35.757837,2026-01-13 13:16:35.757839,f
4135,월아리,4817040025,경상남도,2026-01-13 13:16:35.761614,2026-01-13 13:16:35.761616,f
4136,와룡리,4817040026,경상남도,2026-01-13 13:16:35.765117,2026-01-13 13:16:35.765119,f
4137,가정리,4817040027,경상남도,2026-01-13 13:16:35.768898,2026-01-13 13:16:35.7689,f
4138,덕곡리,4817040028,경상남도,2026-01-13 13:16:35.774147,2026-01-13 13:16:35.77415,f
4139,마진리,4817040029,경상남도,2026-01-13 13:16:35.778613,2026-01-13 13:16:35.778615,f
4140,대곡리,4817040030,경상남도,2026-01-13 13:16:35.782758,2026-01-13 13:16:35.78276,f
4141,월암리,4817040031,경상남도,2026-01-13 13:16:35.787096,2026-01-13 13:16:35.787098,f
4142,용암리,4817040032,경상남도,2026-01-13 13:16:35.795002,2026-01-13 13:16:35.795008,f
4143,금산면,4817041000,경상남도,2026-01-13 13:16:35.801132,2026-01-13 13:16:35.801136,f
4144,가방리,4817041021,경상남도,2026-01-13 13:16:35.805969,2026-01-13 13:16:35.805971,f
4145,용아리,4817041022,경상남도,2026-01-13 13:16:35.810323,2026-01-13 13:16:35.810325,f
4146,갈전리,4817041023,경상남도,2026-01-13 13:16:35.815056,2026-01-13 13:16:35.815058,f
4147,속사리,4817041024,경상남도,2026-01-13 13:16:35.819854,2026-01-13 13:16:35.819857,f
4148,송백리,4817041025,경상남도,2026-01-13 13:16:35.824381,2026-01-13 13:16:35.824384,f
4149,중천리,4817041026,경상남도,2026-01-13 13:16:35.828722,2026-01-13 13:16:35.828725,f
4150,장사리,4817041027,경상남도,2026-01-13 13:16:35.833155,2026-01-13 13:16:35.833158,f
4151,집현면,4817042000,경상남도,2026-01-13 13:16:35.840127,2026-01-13 13:16:35.84013,f
4152,지내리,4817042021,경상남도,2026-01-13 13:16:35.844088,2026-01-13 13:16:35.84409,f
4153,봉강리,4817042022,경상남도,2026-01-13 13:16:35.848013,2026-01-13 13:16:35.848016,f
4154,사촌리,4817042023,경상남도,2026-01-13 13:16:35.85205,2026-01-13 13:16:35.852052,f
4155,대암리,4817042024,경상남도,2026-01-13 13:16:35.857136,2026-01-13 13:16:35.857138,f
4156,정평리,4817042025,경상남도,2026-01-13 13:16:35.861375,2026-01-13 13:16:35.861377,f
4157,정수리,4817042026,경상남도,2026-01-13 13:16:35.866065,2026-01-13 13:16:35.866081,f
4158,냉정리,4817042027,경상남도,2026-01-13 13:16:35.872826,2026-01-13 13:16:35.872832,f
4159,장흥리,4817042028,경상남도,2026-01-13 13:16:35.878531,2026-01-13 13:16:35.878533,f
4160,신당리,4817042029,경상남도,2026-01-13 13:16:35.883508,2026-01-13 13:16:35.883511,f
4161,덕오리,4817042030,경상남도,2026-01-13 13:16:35.88806,2026-01-13 13:16:35.888062,f
4162,미천면,4817043000,경상남도,2026-01-13 13:16:35.892283,2026-01-13 13:16:35.892285,f
4163,오방리,4817043021,경상남도,2026-01-13 13:16:35.896942,2026-01-13 13:16:35.896944,f
4164,향양리,4817043022,경상남도,2026-01-13 13:16:35.901391,2026-01-13 13:16:35.901393,f
4165,반지리,4817043023,경상남도,2026-01-13 13:16:35.905595,2026-01-13 13:16:35.905597,f
4166,벌당리,4817043024,경상남도,2026-01-13 13:16:35.909971,2026-01-13 13:16:35.909974,f
4167,어옥리,4817043025,경상남도,2026-01-13 13:16:35.914683,2026-01-13 13:16:35.914686,f
4168,상미리,4817043026,경상남도,2026-01-13 13:16:35.918473,2026-01-13 13:16:35.918474,f
4169,미곡리,4817043027,경상남도,2026-01-13 13:16:35.922669,2026-01-13 13:16:35.922671,f
4170,안간리,4817043028,경상남도,2026-01-13 13:16:35.926817,2026-01-13 13:16:35.926819,f
4171,효자리,4817043029,경상남도,2026-01-13 13:16:35.930979,2026-01-13 13:16:35.930981,f
4172,명석면,4817044000,경상남도,2026-01-13 13:16:35.9358,2026-01-13 13:16:35.935803,f
4173,관지리,4817044021,경상남도,2026-01-13 13:16:35.939867,2026-01-13 13:16:35.939868,f
4174,왕지리,4817044022,경상남도,2026-01-13 13:16:35.948178,2026-01-13 13:16:35.948183,f
4175,남성리,4817044023,경상남도,2026-01-13 13:16:35.95489,2026-01-13 13:16:35.954893,f
4176,덕곡리,4817044024,경상남도,2026-01-13 13:16:35.962663,2026-01-13 13:16:35.962666,f
4177,계원리,4817044025,경상남도,2026-01-13 13:16:35.966858,2026-01-13 13:16:35.966861,f
4178,신기리,4817044026,경상남도,2026-01-13 13:16:35.970866,2026-01-13 13:16:35.970868,f
4179,외율리,4817044027,경상남도,2026-01-13 13:16:35.975278,2026-01-13 13:16:35.97528,f
4180,오미리,4817044028,경상남도,2026-01-13 13:16:35.979382,2026-01-13 13:16:35.979384,f
4181,가화리,4817044029,경상남도,2026-01-13 13:16:35.983105,2026-01-13 13:16:35.983107,f
4182,용산리,4817044030,경상남도,2026-01-13 13:16:35.987108,2026-01-13 13:16:35.98711,f
4183,우수리,4817044031,경상남도,2026-01-13 13:16:35.993562,2026-01-13 13:16:35.993565,f
4184,대평면,4817045000,경상남도,2026-01-13 13:16:35.998613,2026-01-13 13:16:35.998616,f
4185,대평리,4817045021,경상남도,2026-01-13 13:16:36.003064,2026-01-13 13:16:36.003067,f
4186,상촌리,4817045022,경상남도,2026-01-13 13:16:36.007226,2026-01-13 13:16:36.007228,f
4187,하촌리,4817045023,경상남도,2026-01-13 13:16:36.011975,2026-01-13 13:16:36.011979,f
4188,당촌리,4817045024,경상남도,2026-01-13 13:16:36.017077,2026-01-13 13:16:36.01708,f
4189,신풍리,4817045025,경상남도,2026-01-13 13:16:36.021007,2026-01-13 13:16:36.021009,f
4190,내촌리,4817045026,경상남도,2026-01-13 13:16:36.024665,2026-01-13 13:16:36.024667,f
4191,수곡면,4817046000,경상남도,2026-01-13 13:16:36.029365,2026-01-13 13:16:36.029369,f
4192,자매리,4817046021,경상남도,2026-01-13 13:16:36.034638,2026-01-13 13:16:36.034641,f
4193,사곡리,4817046022,경상남도,2026-01-13 13:16:36.038786,2026-01-13 13:16:36.038789,f
4194,대천리,4817046023,경상남도,2026-01-13 13:16:36.042931,2026-01-13 13:16:36.042933,f
4195,창촌리,4817046024,경상남도,2026-01-13 13:16:36.046983,2026-01-13 13:16:36.046985,f
4196,효자리,4817046025,경상남도,2026-01-13 13:16:36.051831,2026-01-13 13:16:36.051833,f
4197,원내리,4817046026,경상남도,2026-01-13 13:16:36.056531,2026-01-13 13:16:36.056534,f
4198,원외리,4817046027,경상남도,2026-01-13 13:16:36.060499,2026-01-13 13:16:36.060501,f
4199,원계리,4817046028,경상남도,2026-01-13 13:16:36.064377,2026-01-13 13:16:36.064379,f
4200,통영시,4822000000,경상남도,2026-01-13 13:16:36.06859,2026-01-13 13:16:36.068593,f
4201,도천동,4822010100,경상남도,2026-01-13 13:16:36.073777,2026-01-13 13:16:36.07378,f
4202,서호동,4822010200,경상남도,2026-01-13 13:16:36.078091,2026-01-13 13:16:36.078092,f
4203,명정동,4822010300,경상남도,2026-01-13 13:16:36.082284,2026-01-13 13:16:36.082287,f
4204,항남동,4822010400,경상남도,2026-01-13 13:16:36.087229,2026-01-13 13:16:36.087231,f
4205,중앙동,4822010500,경상남도,2026-01-13 13:16:36.092474,2026-01-13 13:16:36.092476,f
4206,문화동,4822010600,경상남도,2026-01-13 13:16:36.097752,2026-01-13 13:16:36.097755,f
4207,태평동,4822010700,경상남도,2026-01-13 13:16:36.102387,2026-01-13 13:16:36.102389,f
4208,동호동,4822010800,경상남도,2026-01-13 13:16:36.107269,2026-01-13 13:16:36.107275,f
4209,정량동,4822010900,경상남도,2026-01-13 13:16:36.114332,2026-01-13 13:16:36.114335,f
4210,북신동,4822011000,경상남도,2026-01-13 13:16:36.119609,2026-01-13 13:16:36.119611,f
4211,무전동,4822011100,경상남도,2026-01-13 13:16:36.124621,2026-01-13 13:16:36.124623,f
4212,평림동,4822011200,경상남도,2026-01-13 13:16:36.129639,2026-01-13 13:16:36.129641,f
4213,인평동,4822011300,경상남도,2026-01-13 13:16:36.139353,2026-01-13 13:16:36.139361,f
4214,당동,4822011400,경상남도,2026-01-13 13:16:36.157855,2026-01-13 13:16:36.15786,f
4215,미수동,4822011500,경상남도,2026-01-13 13:16:36.165029,2026-01-13 13:16:36.165033,f
4216,봉평동,4822011600,경상남도,2026-01-13 13:16:36.172473,2026-01-13 13:16:36.172476,f
4217,도남동,4822011700,경상남도,2026-01-13 13:16:36.177345,2026-01-13 13:16:36.177347,f
4218,산양읍,4822025000,경상남도,2026-01-13 13:16:36.181336,2026-01-13 13:16:36.181339,f
4219,영운리,4822025021,경상남도,2026-01-13 13:16:36.185244,2026-01-13 13:16:36.185245,f
4220,신전리,4822025022,경상남도,2026-01-13 13:16:36.191583,2026-01-13 13:16:36.191586,f
4221,미남리,4822025023,경상남도,2026-01-13 13:16:36.195608,2026-01-13 13:16:36.19561,f
4222,연화리,4822025024,경상남도,2026-01-13 13:16:36.20059,2026-01-13 13:16:36.200593,f
4223,남평리,4822025026,경상남도,2026-01-13 13:16:36.204608,2026-01-13 13:16:36.204611,f
4224,풍화리,4822025027,경상남도,2026-01-13 13:16:36.209193,2026-01-13 13:16:36.209195,f
4225,곤리리,4822025028,경상남도,2026-01-13 13:16:36.215628,2026-01-13 13:16:36.215631,f
4226,추도리,4822025029,경상남도,2026-01-13 13:16:36.220676,2026-01-13 13:16:36.220679,f
4227,저림리,4822025030,경상남도,2026-01-13 13:16:36.225613,2026-01-13 13:16:36.225615,f
4228,연곡리,4822025031,경상남도,2026-01-13 13:16:36.230511,2026-01-13 13:16:36.230514,f
4229,용남면,4822031000,경상남도,2026-01-13 13:16:36.235518,2026-01-13 13:16:36.23552,f
4230,화삼리,4822031021,경상남도,2026-01-13 13:16:36.240323,2026-01-13 13:16:36.240326,f
4231,동달리,4822031022,경상남도,2026-01-13 13:16:36.244227,2026-01-13 13:16:36.244229,f
4232,장문리,4822031023,경상남도,2026-01-13 13:16:36.247651,2026-01-13 13:16:36.247652,f
4233,삼화리,4822031024,경상남도,2026-01-13 13:16:36.252377,2026-01-13 13:16:36.252381,f
4234,원평리,4822031025,경상남도,2026-01-13 13:16:36.257282,2026-01-13 13:16:36.257284,f
4235,장평리,4822031026,경상남도,2026-01-13 13:16:36.263695,2026-01-13 13:16:36.263698,f
4236,지도리,4822031027,경상남도,2026-01-13 13:16:36.269111,2026-01-13 13:16:36.269114,f
4237,어의리,4822031028,경상남도,2026-01-13 13:16:36.275722,2026-01-13 13:16:36.275725,f
4238,도산면,4822033000,경상남도,2026-01-13 13:16:36.279906,2026-01-13 13:16:36.279907,f
4239,원산리,4822033021,경상남도,2026-01-13 13:16:36.284525,2026-01-13 13:16:36.284527,f
4240,도선리,4822033022,경상남도,2026-01-13 13:16:36.288318,2026-01-13 13:16:36.28832,f
4241,법송리,4822033023,경상남도,2026-01-13 13:16:36.291912,2026-01-13 13:16:36.291914,f
4242,관덕리,4822033024,경상남도,2026-01-13 13:16:36.296396,2026-01-13 13:16:36.296399,f
4243,오륜리,4822033025,경상남도,2026-01-13 13:16:36.301009,2026-01-13 13:16:36.301012,f
4244,저산리,4822033026,경상남도,2026-01-13 13:16:36.305548,2026-01-13 13:16:36.305551,f
4245,수월리,4822033027,경상남도,2026-01-13 13:16:36.311063,2026-01-13 13:16:36.311065,f
4246,광도면,4822034000,경상남도,2026-01-13 13:16:36.315286,2026-01-13 13:16:36.315289,f
4247,덕포리,4822034021,경상남도,2026-01-13 13:16:36.319288,2026-01-13 13:16:36.31929,f
4248,우동리,4822034022,경상남도,2026-01-13 13:16:36.322974,2026-01-13 13:16:36.322976,f
4249,노산리,4822034023,경상남도,2026-01-13 13:16:36.326454,2026-01-13 13:16:36.326455,f
4250,죽림리,4822034024,경상남도,2026-01-13 13:16:36.329779,2026-01-13 13:16:36.329781,f
4251,용호리,4822034025,경상남도,2026-01-13 13:16:36.334248,2026-01-13 13:16:36.334252,f
4252,황리,4822034026,경상남도,2026-01-13 13:16:36.339937,2026-01-13 13:16:36.33994,f
4253,안정리,4822034027,경상남도,2026-01-13 13:16:36.345611,2026-01-13 13:16:36.345616,f
4254,욕지면,4822035000,경상남도,2026-01-13 13:16:36.351053,2026-01-13 13:16:36.351055,f
4255,동항리,4822035021,경상남도,2026-01-13 13:16:36.355638,2026-01-13 13:16:36.355639,f
4256,서산리,4822035022,경상남도,2026-01-13 13:16:36.359659,2026-01-13 13:16:36.359661,f
4257,연화리,4822035023,경상남도,2026-01-13 13:16:36.363852,2026-01-13 13:16:36.363855,f
4258,노대리,4822035024,경상남도,2026-01-13 13:16:36.369256,2026-01-13 13:16:36.369259,f
4259,두미리,4822035025,경상남도,2026-01-13 13:16:36.374927,2026-01-13 13:16:36.374931,f
4260,한산면,4822036000,경상남도,2026-01-13 13:16:36.379882,2026-01-13 13:16:36.379885,f
4261,두억리,4822036021,경상남도,2026-01-13 13:16:36.385392,2026-01-13 13:16:36.385394,f
4262,염호리,4822036022,경상남도,2026-01-13 13:16:36.390323,2026-01-13 13:16:36.390325,f
4263,창좌리,4822036023,경상남도,2026-01-13 13:16:36.394519,2026-01-13 13:16:36.394524,f
4264,하소리,4822036024,경상남도,2026-01-13 13:16:36.398861,2026-01-13 13:16:36.398863,f
4265,추봉리,4822036025,경상남도,2026-01-13 13:16:36.403041,2026-01-13 13:16:36.403043,f
4266,용호리,4822036026,경상남도,2026-01-13 13:16:36.407912,2026-01-13 13:16:36.407914,f
4267,비진리,4822036027,경상남도,2026-01-13 13:16:36.412494,2026-01-13 13:16:36.412496,f
4268,매죽리,4822036028,경상남도,2026-01-13 13:16:36.417352,2026-01-13 13:16:36.417355,f
4269,사량면,4822037000,경상남도,2026-01-13 13:16:36.42262,2026-01-13 13:16:36.422622,f
4270,금평리,4822037021,경상남도,2026-01-13 13:16:36.428012,2026-01-13 13:16:36.428016,f
4271,돈지리,4822037022,경상남도,2026-01-13 13:16:36.432691,2026-01-13 13:16:36.432695,f
4272,읍덕리,4822037023,경상남도,2026-01-13 13:16:36.437066,2026-01-13 13:16:36.437088,f
4273,양지리,4822037024,경상남도,2026-01-13 13:16:36.441119,2026-01-13 13:16:36.441121,f
4274,신벽동,4824012300,경상남도,2026-01-13 13:16:36.445173,2026-01-13 13:16:36.445175,f
4275,노룡동,4824012400,경상남도,2026-01-13 13:16:36.448884,2026-01-13 13:16:36.448886,f
4276,대포동,4824012500,경상남도,2026-01-13 13:16:36.453665,2026-01-13 13:16:36.453668,f
4277,송포동,4824012600,경상남도,2026-01-13 13:16:36.45847,2026-01-13 13:16:36.458472,f
4278,죽림동,4824012700,경상남도,2026-01-13 13:16:36.462726,2026-01-13 13:16:36.462729,f
4279,사천읍,4824025000,경상남도,2026-01-13 13:16:36.467936,2026-01-13 13:16:36.467939,f
4280,선인리,4824025021,경상남도,2026-01-13 13:16:36.475014,2026-01-13 13:16:36.475016,f
4281,정의리,4824025022,경상남도,2026-01-13 13:16:36.481264,2026-01-13 13:16:36.481267,f
4282,평화리,4824025023,경상남도,2026-01-13 13:16:36.486846,2026-01-13 13:16:36.486851,f
4283,수석리,4824025024,경상남도,2026-01-13 13:16:36.493342,2026-01-13 13:16:36.493346,f
4284,사주리,4824025025,경상남도,2026-01-13 13:16:36.498548,2026-01-13 13:16:36.49855,f
4285,용당리,4824025026,경상남도,2026-01-13 13:16:36.502614,2026-01-13 13:16:36.502616,f
4286,중선리,4824025027,경상남도,2026-01-13 13:16:36.506392,2026-01-13 13:16:36.506394,f
4287,구암리,4824025028,경상남도,2026-01-13 13:16:36.510401,2026-01-13 13:16:36.510404,f
4288,창녕군,4874000000,경상남도,2026-01-13 13:16:36.515508,2026-01-13 13:16:36.51551,f
4289,장전리,4824025029,경상남도,2026-01-13 13:16:36.520754,2026-01-13 13:16:36.520757,f
4290,금곡리,4824025030,경상남도,2026-01-13 13:16:36.525404,2026-01-13 13:16:36.525407,f
4291,두량리,4824025031,경상남도,2026-01-13 13:16:36.529376,2026-01-13 13:16:36.529378,f
4292,정동면,4824031000,경상남도,2026-01-13 13:16:36.536182,2026-01-13 13:16:36.536185,f
4293,고읍리,4824031021,경상남도,2026-01-13 13:16:36.541263,2026-01-13 13:16:36.541265,f
4294,예수리,4824031022,경상남도,2026-01-13 13:16:36.545492,2026-01-13 13:16:36.545494,f
4295,화암리,4824031023,경상남도,2026-01-13 13:16:36.55026,2026-01-13 13:16:36.550265,f
4296,풍정리,4824031024,경상남도,2026-01-13 13:16:36.555325,2026-01-13 13:16:36.555329,f
4297,수청리,4824031025,경상남도,2026-01-13 13:16:36.559222,2026-01-13 13:16:36.559223,f
4298,대곡리,4824031026,경상남도,2026-01-13 13:16:36.563419,2026-01-13 13:16:36.563422,f
4299,장산리,4824031027,경상남도,2026-01-13 13:16:36.567159,2026-01-13 13:16:36.56716,f
4300,감곡리,4824031028,경상남도,2026-01-13 13:16:36.570855,2026-01-13 13:16:36.570857,f
4301,학촌리,4824031029,경상남도,2026-01-13 13:16:36.575219,2026-01-13 13:16:36.575222,f
4302,소곡리,4824031030,경상남도,2026-01-13 13:16:36.578966,2026-01-13 13:16:36.578968,f
4303,사남면,4824032000,경상남도,2026-01-13 13:16:36.582998,2026-01-13 13:16:36.582999,f
4304,죽천리,4824032021,경상남도,2026-01-13 13:16:36.587484,2026-01-13 13:16:36.587489,f
4305,초전리,4824032022,경상남도,2026-01-13 13:16:36.592837,2026-01-13 13:16:36.592845,f
4306,방지리,4824032023,경상남도,2026-01-13 13:16:36.597666,2026-01-13 13:16:36.597669,f
4307,유천리,4824032024,경상남도,2026-01-13 13:16:36.602532,2026-01-13 13:16:36.602535,f
4308,월성리,4824032025,경상남도,2026-01-13 13:16:36.607237,2026-01-13 13:16:36.60724,f
4309,화전리,4824032026,경상남도,2026-01-13 13:16:36.611383,2026-01-13 13:16:36.611386,f
4310,우천리,4824032027,경상남도,2026-01-13 13:16:36.616234,2026-01-13 13:16:36.616237,f
4311,종천리,4824032028,경상남도,2026-01-13 13:16:36.620486,2026-01-13 13:16:36.620488,f
4312,사촌리,4824032029,경상남도,2026-01-13 13:16:36.624744,2026-01-13 13:16:36.624756,f
4313,계양리,4824032030,경상남도,2026-01-13 13:16:36.629183,2026-01-13 13:16:36.629185,f
4314,가천리,4824032031,경상남도,2026-01-13 13:16:36.634579,2026-01-13 13:16:36.634583,f
4315,용현면,4824033000,경상남도,2026-01-13 13:16:36.639039,2026-01-13 13:16:36.639041,f
4316,송지리,4824033021,경상남도,2026-01-13 13:16:36.643309,2026-01-13 13:16:36.64331,f
4317,선진리,4824033022,경상남도,2026-01-13 13:16:36.647295,2026-01-13 13:16:36.647297,f
4318,통양리,4824033023,경상남도,2026-01-13 13:16:36.653463,2026-01-13 13:16:36.653466,f
4319,신촌리,4824033024,경상남도,2026-01-13 13:16:36.658177,2026-01-13 13:16:36.658178,f
4320,온정리,4824033025,경상남도,2026-01-13 13:16:36.664875,2026-01-13 13:16:36.664878,f
4321,신복리,4824033026,경상남도,2026-01-13 13:16:36.670888,2026-01-13 13:16:36.670891,f
4322,석계리,4824033027,경상남도,2026-01-13 13:16:36.676007,2026-01-13 13:16:36.67601,f
4323,구월리,4824033028,경상남도,2026-01-13 13:16:36.680215,2026-01-13 13:16:36.680217,f
4324,용치리,4824033029,경상남도,2026-01-13 13:16:36.684352,2026-01-13 13:16:36.684354,f
4325,금문리,4824033030,경상남도,2026-01-13 13:16:36.688646,2026-01-13 13:16:36.688649,f
4326,주문리,4824033031,경상남도,2026-01-13 13:16:36.692799,2026-01-13 13:16:36.692802,f
4327,덕곡리,4824033032,경상남도,2026-01-13 13:16:36.697655,2026-01-13 13:16:36.697657,f
4328,축동면,4824034000,경상남도,2026-01-13 13:16:36.701682,2026-01-13 13:16:36.701684,f
4329,배춘리,4824034021,경상남도,2026-01-13 13:16:36.705533,2026-01-13 13:16:36.705536,f
4330,길평리,4824034022,경상남도,2026-01-13 13:16:36.710233,2026-01-13 13:16:36.710235,f
4331,사다리,4824034023,경상남도,2026-01-13 13:16:36.714472,2026-01-13 13:16:36.714475,f
4332,탑리,4824034024,경상남도,2026-01-13 13:16:36.718768,2026-01-13 13:16:36.718771,f
4333,반용리,4824034025,경상남도,2026-01-13 13:16:36.722592,2026-01-13 13:16:36.722594,f
4334,가산리,4824034026,경상남도,2026-01-13 13:16:36.726259,2026-01-13 13:16:36.726261,f
4335,구호리,4824034027,경상남도,2026-01-13 13:16:36.730038,2026-01-13 13:16:36.730042,f
4336,곤양면,4824035000,경상남도,2026-01-13 13:16:36.735612,2026-01-13 13:16:36.735616,f
4337,성내리,4824035021,경상남도,2026-01-13 13:16:36.740732,2026-01-13 13:16:36.740734,f
4338,남문외리,4824035022,경상남도,2026-01-13 13:16:36.745367,2026-01-13 13:16:36.745369,f
4339,서정리,4824035023,경상남도,2026-01-13 13:16:36.750859,2026-01-13 13:16:36.750864,f
4340,송전리,4824035024,경상남도,2026-01-13 13:16:36.756519,2026-01-13 13:16:36.756521,f
4341,대진리,4824035025,경상남도,2026-01-13 13:16:36.761021,2026-01-13 13:16:36.761024,f
4342,환덕리,4824035026,경상남도,2026-01-13 13:16:36.766296,2026-01-13 13:16:36.766298,f
4343,묵곡리,4824035027,경상남도,2026-01-13 13:16:36.771475,2026-01-13 13:16:36.771478,f
4344,흥사리,4824035028,경상남도,2026-01-13 13:16:36.777274,2026-01-13 13:16:36.777277,f
4345,가화리,4824035029,경상남도,2026-01-13 13:16:36.78179,2026-01-13 13:16:36.781793,f
4346,검정리,4824035030,경상남도,2026-01-13 13:16:36.795314,2026-01-13 13:16:36.795321,f
4347,중항리,4824035031,경상남도,2026-01-13 13:16:36.807042,2026-01-13 13:16:36.807046,f
4348,무고리,4824035032,경상남도,2026-01-13 13:16:36.817449,2026-01-13 13:16:36.817454,f
4349,맥사리,4824035033,경상남도,2026-01-13 13:16:36.823324,2026-01-13 13:16:36.823327,f
4350,곤명면,4824036000,경상남도,2026-01-13 13:16:36.827481,2026-01-13 13:16:36.827483,f
4351,추천리,4824036021,경상남도,2026-01-13 13:16:36.831574,2026-01-13 13:16:36.831577,f
4352,용산리,4824036022,경상남도,2026-01-13 13:16:36.83617,2026-01-13 13:16:36.836174,f
4353,조장리,4824036023,경상남도,2026-01-13 13:16:36.840667,2026-01-13 13:16:36.840669,f
4354,봉계리,4824036024,경상남도,2026-01-13 13:16:36.844598,2026-01-13 13:16:36.8446,f
4355,초량리,4824036025,경상남도,2026-01-13 13:16:36.847989,2026-01-13 13:16:36.847991,f
4356,삼정리,4824036026,경상남도,2026-01-13 13:16:36.85209,2026-01-13 13:16:36.852093,f
4357,은사리,4824036027,경상남도,2026-01-13 13:16:36.856547,2026-01-13 13:16:36.856549,f
4358,마곡리,4824036028,경상남도,2026-01-13 13:16:36.860439,2026-01-13 13:16:36.860443,f
4359,성방리,4824036029,경상남도,2026-01-13 13:16:36.864674,2026-01-13 13:16:36.864676,f
4360,작팔리,4824036030,경상남도,2026-01-13 13:16:36.869101,2026-01-13 13:16:36.869106,f
4361,송림리,4824036031,경상남도,2026-01-13 13:16:36.87319,2026-01-13 13:16:36.873192,f
4362,정곡리,4824036032,경상남도,2026-01-13 13:16:36.877064,2026-01-13 13:16:36.877066,f
4363,신흥리,4824036033,경상남도,2026-01-13 13:16:36.881898,2026-01-13 13:16:36.8819,f
4364,본촌리,4824036034,경상남도,2026-01-13 13:16:36.885758,2026-01-13 13:16:36.88576,f
4365,금성리,4824036035,경상남도,2026-01-13 13:16:36.889884,2026-01-13 13:16:36.889886,f
4366,연평리,4824036036,경상남도,2026-01-13 13:16:36.894575,2026-01-13 13:16:36.894577,f
4367,서포면,4824037000,경상남도,2026-01-13 13:16:36.898386,2026-01-13 13:16:36.898387,f
4368,금진리,4824037021,경상남도,2026-01-13 13:16:36.904407,2026-01-13 13:16:36.904411,f
4369,내구리,4824037022,경상남도,2026-01-13 13:16:36.908724,2026-01-13 13:16:36.908726,f
4370,외구리,4824037023,경상남도,2026-01-13 13:16:36.914104,2026-01-13 13:16:36.914107,f
4371,조도리,4824037024,경상남도,2026-01-13 13:16:36.918244,2026-01-13 13:16:36.918246,f
4372,구랑리,4824037025,경상남도,2026-01-13 13:16:36.923139,2026-01-13 13:16:36.923141,f
4373,자혜리,4824037026,경상남도,2026-01-13 13:16:36.928005,2026-01-13 13:16:36.928007,f
4374,구평리,4824037027,경상남도,2026-01-13 13:16:36.932736,2026-01-13 13:16:36.932739,f
4375,다평리,4824037028,경상남도,2026-01-13 13:16:36.938287,2026-01-13 13:16:36.938289,f
4376,선전리,4824037029,경상남도,2026-01-13 13:16:36.942327,2026-01-13 13:16:36.94233,f
4377,비토리,4824037030,경상남도,2026-01-13 13:16:36.947003,2026-01-13 13:16:36.947005,f
4378,김해시,4825000000,경상남도,2026-01-13 13:16:36.951724,2026-01-13 13:16:36.951728,f
4379,동상동,4825010100,경상남도,2026-01-13 13:16:36.956685,2026-01-13 13:16:36.956687,f
4380,서상동,4825010200,경상남도,2026-01-13 13:16:36.961643,2026-01-13 13:16:36.961645,f
4381,부원동,4825010300,경상남도,2026-01-13 13:16:36.966109,2026-01-13 13:16:36.966111,f
4382,봉황동,4825010400,경상남도,2026-01-13 13:16:36.970504,2026-01-13 13:16:36.970507,f
4383,대성동,4825010500,경상남도,2026-01-13 13:16:36.975903,2026-01-13 13:16:36.975905,f
4384,구산동,4825010600,경상남도,2026-01-13 13:16:36.98037,2026-01-13 13:16:36.980374,f
4385,삼계동,4825010700,경상남도,2026-01-13 13:16:36.984948,2026-01-13 13:16:36.98495,f
4386,내동,4825010800,경상남도,2026-01-13 13:16:36.99069,2026-01-13 13:16:36.990694,f
4387,외동,4825010900,경상남도,2026-01-13 13:16:36.999752,2026-01-13 13:16:36.999755,f
4388,흥동,4825011000,경상남도,2026-01-13 13:16:37.005996,2026-01-13 13:16:37.005999,f
4389,풍유동,4825011100,경상남도,2026-01-13 13:16:37.011425,2026-01-13 13:16:37.011427,f
4390,명법동,4825011200,경상남도,2026-01-13 13:16:37.016364,2026-01-13 13:16:37.01637,f
4391,이동,4825011300,경상남도,2026-01-13 13:16:37.021997,2026-01-13 13:16:37.022,f
4392,화목동,4825011400,경상남도,2026-01-13 13:16:37.026338,2026-01-13 13:16:37.02634,f
4393,전하동,4825011500,경상남도,2026-01-13 13:16:37.030412,2026-01-13 13:16:37.030414,f
4394,강동,4825011600,경상남도,2026-01-13 13:16:37.034388,2026-01-13 13:16:37.034391,f
4395,삼정동,4825011700,경상남도,2026-01-13 13:16:37.040012,2026-01-13 13:16:37.040016,f
4396,어방동,4825011800,경상남도,2026-01-13 13:16:37.04465,2026-01-13 13:16:37.044652,f
4397,삼방동,4825011900,경상남도,2026-01-13 13:16:37.048751,2026-01-13 13:16:37.048752,f
4398,안동,4825012000,경상남도,2026-01-13 13:16:37.053882,2026-01-13 13:16:37.053885,f
4399,지내동,4825012100,경상남도,2026-01-13 13:16:37.058538,2026-01-13 13:16:37.05854,f
4400,불암동,4825012200,경상남도,2026-01-13 13:16:37.062685,2026-01-13 13:16:37.062688,f
4401,유하동,4825012300,경상남도,2026-01-13 13:16:37.067173,2026-01-13 13:16:37.067176,f
4402,내덕동,4825012400,경상남도,2026-01-13 13:16:37.072038,2026-01-13 13:16:37.072042,f
4403,부곡동,4825012500,경상남도,2026-01-13 13:16:37.077179,2026-01-13 13:16:37.077184,f
4404,무계동,4825012600,경상남도,2026-01-13 13:16:37.081347,2026-01-13 13:16:37.081349,f
4405,신문동,4825012700,경상남도,2026-01-13 13:16:37.085149,2026-01-13 13:16:37.085151,f
4406,삼문동,4825012800,경상남도,2026-01-13 13:16:37.088953,2026-01-13 13:16:37.088955,f
4407,대청동,4825012900,경상남도,2026-01-13 13:16:37.09348,2026-01-13 13:16:37.093485,f
4408,관동동,4825013000,경상남도,2026-01-13 13:16:37.098477,2026-01-13 13:16:37.098479,f
4409,율하동,4825013100,경상남도,2026-01-13 13:16:37.102379,2026-01-13 13:16:37.10238,f
4410,장유동,4825013200,경상남도,2026-01-13 13:16:37.106193,2026-01-13 13:16:37.106195,f
4411,응달동,4825013300,경상남도,2026-01-13 13:16:37.109916,2026-01-13 13:16:37.109919,f
4412,수가동,4825013400,경상남도,2026-01-13 13:16:37.114801,2026-01-13 13:16:37.114808,f
4413,진영읍,4825025000,경상남도,2026-01-13 13:16:37.119,2026-01-13 13:16:37.119002,f
4414,우동리,4825025021,경상남도,2026-01-13 13:16:37.123004,2026-01-13 13:16:37.123006,f
4415,하계리,4825025022,경상남도,2026-01-13 13:16:37.126589,2026-01-13 13:16:37.126591,f
4416,방동리,4825025023,경상남도,2026-01-13 13:16:37.12994,2026-01-13 13:16:37.129941,f
4417,사산리,4825025024,경상남도,2026-01-13 13:16:37.134684,2026-01-13 13:16:37.134687,f
4418,좌곤리,4825025025,경상남도,2026-01-13 13:16:37.138941,2026-01-13 13:16:37.138943,f
4419,진영리,4825025026,경상남도,2026-01-13 13:16:37.142769,2026-01-13 13:16:37.142772,f
4420,여래리,4825025027,경상남도,2026-01-13 13:16:37.146931,2026-01-13 13:16:37.146934,f
4421,본산리,4825025028,경상남도,2026-01-13 13:16:37.151096,2026-01-13 13:16:37.151099,f
4422,신용리,4825025029,경상남도,2026-01-13 13:16:37.154778,2026-01-13 13:16:37.15478,f
4423,설창리,4825025030,경상남도,2026-01-13 13:16:37.159042,2026-01-13 13:16:37.159044,f
4424,내룡리,4825025031,경상남도,2026-01-13 13:16:37.16291,2026-01-13 13:16:37.162912,f
4425,죽곡리,4825025032,경상남도,2026-01-13 13:16:37.166695,2026-01-13 13:16:37.166696,f
4426,의전리,4825025033,경상남도,2026-01-13 13:16:37.170495,2026-01-13 13:16:37.170497,f
4427,주서리,4873039023,경상남도,2026-01-13 13:16:37.175551,2026-01-13 13:16:37.175553,f
4428,주동리,4873039024,경상남도,2026-01-13 13:16:37.179755,2026-01-13 13:16:37.179758,f
4429,주촌면,4825032000,경상남도,2026-01-13 13:16:37.183843,2026-01-13 13:16:37.183846,f
4430,선지리,4825032021,경상남도,2026-01-13 13:16:37.18788,2026-01-13 13:16:37.187882,f
4431,원지리,4825032022,경상남도,2026-01-13 13:16:37.192066,2026-01-13 13:16:37.192082,f
4432,덕암리,4825032023,경상남도,2026-01-13 13:16:37.19629,2026-01-13 13:16:37.196292,f
4433,천곡리,4825032024,경상남도,2026-01-13 13:16:37.20082,2026-01-13 13:16:37.200824,f
4434,내삼리,4825032025,경상남도,2026-01-13 13:16:37.205169,2026-01-13 13:16:37.205172,f
4435,양동리,4825032026,경상남도,2026-01-13 13:16:37.208801,2026-01-13 13:16:37.208803,f
4436,망덕리,4825032027,경상남도,2026-01-13 13:16:37.213006,2026-01-13 13:16:37.213008,f
4437,농소리,4825032028,경상남도,2026-01-13 13:16:37.217023,2026-01-13 13:16:37.217025,f
4438,진례면,4825033000,경상남도,2026-01-13 13:16:37.221271,2026-01-13 13:16:37.221275,f
4439,청천리,4825033021,경상남도,2026-01-13 13:16:37.225311,2026-01-13 13:16:37.225314,f
4440,시례리,4825033022,경상남도,2026-01-13 13:16:37.229527,2026-01-13 13:16:37.22953,f
4441,송정리,4825033023,경상남도,2026-01-13 13:16:37.233731,2026-01-13 13:16:37.233733,f
4442,초전리,4825033024,경상남도,2026-01-13 13:16:37.238219,2026-01-13 13:16:37.238222,f
4443,신안리,4825033025,경상남도,2026-01-13 13:16:37.24223,2026-01-13 13:16:37.242233,f
4444,산본리,4825033026,경상남도,2026-01-13 13:16:37.24731,2026-01-13 13:16:37.247314,f
4445,신월리,4825033027,경상남도,2026-01-13 13:16:37.252587,2026-01-13 13:16:37.25259,f
4446,송현리,4825033028,경상남도,2026-01-13 13:16:37.257116,2026-01-13 13:16:37.257118,f
4447,담안리,4825033029,경상남도,2026-01-13 13:16:37.262155,2026-01-13 13:16:37.262158,f
4448,고모리,4825033030,경상남도,2026-01-13 13:16:37.268149,2026-01-13 13:16:37.268152,f
4449,한림면,4825034000,경상남도,2026-01-13 13:16:37.273107,2026-01-13 13:16:37.27311,f
4450,명동리,4825034021,경상남도,2026-01-13 13:16:37.278271,2026-01-13 13:16:37.278273,f
4451,퇴래리,4825034022,경상남도,2026-01-13 13:16:37.28278,2026-01-13 13:16:37.282783,f
4452,병동리,4825034023,경상남도,2026-01-13 13:16:37.286864,2026-01-13 13:16:37.286865,f
4453,신천리,4825034024,경상남도,2026-01-13 13:16:37.291321,2026-01-13 13:16:37.291322,f
4454,용덕리,4825034025,경상남도,2026-01-13 13:16:37.295542,2026-01-13 13:16:37.295545,f
4455,안곡리,4825034026,경상남도,2026-01-13 13:16:37.300529,2026-01-13 13:16:37.300532,f
4456,안하리,4825034027,경상남도,2026-01-13 13:16:37.305151,2026-01-13 13:16:37.305154,f
4457,장방리,4825034028,경상남도,2026-01-13 13:16:37.310013,2026-01-13 13:16:37.310015,f
4458,시산리,4825034029,경상남도,2026-01-13 13:16:37.316905,2026-01-13 13:16:37.316908,f
4459,가동리,4825034030,경상남도,2026-01-13 13:16:37.323421,2026-01-13 13:16:37.323426,f
4460,가산리,4825034031,경상남도,2026-01-13 13:16:37.328954,2026-01-13 13:16:37.328956,f
4461,금곡리,4825034032,경상남도,2026-01-13 13:16:37.338283,2026-01-13 13:16:37.338285,f
4462,생림면,4825035000,경상남도,2026-01-13 13:16:37.342661,2026-01-13 13:16:37.342664,f
4463,나전리,4825035021,경상남도,2026-01-13 13:16:37.347217,2026-01-13 13:16:37.347219,f
4464,사촌리,4825035022,경상남도,2026-01-13 13:16:37.351626,2026-01-13 13:16:37.351629,f
4465,봉림리,4825035023,경상남도,2026-01-13 13:16:37.358267,2026-01-13 13:16:37.35827,f
4466,생림리,4825035024,경상남도,2026-01-13 13:16:37.362853,2026-01-13 13:16:37.362855,f
4467,마사리,4825035025,경상남도,2026-01-13 13:16:37.366857,2026-01-13 13:16:37.36686,f
4468,생철리,4825035026,경상남도,2026-01-13 13:16:37.371991,2026-01-13 13:16:37.371993,f
4469,안양리,4825035027,경상남도,2026-01-13 13:16:37.380552,2026-01-13 13:16:37.380555,f
4470,도요리,4825035028,경상남도,2026-01-13 13:16:37.386185,2026-01-13 13:16:37.386188,f
4471,상동면,4825036000,경상남도,2026-01-13 13:16:37.390399,2026-01-13 13:16:37.390402,f
4472,대감리,4825036021,경상남도,2026-01-13 13:16:37.395032,2026-01-13 13:16:37.395033,f
4473,매리,4825036022,경상남도,2026-01-13 13:16:37.399745,2026-01-13 13:16:37.399748,f
4474,감노리,4825036023,경상남도,2026-01-13 13:16:37.403979,2026-01-13 13:16:37.403982,f
4475,여차리,4825036024,경상남도,2026-01-13 13:16:37.408021,2026-01-13 13:16:37.408023,f
4476,우계리,4825036025,경상남도,2026-01-13 13:16:37.411823,2026-01-13 13:16:37.411825,f
4477,묵방리,4825036026,경상남도,2026-01-13 13:16:37.416371,2026-01-13 13:16:37.416374,f
4478,대동면,4825037000,경상남도,2026-01-13 13:16:37.42071,2026-01-13 13:16:37.420713,f
4479,수안리,4825037021,경상남도,2026-01-13 13:16:37.42895,2026-01-13 13:16:37.428955,f
4480,주중리,4825037022,경상남도,2026-01-13 13:16:37.437753,2026-01-13 13:16:37.437759,f
4481,주동리,4825037023,경상남도,2026-01-13 13:16:37.443842,2026-01-13 13:16:37.443845,f
4482,예안리,4825037024,경상남도,2026-01-13 13:16:37.447529,2026-01-13 13:16:37.447531,f
4483,초정리,4825037025,경상남도,2026-01-13 13:16:37.451864,2026-01-13 13:16:37.451866,f
4484,괴정리,4825037026,경상남도,2026-01-13 13:16:37.45615,2026-01-13 13:16:37.456152,f
4485,대감리,4825037027,경상남도,2026-01-13 13:16:37.461674,2026-01-13 13:16:37.461676,f
4486,덕산리,4825037028,경상남도,2026-01-13 13:16:37.465832,2026-01-13 13:16:37.465834,f
4487,월촌리,4825037029,경상남도,2026-01-13 13:16:37.470082,2026-01-13 13:16:37.470084,f
4488,조눌리,4825037030,경상남도,2026-01-13 13:16:37.474242,2026-01-13 13:16:37.474246,f
4489,여항면,4873039000,경상남도,2026-01-13 13:16:37.481164,2026-01-13 13:16:37.481166,f
4490,외암리,4873039021,경상남도,2026-01-13 13:16:37.486293,2026-01-13 13:16:37.486296,f
4491,내곡리,4873039022,경상남도,2026-01-13 13:16:37.490914,2026-01-13 13:16:37.490917,f
4492,밀양시,4827000000,경상남도,2026-01-13 13:16:37.500486,2026-01-13 13:16:37.500492,f
4493,내일동,4827010100,경상남도,2026-01-13 13:16:37.505427,2026-01-13 13:16:37.505429,f
4494,내이동,4827010200,경상남도,2026-01-13 13:16:37.510042,2026-01-13 13:16:37.510045,f
4495,교동,4827010300,경상남도,2026-01-13 13:16:37.51396,2026-01-13 13:16:37.513962,f
4496,삼문동,4827010400,경상남도,2026-01-13 13:16:37.52102,2026-01-13 13:16:37.521023,f
4497,남포동,4827010500,경상남도,2026-01-13 13:16:37.525245,2026-01-13 13:16:37.525247,f
4498,용평동,4827010600,경상남도,2026-01-13 13:16:37.529208,2026-01-13 13:16:37.529211,f
4499,활성동,4827010700,경상남도,2026-01-13 13:16:37.532919,2026-01-13 13:16:37.532921,f
4500,가곡동,4827010800,경상남도,2026-01-13 13:16:37.538253,2026-01-13 13:16:37.538257,f
4501,삼랑진읍,4827025000,경상남도,2026-01-13 13:16:37.543034,2026-01-13 13:16:37.543037,f
4502,송지리,4827025021,경상남도,2026-01-13 13:16:37.546588,2026-01-13 13:16:37.546589,f
4503,용전리,4827025022,경상남도,2026-01-13 13:16:37.550964,2026-01-13 13:16:37.550971,f
4504,미전리,4827025023,경상남도,2026-01-13 13:16:37.557971,2026-01-13 13:16:37.557973,f
4505,삼랑리,4827025024,경상남도,2026-01-13 13:16:37.567105,2026-01-13 13:16:37.567109,f
4506,율동리,4827025025,경상남도,2026-01-13 13:16:37.572108,2026-01-13 13:16:37.57211,f
4507,우곡리,4827025026,경상남도,2026-01-13 13:16:37.575995,2026-01-13 13:16:37.575997,f
4508,검세리,4827025027,경상남도,2026-01-13 13:16:37.581736,2026-01-13 13:16:37.581738,f
4509,안태리,4827025028,경상남도,2026-01-13 13:16:37.585495,2026-01-13 13:16:37.585496,f
4510,행곡리,4827025029,경상남도,2026-01-13 13:16:37.589122,2026-01-13 13:16:37.589124,f
4511,임천리,4827025030,경상남도,2026-01-13 13:16:37.594246,2026-01-13 13:16:37.594249,f
4512,숭진리,4827025031,경상남도,2026-01-13 13:16:37.598498,2026-01-13 13:16:37.5985,f
4513,청학리,4827025032,경상남도,2026-01-13 13:16:37.602027,2026-01-13 13:16:37.602028,f
4514,용성리,4827025033,경상남도,2026-01-13 13:16:37.606152,2026-01-13 13:16:37.606156,f
4515,하남읍,4827025300,경상남도,2026-01-13 13:16:37.610848,2026-01-13 13:16:37.61085,f
4516,수산리,4827025321,경상남도,2026-01-13 13:16:37.61482,2026-01-13 13:16:37.614823,f
4517,명례리,4827025322,경상남도,2026-01-13 13:16:37.618806,2026-01-13 13:16:37.618808,f
4518,백산리,4827025323,경상남도,2026-01-13 13:16:37.624088,2026-01-13 13:16:37.62409,f
4519,파서리,4827025324,경상남도,2026-01-13 13:16:37.628447,2026-01-13 13:16:37.628449,f
4520,남전리,4827025325,경상남도,2026-01-13 13:16:37.633111,2026-01-13 13:16:37.633113,f
4521,대사리,4827025326,경상남도,2026-01-13 13:16:37.638025,2026-01-13 13:16:37.638027,f
4522,양동리,4827025327,경상남도,2026-01-13 13:16:37.641808,2026-01-13 13:16:37.641809,f
4523,귀명리,4827025328,경상남도,2026-01-13 13:16:37.64631,2026-01-13 13:16:37.646312,f
4524,부북면,4827031000,경상남도,2026-01-13 13:16:37.650507,2026-01-13 13:16:37.65051,f
4525,운전리,4827031021,경상남도,2026-01-13 13:16:37.654583,2026-01-13 13:16:37.654585,f
4526,전사포리,4827031022,경상남도,2026-01-13 13:16:37.660446,2026-01-13 13:16:37.660448,f
4527,후사포리,4827031023,경상남도,2026-01-13 13:16:37.664618,2026-01-13 13:16:37.66462,f
4528,제대리,4827031024,경상남도,2026-01-13 13:16:37.668462,2026-01-13 13:16:37.668466,f
4529,감천리,4827031025,경상남도,2026-01-13 13:16:37.673948,2026-01-13 13:16:37.67395,f
4530,오례리,4827031026,경상남도,2026-01-13 13:16:37.6789,2026-01-13 13:16:37.678903,f
4531,덕곡리,4827031027,경상남도,2026-01-13 13:16:37.683887,2026-01-13 13:16:37.68389,f
4532,청운리,4827031028,경상남도,2026-01-13 13:16:37.687919,2026-01-13 13:16:37.687922,f
4533,가산리,4827031029,경상남도,2026-01-13 13:16:37.693113,2026-01-13 13:16:37.693115,f
4534,대항리,4827031030,경상남도,2026-01-13 13:16:37.697132,2026-01-13 13:16:37.697136,f
4535,퇴로리,4827031031,경상남도,2026-01-13 13:16:37.702816,2026-01-13 13:16:37.702818,f
4536,월산리,4827031032,경상남도,2026-01-13 13:16:37.707313,2026-01-13 13:16:37.707317,f
4537,위양리,4827031033,경상남도,2026-01-13 13:16:37.713414,2026-01-13 13:16:37.713416,f
4538,무연리,4827031034,경상남도,2026-01-13 13:16:37.717438,2026-01-13 13:16:37.717442,f
4539,춘화리,4827031035,경상남도,2026-01-13 13:16:37.722047,2026-01-13 13:16:37.722049,f
4540,용지리,4827031036,경상남도,2026-01-13 13:16:37.726281,2026-01-13 13:16:37.726283,f
4541,상동면,4827032000,경상남도,2026-01-13 13:16:37.731111,2026-01-13 13:16:37.731113,f
4542,금산리,4827032021,경상남도,2026-01-13 13:16:37.735229,2026-01-13 13:16:37.735232,f
4543,가곡리,4827032022,경상남도,2026-01-13 13:16:37.739942,2026-01-13 13:16:37.739945,f
4544,안인리,4827032023,경상남도,2026-01-13 13:16:37.744985,2026-01-13 13:16:37.744987,f
4545,옥산리,4827032024,경상남도,2026-01-13 13:16:37.749281,2026-01-13 13:16:37.749283,f
4546,고정리,4827032025,경상남도,2026-01-13 13:16:37.753562,2026-01-13 13:16:37.753564,f
4547,도곡리,4827032026,경상남도,2026-01-13 13:16:37.76044,2026-01-13 13:16:37.760444,f
4548,매화리,4827032027,경상남도,2026-01-13 13:16:37.764607,2026-01-13 13:16:37.764609,f
4549,신곡리,4827032028,경상남도,2026-01-13 13:16:37.769319,2026-01-13 13:16:37.769322,f
4550,산외면,4827033000,경상남도,2026-01-13 13:16:37.774132,2026-01-13 13:16:37.774134,f
4551,다죽리,4827033021,경상남도,2026-01-13 13:16:37.780553,2026-01-13 13:16:37.780557,f
4552,금곡리,4827033022,경상남도,2026-01-13 13:16:37.785448,2026-01-13 13:16:37.78545,f
4553,희곡리,4827033023,경상남도,2026-01-13 13:16:37.791061,2026-01-13 13:16:37.791064,f
4554,금천리,4827033024,경상남도,2026-01-13 13:16:37.796307,2026-01-13 13:16:37.796309,f
4555,남기리,4827033025,경상남도,2026-01-13 13:16:37.801724,2026-01-13 13:16:37.801728,f
4556,엄광리,4827033026,경상남도,2026-01-13 13:16:37.806312,2026-01-13 13:16:37.806314,f
4557,산내면,4827034000,경상남도,2026-01-13 13:16:37.810158,2026-01-13 13:16:37.81016,f
4558,내인리,4873038025,경상남도,2026-01-13 13:16:37.815471,2026-01-13 13:16:37.815474,f
4559,부봉리,4873038026,경상남도,2026-01-13 13:16:37.820658,2026-01-13 13:16:37.82066,f
4560,운곡리,4873038027,경상남도,2026-01-13 13:16:37.826329,2026-01-13 13:16:37.826333,f
4561,송백리,4827034021,경상남도,2026-01-13 13:16:37.830749,2026-01-13 13:16:37.830751,f
4562,봉의리,4827034022,경상남도,2026-01-13 13:16:37.834719,2026-01-13 13:16:37.834722,f
4563,용전리,4827034023,경상남도,2026-01-13 13:16:37.840846,2026-01-13 13:16:37.840848,f
4564,임고리,4827034024,경상남도,2026-01-13 13:16:37.845644,2026-01-13 13:16:37.845646,f
4565,가인리,4827034025,경상남도,2026-01-13 13:16:37.849679,2026-01-13 13:16:37.849681,f
4566,원서리,4827034026,경상남도,2026-01-13 13:16:37.853526,2026-01-13 13:16:37.853527,f
4567,삼양리,4827034027,경상남도,2026-01-13 13:16:37.859936,2026-01-13 13:16:37.85994,f
4568,남명리,4827034028,경상남도,2026-01-13 13:16:37.865198,2026-01-13 13:16:37.865201,f
4569,단장면,4827035000,경상남도,2026-01-13 13:16:37.86999,2026-01-13 13:16:37.869992,f
4570,태룡리,4827035021,경상남도,2026-01-13 13:16:37.874345,2026-01-13 13:16:37.874347,f
4571,단장리,4827035022,경상남도,2026-01-13 13:16:37.880107,2026-01-13 13:16:37.88011,f
4572,미촌리,4827035023,경상남도,2026-01-13 13:16:37.885253,2026-01-13 13:16:37.885256,f
4573,안법리,4827035024,경상남도,2026-01-13 13:16:37.889279,2026-01-13 13:16:37.889281,f
4574,법흥리,4827035025,경상남도,2026-01-13 13:16:37.893302,2026-01-13 13:16:37.893306,f
4575,감물리,4827035026,경상남도,2026-01-13 13:16:37.898106,2026-01-13 13:16:37.89811,f
4576,국전리,4827035027,경상남도,2026-01-13 13:16:37.902863,2026-01-13 13:16:37.902867,f
4577,무릉리,4827035028,경상남도,2026-01-13 13:16:37.908054,2026-01-13 13:16:37.908056,f
4578,사연리,4827035029,경상남도,2026-01-13 13:16:37.912662,2026-01-13 13:16:37.912665,f
4579,범도리,4827035030,경상남도,2026-01-13 13:16:37.9181,2026-01-13 13:16:37.918103,f
4580,고례리,4827035031,경상남도,2026-01-13 13:16:37.922703,2026-01-13 13:16:37.922705,f
4581,구천리,4827035032,경상남도,2026-01-13 13:16:37.927169,2026-01-13 13:16:37.927171,f
4582,상남면,4827036000,경상남도,2026-01-13 13:16:37.931745,2026-01-13 13:16:37.931749,f
4583,기산리,4827036021,경상남도,2026-01-13 13:16:37.935946,2026-01-13 13:16:37.935948,f
4584,예림리,4827036022,경상남도,2026-01-13 13:16:37.941057,2026-01-13 13:16:37.94106,f
4585,연금리,4827036023,경상남도,2026-01-13 13:16:37.945834,2026-01-13 13:16:37.945836,f
4586,평촌리,4827036024,경상남도,2026-01-13 13:16:37.950531,2026-01-13 13:16:37.950533,f
4587,마산리,4827036025,경상남도,2026-01-13 13:16:37.956404,2026-01-13 13:16:37.956406,f
4588,동산리,4827036026,경상남도,2026-01-13 13:16:37.96152,2026-01-13 13:16:37.961522,f
4589,조음리,4827036027,경상남도,2026-01-13 13:16:37.966748,2026-01-13 13:16:37.966751,f
4590,남산리,4827036028,경상남도,2026-01-13 13:16:37.971831,2026-01-13 13:16:37.971833,f
4591,외산리,4827036029,경상남도,2026-01-13 13:16:37.976347,2026-01-13 13:16:37.976357,f
4592,초동면,4827037000,경상남도,2026-01-13 13:16:37.981983,2026-01-13 13:16:37.981988,f
4593,오방리,4827037021,경상남도,2026-01-13 13:16:37.987585,2026-01-13 13:16:37.987588,f
4594,범평리,4827037022,경상남도,2026-01-13 13:16:37.998487,2026-01-13 13:16:37.998492,f
4595,명성리,4827037023,경상남도,2026-01-13 13:16:38.00569,2026-01-13 13:16:38.005711,f
4596,대곡리,4827037024,경상남도,2026-01-13 13:16:38.01258,2026-01-13 13:16:38.012582,f
4597,반월리,4827037025,경상남도,2026-01-13 13:16:38.018872,2026-01-13 13:16:38.018876,f
4598,검암리,4827037026,경상남도,2026-01-13 13:16:38.023936,2026-01-13 13:16:38.023939,f
4599,금포리,4827037027,경상남도,2026-01-13 13:16:38.036008,2026-01-13 13:16:38.036014,f
4600,성만리,4827037028,경상남도,2026-01-13 13:16:38.045218,2026-01-13 13:16:38.045223,f
4601,신호리,4827037029,경상남도,2026-01-13 13:16:38.051159,2026-01-13 13:16:38.051162,f
4602,신월리,4827037030,경상남도,2026-01-13 13:16:38.056107,2026-01-13 13:16:38.05611,f
4603,덕산리,4827037031,경상남도,2026-01-13 13:16:38.060958,2026-01-13 13:16:38.060961,f
4604,봉황리,4827037032,경상남도,2026-01-13 13:16:38.065231,2026-01-13 13:16:38.065233,f
4605,무안면,4827038000,경상남도,2026-01-13 13:16:38.069368,2026-01-13 13:16:38.06937,f
4606,무안리,4827038021,경상남도,2026-01-13 13:16:38.077902,2026-01-13 13:16:38.077906,f
4607,신법리,4827038022,경상남도,2026-01-13 13:16:38.085757,2026-01-13 13:16:38.085761,f
4608,삼태리,4827038023,경상남도,2026-01-13 13:16:38.094704,2026-01-13 13:16:38.094707,f
4609,화봉리,4827038024,경상남도,2026-01-13 13:16:38.10335,2026-01-13 13:16:38.103358,f
4610,죽월리,4827038025,경상남도,2026-01-13 13:16:38.11261,2026-01-13 13:16:38.112618,f
4611,양효리,4827038026,경상남도,2026-01-13 13:16:38.121159,2026-01-13 13:16:38.121164,f
4612,내진리,4827038027,경상남도,2026-01-13 13:16:38.127065,2026-01-13 13:16:38.127079,f
4613,동산리,4827038028,경상남도,2026-01-13 13:16:38.131533,2026-01-13 13:16:38.131535,f
4614,판곡리,4827038029,경상남도,2026-01-13 13:16:38.137811,2026-01-13 13:16:38.137815,f
4615,운정리,4827038030,경상남도,2026-01-13 13:16:38.146757,2026-01-13 13:16:38.146761,f
4616,마흘리,4827038031,경상남도,2026-01-13 13:16:38.151885,2026-01-13 13:16:38.151887,f
4617,정곡리,4827038032,경상남도,2026-01-13 13:16:38.15731,2026-01-13 13:16:38.157312,f
4618,연상리,4827038033,경상남도,2026-01-13 13:16:38.16376,2026-01-13 13:16:38.163763,f
4619,성덕리,4827038034,경상남도,2026-01-13 13:16:38.169543,2026-01-13 13:16:38.169547,f
4620,모로리,4827038035,경상남도,2026-01-13 13:16:38.17595,2026-01-13 13:16:38.175955,f
4621,덕암리,4827038036,경상남도,2026-01-13 13:16:38.181717,2026-01-13 13:16:38.181721,f
4622,중산리,4827038037,경상남도,2026-01-13 13:16:38.186924,2026-01-13 13:16:38.186927,f
4623,웅동리,4827038038,경상남도,2026-01-13 13:16:38.192718,2026-01-13 13:16:38.192724,f
4624,가례리,4827038039,경상남도,2026-01-13 13:16:38.201059,2026-01-13 13:16:38.201062,f
4625,고라리,4827038040,경상남도,2026-01-13 13:16:38.207262,2026-01-13 13:16:38.207264,f
4626,청도면,4827039000,경상남도,2026-01-13 13:16:38.212127,2026-01-13 13:16:38.21213,f
4627,구기리,4827039021,경상남도,2026-01-13 13:16:38.217079,2026-01-13 13:16:38.217081,f
4628,소태리,4827039022,경상남도,2026-01-13 13:16:38.222422,2026-01-13 13:16:38.222426,f
4629,두곡리,4827039023,경상남도,2026-01-13 13:16:38.227613,2026-01-13 13:16:38.227615,f
4630,조천리,4827039024,경상남도,2026-01-13 13:16:38.232269,2026-01-13 13:16:38.232271,f
4631,인산리,4827039025,경상남도,2026-01-13 13:16:38.236805,2026-01-13 13:16:38.236809,f
4632,고법리,4827039026,경상남도,2026-01-13 13:16:38.24347,2026-01-13 13:16:38.243474,f
4633,요고리,4827039027,경상남도,2026-01-13 13:16:38.249989,2026-01-13 13:16:38.249994,f
4634,거제시,4831000000,경상남도,2026-01-13 13:16:38.254928,2026-01-13 13:16:38.25493,f
4635,능포동,4831010100,경상남도,2026-01-13 13:16:38.262923,2026-01-13 13:16:38.262928,f
4636,장승포동,4831010200,경상남도,2026-01-13 13:16:38.269463,2026-01-13 13:16:38.269466,f
4637,두모동,4831010300,경상남도,2026-01-13 13:16:38.277201,2026-01-13 13:16:38.277206,f
4638,아양동,4831010400,경상남도,2026-01-13 13:16:38.285567,2026-01-13 13:16:38.285571,f
4639,아주동,4831010500,경상남도,2026-01-13 13:16:38.29059,2026-01-13 13:16:38.290593,f
4640,옥포동,4831010600,경상남도,2026-01-13 13:16:38.295906,2026-01-13 13:16:38.295914,f
4641,덕포동,4831010700,경상남도,2026-01-13 13:16:38.301024,2026-01-13 13:16:38.301026,f
4642,장평동,4831010800,경상남도,2026-01-13 13:16:38.306747,2026-01-13 13:16:38.30675,f
4643,고현동,4831010900,경상남도,2026-01-13 13:16:38.312345,2026-01-13 13:16:38.312347,f
4644,상동동,4831011000,경상남도,2026-01-13 13:16:38.318465,2026-01-13 13:16:38.318469,f
4645,문동동,4831011100,경상남도,2026-01-13 13:16:38.323391,2026-01-13 13:16:38.323393,f
4646,삼거동,4831011200,경상남도,2026-01-13 13:16:38.328318,2026-01-13 13:16:38.32832,f
4647,양정동,4831011300,경상남도,2026-01-13 13:16:38.333349,2026-01-13 13:16:38.333351,f
4648,수월동,4831011400,경상남도,2026-01-13 13:16:38.338874,2026-01-13 13:16:38.338878,f
4649,일운면,4831031000,경상남도,2026-01-13 13:16:38.343792,2026-01-13 13:16:38.343794,f
4650,망치리,4831031021,경상남도,2026-01-13 13:16:38.34787,2026-01-13 13:16:38.347875,f
4651,구조라리,4831031022,경상남도,2026-01-13 13:16:38.353908,2026-01-13 13:16:38.353912,f
4652,와현리,4831031023,경상남도,2026-01-13 13:16:38.359411,2026-01-13 13:16:38.359414,f
4653,지세포리,4831031024,경상남도,2026-01-13 13:16:38.364532,2026-01-13 13:16:38.364535,f
4654,소동리,4831031025,경상남도,2026-01-13 13:16:38.369078,2026-01-13 13:16:38.36908,f
4655,옥림리,4831031026,경상남도,2026-01-13 13:16:38.374261,2026-01-13 13:16:38.374264,f
4656,동부면,4831032000,경상남도,2026-01-13 13:16:38.379703,2026-01-13 13:16:38.379705,f
4657,산촌리,4831032021,경상남도,2026-01-13 13:16:38.384993,2026-01-13 13:16:38.384995,f
4658,산양리,4831032022,경상남도,2026-01-13 13:16:38.390181,2026-01-13 13:16:38.390184,f
4659,구천리,4831032023,경상남도,2026-01-13 13:16:38.396009,2026-01-13 13:16:38.396011,f
4660,부춘리,4831032024,경상남도,2026-01-13 13:16:38.401715,2026-01-13 13:16:38.401717,f
4661,오송리,4831032025,경상남도,2026-01-13 13:16:38.406275,2026-01-13 13:16:38.406277,f
4662,가배리,4831032026,경상남도,2026-01-13 13:16:38.411799,2026-01-13 13:16:38.411803,f
4663,율포리,4831032027,경상남도,2026-01-13 13:16:38.419575,2026-01-13 13:16:38.41958,f
4664,학동리,4831032028,경상남도,2026-01-13 13:16:38.427287,2026-01-13 13:16:38.427291,f
4665,남부면,4831033000,경상남도,2026-01-13 13:16:38.434655,2026-01-13 13:16:38.434658,f
4666,탑포리,4831033021,경상남도,2026-01-13 13:16:38.443162,2026-01-13 13:16:38.443169,f
4667,저구리,4831033022,경상남도,2026-01-13 13:16:38.452165,2026-01-13 13:16:38.452169,f
4668,다포리,4831033023,경상남도,2026-01-13 13:16:38.461673,2026-01-13 13:16:38.461678,f
4669,다대리,4831033024,경상남도,2026-01-13 13:16:38.470675,2026-01-13 13:16:38.47068,f
4670,갈곶리,4831033025,경상남도,2026-01-13 13:16:38.47796,2026-01-13 13:16:38.477965,f
4671,거제면,4831034000,경상남도,2026-01-13 13:16:38.484846,2026-01-13 13:16:38.484849,f
4672,법동리,4831034021,경상남도,2026-01-13 13:16:38.49457,2026-01-13 13:16:38.494579,f
4673,내간리,4831034023,경상남도,2026-01-13 13:16:38.504994,2026-01-13 13:16:38.504998,f
4674,외간리,4831034024,경상남도,2026-01-13 13:16:38.511427,2026-01-13 13:16:38.511431,f
4675,옥산리,4831034025,경상남도,2026-01-13 13:16:38.518599,2026-01-13 13:16:38.518602,f
4676,서정리,4831034026,경상남도,2026-01-13 13:16:38.524439,2026-01-13 13:16:38.524442,f
4677,서상리,4831034027,경상남도,2026-01-13 13:16:38.530883,2026-01-13 13:16:38.530888,f
4678,남동리,4831034028,경상남도,2026-01-13 13:16:38.537799,2026-01-13 13:16:38.537804,f
4679,동상리,4831034029,경상남도,2026-01-13 13:16:38.545105,2026-01-13 13:16:38.545109,f
4680,오수리,4831034030,경상남도,2026-01-13 13:16:38.550231,2026-01-13 13:16:38.550233,f
4681,명진리,4831034031,경상남도,2026-01-13 13:16:38.554968,2026-01-13 13:16:38.554972,f
4682,소랑리,4831034032,경상남도,2026-01-13 13:16:38.55985,2026-01-13 13:16:38.559854,f
4683,둔덕면,4831035000,경상남도,2026-01-13 13:16:38.568,2026-01-13 13:16:38.568004,f
4684,상둔리,4831035021,경상남도,2026-01-13 13:16:38.578012,2026-01-13 13:16:38.578022,f
4685,시목리,4831035022,경상남도,2026-01-13 13:16:38.5879,2026-01-13 13:16:38.587908,f
4686,거림리,4831035023,경상남도,2026-01-13 13:16:38.596272,2026-01-13 13:16:38.596275,f
4687,산방리,4831035024,경상남도,2026-01-13 13:16:38.6015,2026-01-13 13:16:38.601502,f
4688,방하리,4831035025,경상남도,2026-01-13 13:16:38.606747,2026-01-13 13:16:38.60675,f
4689,하둔리,4831035026,경상남도,2026-01-13 13:16:38.6115,2026-01-13 13:16:38.611502,f
4690,어구리,4831035027,경상남도,2026-01-13 13:16:38.616168,2026-01-13 13:16:38.616172,f
4691,술역리,4831035028,경상남도,2026-01-13 13:16:38.620792,2026-01-13 13:16:38.620795,f
4692,학산리,4831035029,경상남도,2026-01-13 13:16:38.628561,2026-01-13 13:16:38.628566,f
4693,사등면,4831036000,경상남도,2026-01-13 13:16:38.640112,2026-01-13 13:16:38.64012,f
4694,사곡리,4831036021,경상남도,2026-01-13 13:16:38.647044,2026-01-13 13:16:38.647047,f
4695,사등리,4831036022,경상남도,2026-01-13 13:16:38.652683,2026-01-13 13:16:38.652695,f
4696,성포리,4831036023,경상남도,2026-01-13 13:16:38.658164,2026-01-13 13:16:38.658167,f
4697,지석리,4831036024,경상남도,2026-01-13 13:16:38.66349,2026-01-13 13:16:38.663492,f
4698,청곡리,4831036025,경상남도,2026-01-13 13:16:38.668934,2026-01-13 13:16:38.668937,f
4699,오량리,4831036026,경상남도,2026-01-13 13:16:38.675576,2026-01-13 13:16:38.675579,f
4700,덕호리,4831036027,경상남도,2026-01-13 13:16:38.68305,2026-01-13 13:16:38.683055,f
4701,창호리,4831036028,경상남도,2026-01-13 13:16:38.689207,2026-01-13 13:16:38.68921,f
4702,연초면,4831037000,경상남도,2026-01-13 13:16:38.694157,2026-01-13 13:16:38.694159,f
4703,한내리,4831037021,경상남도,2026-01-13 13:16:38.699321,2026-01-13 13:16:38.699323,f
4704,오비리,4831037022,경상남도,2026-01-13 13:16:38.703864,2026-01-13 13:16:38.703867,f
4705,연사리,4831037023,경상남도,2026-01-13 13:16:38.708621,2026-01-13 13:16:38.708625,f
4706,죽토리,4831037024,경상남도,2026-01-13 13:16:38.713059,2026-01-13 13:16:38.713063,f
4707,다공리,4831037025,경상남도,2026-01-13 13:16:38.717857,2026-01-13 13:16:38.717859,f
4708,덕치리,4831037026,경상남도,2026-01-13 13:16:38.722461,2026-01-13 13:16:38.722463,f
4709,명동리,4831037027,경상남도,2026-01-13 13:16:38.726621,2026-01-13 13:16:38.726623,f
4710,이목리,4831037028,경상남도,2026-01-13 13:16:38.730588,2026-01-13 13:16:38.730591,f
4711,천곡리,4831037029,경상남도,2026-01-13 13:16:38.734917,2026-01-13 13:16:38.734919,f
4712,송정리,4831037030,경상남도,2026-01-13 13:16:38.739859,2026-01-13 13:16:38.739862,f
4713,하청면,4831038000,경상남도,2026-01-13 13:16:38.744184,2026-01-13 13:16:38.744186,f
4714,석포리,4831038021,경상남도,2026-01-13 13:16:38.748195,2026-01-13 13:16:38.748198,f
4715,덕곡리,4831038022,경상남도,2026-01-13 13:16:38.752981,2026-01-13 13:16:38.752985,f
4716,유계리,4831038023,경상남도,2026-01-13 13:16:38.757537,2026-01-13 13:16:38.757539,f
4717,하청리,4831038024,경상남도,2026-01-13 13:16:38.761434,2026-01-13 13:16:38.761436,f
4718,실전리,4831038025,경상남도,2026-01-13 13:16:38.765411,2026-01-13 13:16:38.765412,f
4719,어온리,4831038026,경상남도,2026-01-13 13:16:38.769501,2026-01-13 13:16:38.769504,f
4720,대곡리,4831038027,경상남도,2026-01-13 13:16:38.773616,2026-01-13 13:16:38.773618,f
4721,연구리,4831038028,경상남도,2026-01-13 13:16:38.778754,2026-01-13 13:16:38.778756,f
4722,장목면,4831039000,경상남도,2026-01-13 13:16:38.78302,2026-01-13 13:16:38.783021,f
4723,구영리,4831039021,경상남도,2026-01-13 13:16:38.787104,2026-01-13 13:16:38.787107,f
4724,유호리,4831039022,경상남도,2026-01-13 13:16:38.791241,2026-01-13 13:16:38.791244,f
4725,농소리,4831039023,경상남도,2026-01-13 13:16:38.79554,2026-01-13 13:16:38.795545,f
4726,송진포리,4831039024,경상남도,2026-01-13 13:16:38.800785,2026-01-13 13:16:38.800787,f
4727,관포리,4831039025,경상남도,2026-01-13 13:16:38.804906,2026-01-13 13:16:38.804907,f
4728,장목리,4831039026,경상남도,2026-01-13 13:16:38.808663,2026-01-13 13:16:38.808665,f
4729,율천리,4831039027,경상남도,2026-01-13 13:16:38.812519,2026-01-13 13:16:38.812521,f
4730,대금리,4831039028,경상남도,2026-01-13 13:16:38.816671,2026-01-13 13:16:38.816674,f
4731,외포리,4831039029,경상남도,2026-01-13 13:16:38.821978,2026-01-13 13:16:38.82198,f
4732,시방리,4831039030,경상남도,2026-01-13 13:16:38.825982,2026-01-13 13:16:38.825984,f
4733,양산시,4833000000,경상남도,2026-01-13 13:16:38.829865,2026-01-13 13:16:38.829868,f
4734,다방동,4833010100,경상남도,2026-01-13 13:16:38.834384,2026-01-13 13:16:38.834387,f
4735,남부동,4833010200,경상남도,2026-01-13 13:16:38.839064,2026-01-13 13:16:38.839066,f
4736,중부동,4833010300,경상남도,2026-01-13 13:16:38.843744,2026-01-13 13:16:38.843746,f
4737,북부동,4833010400,경상남도,2026-01-13 13:16:38.847569,2026-01-13 13:16:38.847571,f
4738,명곡동,4833010500,경상남도,2026-01-13 13:16:38.851913,2026-01-13 13:16:38.851914,f
4739,신기동,4833010600,경상남도,2026-01-13 13:16:38.856206,2026-01-13 13:16:38.856209,f
4740,북정동,4833010700,경상남도,2026-01-13 13:16:38.860704,2026-01-13 13:16:38.860706,f
4741,산막동,4833010800,경상남도,2026-01-13 13:16:38.865161,2026-01-13 13:16:38.865163,f
4742,호계동,4833010900,경상남도,2026-01-13 13:16:38.868864,2026-01-13 13:16:38.868866,f
4743,교동,4833011000,경상남도,2026-01-13 13:16:38.873028,2026-01-13 13:16:38.873031,f
4744,유산동,4833011100,경상남도,2026-01-13 13:16:38.877437,2026-01-13 13:16:38.877439,f
4745,어곡동,4833011200,경상남도,2026-01-13 13:16:38.883235,2026-01-13 13:16:38.883238,f
4746,용당동,4833011300,경상남도,2026-01-13 13:16:38.888898,2026-01-13 13:16:38.8889,f
4747,삼호동,4833011400,경상남도,2026-01-13 13:16:38.894827,2026-01-13 13:16:38.894829,f
4748,명동,4833011500,경상남도,2026-01-13 13:16:38.900771,2026-01-13 13:16:38.900773,f
4749,주남동,4833011600,경상남도,2026-01-13 13:16:38.905307,2026-01-13 13:16:38.905309,f
4750,소주동,4833011700,경상남도,2026-01-13 13:16:38.910321,2026-01-13 13:16:38.910323,f
4751,주진동,4833011800,경상남도,2026-01-13 13:16:38.917757,2026-01-13 13:16:38.91776,f
4752,평산동,4833011900,경상남도,2026-01-13 13:16:38.922605,2026-01-13 13:16:38.922607,f
4753,덕계동,4833012000,경상남도,2026-01-13 13:16:38.927403,2026-01-13 13:16:38.927407,f
4754,영동리,4873036027,경상남도,2026-01-13 13:16:38.931619,2026-01-13 13:16:38.931622,f
4755,매곡동,4833012100,경상남도,2026-01-13 13:16:38.935914,2026-01-13 13:16:38.935915,f
4756,물금읍,4833025300,경상남도,2026-01-13 13:16:38.940775,2026-01-13 13:16:38.940778,f
4757,물금리,4833025321,경상남도,2026-01-13 13:16:38.945453,2026-01-13 13:16:38.945455,f
4758,증산리,4833025322,경상남도,2026-01-13 13:16:38.95094,2026-01-13 13:16:38.950942,f
4759,가촌리,4833025323,경상남도,2026-01-13 13:16:38.957306,2026-01-13 13:16:38.957309,f
4760,범어리,4833025324,경상남도,2026-01-13 13:16:38.962161,2026-01-13 13:16:38.962164,f
4761,동면,4833031000,경상남도,2026-01-13 13:16:38.966601,2026-01-13 13:16:38.966603,f
4762,개곡리,4833031021,경상남도,2026-01-13 13:16:38.972476,2026-01-13 13:16:38.972479,f
4763,법기리,4833031022,경상남도,2026-01-13 13:16:38.97859,2026-01-13 13:16:38.978592,f
4764,여락리,4833031023,경상남도,2026-01-13 13:16:38.984721,2026-01-13 13:16:38.984723,f
4765,사송리,4833031024,경상남도,2026-01-13 13:16:38.993676,2026-01-13 13:16:38.993737,f
4766,내송리,4833031025,경상남도,2026-01-13 13:16:39.009106,2026-01-13 13:16:39.009114,f
4767,석산리,4833031026,경상남도,2026-01-13 13:16:39.025443,2026-01-13 13:16:39.02545,f
4768,금산리,4833031027,경상남도,2026-01-13 13:16:39.032479,2026-01-13 13:16:39.032482,f
4769,가산리,4833031028,경상남도,2026-01-13 13:16:39.037479,2026-01-13 13:16:39.037482,f
4770,원동면,4833032000,경상남도,2026-01-13 13:16:39.042354,2026-01-13 13:16:39.042358,f
4771,원리,4833032021,경상남도,2026-01-13 13:16:39.046819,2026-01-13 13:16:39.046821,f
4772,용당리,4833032022,경상남도,2026-01-13 13:16:39.05195,2026-01-13 13:16:39.051953,f
4773,내포리,4833032023,경상남도,2026-01-13 13:16:39.056722,2026-01-13 13:16:39.056724,f
4774,영포리,4833032024,경상남도,2026-01-13 13:16:39.061559,2026-01-13 13:16:39.061562,f
4775,대리,4833032025,경상남도,2026-01-13 13:16:39.066011,2026-01-13 13:16:39.066013,f
4776,선리,4833032026,경상남도,2026-01-13 13:16:39.070788,2026-01-13 13:16:39.070792,f
4777,서룡리,4833032027,경상남도,2026-01-13 13:16:39.07602,2026-01-13 13:16:39.076023,f
4778,화제리,4833032028,경상남도,2026-01-13 13:16:39.081703,2026-01-13 13:16:39.081706,f
4779,상북면,4833033000,경상남도,2026-01-13 13:16:39.086568,2026-01-13 13:16:39.08657,f
4780,석계리,4833033021,경상남도,2026-01-13 13:16:39.090498,2026-01-13 13:16:39.0905,f
4781,대석리,4833033022,경상남도,2026-01-13 13:16:39.094976,2026-01-13 13:16:39.094979,f
4782,소토리,4833033023,경상남도,2026-01-13 13:16:39.101243,2026-01-13 13:16:39.101246,f
4783,소석리,4833033024,경상남도,2026-01-13 13:16:39.106611,2026-01-13 13:16:39.106613,f
4784,상삼리,4833033025,경상남도,2026-01-13 13:16:39.111267,2026-01-13 13:16:39.111268,f
4785,좌삼리,4833033026,경상남도,2026-01-13 13:16:39.120054,2026-01-13 13:16:39.12006,f
4786,내석리,4833033027,경상남도,2026-01-13 13:16:39.137002,2026-01-13 13:16:39.137013,f
4787,외석리,4833033028,경상남도,2026-01-13 13:16:39.14725,2026-01-13 13:16:39.147256,f
4788,신전리,4833033029,경상남도,2026-01-13 13:16:39.154551,2026-01-13 13:16:39.154556,f
4789,하북면,4833034000,경상남도,2026-01-13 13:16:39.159464,2026-01-13 13:16:39.159468,f
4790,순지리,4833034021,경상남도,2026-01-13 13:16:39.165802,2026-01-13 13:16:39.165805,f
4791,지산리,4833034022,경상남도,2026-01-13 13:16:39.171378,2026-01-13 13:16:39.17138,f
4792,초산리,4833034023,경상남도,2026-01-13 13:16:39.17601,2026-01-13 13:16:39.176013,f
4793,답곡리,4833034024,경상남도,2026-01-13 13:16:39.180154,2026-01-13 13:16:39.180157,f
4794,삼수리,4833034025,경상남도,2026-01-13 13:16:39.185291,2026-01-13 13:16:39.185293,f
4795,백록리,4833034026,경상남도,2026-01-13 13:16:39.189586,2026-01-13 13:16:39.189588,f
4796,삼감리,4833034027,경상남도,2026-01-13 13:16:39.194705,2026-01-13 13:16:39.194709,f
4797,용연리,4833034028,경상남도,2026-01-13 13:16:39.20009,2026-01-13 13:16:39.200093,f
4798,검단리,4873036025,경상남도,2026-01-13 13:16:39.204984,2026-01-13 13:16:39.204986,f
4799,가연리,4873036026,경상남도,2026-01-13 13:16:39.209063,2026-01-13 13:16:39.209095,f
4800,이령리,4873036023,경상남도,2026-01-13 13:16:39.213863,2026-01-13 13:16:39.213865,f
4801,봉촌리,4873036024,경상남도,2026-01-13 13:16:39.21827,2026-01-13 13:16:39.218273,f
4802,모곡리,4873038023,경상남도,2026-01-13 13:16:39.223399,2026-01-13 13:16:39.223402,f
4803,송정리,4873038024,경상남도,2026-01-13 13:16:39.228834,2026-01-13 13:16:39.228836,f
4804,의령군,4872000000,경상남도,2026-01-13 13:16:39.233602,2026-01-13 13:16:39.233605,f
4805,의령읍,4872025000,경상남도,2026-01-13 13:16:39.240481,2026-01-13 13:16:39.240486,f
4806,서동리,4872025021,경상남도,2026-01-13 13:16:39.251531,2026-01-13 13:16:39.251534,f
4807,중동리,4872025022,경상남도,2026-01-13 13:16:39.258431,2026-01-13 13:16:39.258434,f
4808,동동리,4872025023,경상남도,2026-01-13 13:16:39.263346,2026-01-13 13:16:39.263348,f
4809,무전리,4872025024,경상남도,2026-01-13 13:16:39.267908,2026-01-13 13:16:39.26791,f
4810,정암리,4872025025,경상남도,2026-01-13 13:16:39.2727,2026-01-13 13:16:39.272702,f
4811,만천리,4872025026,경상남도,2026-01-13 13:16:39.279469,2026-01-13 13:16:39.279472,f
4812,대산리,4872025027,경상남도,2026-01-13 13:16:39.287398,2026-01-13 13:16:39.287401,f
4813,상리,4872025028,경상남도,2026-01-13 13:16:39.292399,2026-01-13 13:16:39.292401,f
4814,중리,4872025029,경상남도,2026-01-13 13:16:39.296904,2026-01-13 13:16:39.296907,f
4815,하리,4872025030,경상남도,2026-01-13 13:16:39.302064,2026-01-13 13:16:39.30208,f
4816,가례면,4872031000,경상남도,2026-01-13 13:16:39.306437,2026-01-13 13:16:39.30644,f
4817,갑을리,4872031021,경상남도,2026-01-13 13:16:39.311704,2026-01-13 13:16:39.311708,f
4818,양성리,4872031022,경상남도,2026-01-13 13:16:39.317189,2026-01-13 13:16:39.317191,f
4819,개승리,4872031023,경상남도,2026-01-13 13:16:39.321601,2026-01-13 13:16:39.321604,f
4820,괴진리,4872031024,경상남도,2026-01-13 13:16:39.325572,2026-01-13 13:16:39.325574,f
4821,수성리,4872031025,경상남도,2026-01-13 13:16:39.329174,2026-01-13 13:16:39.329176,f
4822,가례리,4872031026,경상남도,2026-01-13 13:16:39.333381,2026-01-13 13:16:39.333385,f
4823,운암리,4872031027,경상남도,2026-01-13 13:16:39.337815,2026-01-13 13:16:39.337818,f
4824,대천리,4872031028,경상남도,2026-01-13 13:16:39.342375,2026-01-13 13:16:39.34238,f
4825,봉두리,4872031029,경상남도,2026-01-13 13:16:39.347942,2026-01-13 13:16:39.347945,f
4826,칠곡면,4872032000,경상남도,2026-01-13 13:16:39.352101,2026-01-13 13:16:39.352103,f
4827,외조리,4872032021,경상남도,2026-01-13 13:16:39.356341,2026-01-13 13:16:39.356344,f
4828,내조리,4872032022,경상남도,2026-01-13 13:16:39.362471,2026-01-13 13:16:39.362475,f
4829,신포리,4872032023,경상남도,2026-01-13 13:16:39.367256,2026-01-13 13:16:39.367258,f
4830,도산리,4872032024,경상남도,2026-01-13 13:16:39.371733,2026-01-13 13:16:39.371735,f
4831,산남리,4872032025,경상남도,2026-01-13 13:16:39.375881,2026-01-13 13:16:39.375884,f
4832,산북리,4872032026,경상남도,2026-01-13 13:16:39.380054,2026-01-13 13:16:39.380056,f
4833,대의면,4872033000,경상남도,2026-01-13 13:16:39.384806,2026-01-13 13:16:39.384808,f
4834,신전리,4872033021,경상남도,2026-01-13 13:16:39.3889,2026-01-13 13:16:39.388901,f
4835,행정리,4872033022,경상남도,2026-01-13 13:16:39.396127,2026-01-13 13:16:39.396133,f
4836,중촌리,4872033023,경상남도,2026-01-13 13:16:39.401283,2026-01-13 13:16:39.401287,f
4837,하촌리,4872033024,경상남도,2026-01-13 13:16:39.406003,2026-01-13 13:16:39.406005,f
4838,다사리,4872033025,경상남도,2026-01-13 13:16:39.409979,2026-01-13 13:16:39.409981,f
4839,마쌍리,4872033026,경상남도,2026-01-13 13:16:39.413935,2026-01-13 13:16:39.413939,f
4840,추산리,4872033027,경상남도,2026-01-13 13:16:39.418131,2026-01-13 13:16:39.418133,f
4841,심지리,4872033028,경상남도,2026-01-13 13:16:39.423202,2026-01-13 13:16:39.423205,f
4842,천곡리,4872033029,경상남도,2026-01-13 13:16:39.427338,2026-01-13 13:16:39.42734,f
4843,화정면,4872034000,경상남도,2026-01-13 13:16:39.431083,2026-01-13 13:16:39.431085,f
4844,가수리,4872034021,경상남도,2026-01-13 13:16:39.435894,2026-01-13 13:16:39.435897,f
4845,덕교리,4872034022,경상남도,2026-01-13 13:16:39.441086,2026-01-13 13:16:39.441089,f
4846,석천리,4872034023,경상남도,2026-01-13 13:16:39.446026,2026-01-13 13:16:39.446033,f
4847,상정리,4872034024,경상남도,2026-01-13 13:16:39.45037,2026-01-13 13:16:39.450372,f
4848,상일리,4872034025,경상남도,2026-01-13 13:16:39.454465,2026-01-13 13:16:39.454467,f
4849,상이리,4872034026,경상남도,2026-01-13 13:16:39.458611,2026-01-13 13:16:39.458614,f
4850,화양리,4872034027,경상남도,2026-01-13 13:16:39.465191,2026-01-13 13:16:39.465193,f
4851,용덕면,4872035000,경상남도,2026-01-13 13:16:39.469467,2026-01-13 13:16:39.46947,f
4852,산인면,4873038000,경상남도,2026-01-13 13:16:39.474051,2026-01-13 13:16:39.474054,f
4853,입곡리,4873038021,경상남도,2026-01-13 13:16:39.478977,2026-01-13 13:16:39.478979,f
4854,신산리,4873038022,경상남도,2026-01-13 13:16:39.487556,2026-01-13 13:16:39.487562,f
4855,이목리,4872035021,경상남도,2026-01-13 13:16:39.494009,2026-01-13 13:16:39.494015,f
4856,가미리,4872035022,경상남도,2026-01-13 13:16:39.499595,2026-01-13 13:16:39.4996,f
4857,와요리,4872035023,경상남도,2026-01-13 13:16:39.50597,2026-01-13 13:16:39.505972,f
4858,가락리,4872035024,경상남도,2026-01-13 13:16:39.510741,2026-01-13 13:16:39.510743,f
4859,죽전리,4872035025,경상남도,2026-01-13 13:16:39.515577,2026-01-13 13:16:39.515583,f
4860,신촌리,4872035026,경상남도,2026-01-13 13:16:39.522503,2026-01-13 13:16:39.522506,f
4861,교암리,4872035027,경상남도,2026-01-13 13:16:39.52821,2026-01-13 13:16:39.528214,f
4862,소상리,4872035028,경상남도,2026-01-13 13:16:39.533241,2026-01-13 13:16:39.533244,f
4863,정동리,4872035029,경상남도,2026-01-13 13:16:39.537838,2026-01-13 13:16:39.537841,f
4864,운곡리,4872035030,경상남도,2026-01-13 13:16:39.544238,2026-01-13 13:16:39.544241,f
4865,연리,4872035031,경상남도,2026-01-13 13:16:39.549111,2026-01-13 13:16:39.549114,f
4866,용소리,4872035032,경상남도,2026-01-13 13:16:39.553962,2026-01-13 13:16:39.553964,f
4867,정곡면,4872036000,경상남도,2026-01-13 13:16:39.55916,2026-01-13 13:16:39.559166,f
4868,중교리,4872036021,경상남도,2026-01-13 13:16:39.564311,2026-01-13 13:16:39.564314,f
4869,죽전리,4872036022,경상남도,2026-01-13 13:16:39.56851,2026-01-13 13:16:39.568512,f
4870,석곡리,4872036023,경상남도,2026-01-13 13:16:39.57258,2026-01-13 13:16:39.572581,f
4871,오방리,4872036024,경상남도,2026-01-13 13:16:39.576623,2026-01-13 13:16:39.576625,f
4872,상촌리,4872036025,경상남도,2026-01-13 13:16:39.58043,2026-01-13 13:16:39.580431,f
4873,성황리,4872036026,경상남도,2026-01-13 13:16:39.585193,2026-01-13 13:16:39.585195,f
4874,예둔리,4872036027,경상남도,2026-01-13 13:16:39.589524,2026-01-13 13:16:39.589527,f
4875,가현리,4872036028,경상남도,2026-01-13 13:16:39.594135,2026-01-13 13:16:39.594137,f
4876,백곡리,4872036029,경상남도,2026-01-13 13:16:39.598675,2026-01-13 13:16:39.59869,f
4877,적곡리,4872036030,경상남도,2026-01-13 13:16:39.603325,2026-01-13 13:16:39.603328,f
4878,지정면,4872037000,경상남도,2026-01-13 13:16:39.607528,2026-01-13 13:16:39.607531,f
4879,봉곡리,4872037021,경상남도,2026-01-13 13:16:39.612358,2026-01-13 13:16:39.61236,f
4880,오천리,4872037022,경상남도,2026-01-13 13:16:39.616567,2026-01-13 13:16:39.61657,f
4881,두곡리,4872037023,경상남도,2026-01-13 13:16:39.620567,2026-01-13 13:16:39.620571,f
4882,성산리,4872037024,경상남도,2026-01-13 13:16:39.625324,2026-01-13 13:16:39.625328,f
4883,유곡리,4872037025,경상남도,2026-01-13 13:16:39.629245,2026-01-13 13:16:39.629246,f
4884,태부리,4872037026,경상남도,2026-01-13 13:16:39.634373,2026-01-13 13:16:39.634377,f
4885,득소리,4872037027,경상남도,2026-01-13 13:16:39.639904,2026-01-13 13:16:39.639907,f
4886,백야리,4872037028,경상남도,2026-01-13 13:16:39.644527,2026-01-13 13:16:39.64453,f
4887,성당리,4872037029,경상남도,2026-01-13 13:16:39.648527,2026-01-13 13:16:39.648528,f
4888,마산리,4872037030,경상남도,2026-01-13 13:16:39.652309,2026-01-13 13:16:39.652311,f
4889,낙서면,4872038000,경상남도,2026-01-13 13:16:39.656558,2026-01-13 13:16:39.656561,f
4890,전화리,4872038021,경상남도,2026-01-13 13:16:39.66192,2026-01-13 13:16:39.661922,f
4891,율산리,4872038022,경상남도,2026-01-13 13:16:39.666907,2026-01-13 13:16:39.66691,f
4892,정곡리,4872038023,경상남도,2026-01-13 13:16:39.67112,2026-01-13 13:16:39.671122,f
4893,여의리,4872038024,경상남도,2026-01-13 13:16:39.675552,2026-01-13 13:16:39.675556,f
4894,내제리,4872038025,경상남도,2026-01-13 13:16:39.682622,2026-01-13 13:16:39.682626,f
4895,아근리,4872038026,경상남도,2026-01-13 13:16:39.690219,2026-01-13 13:16:39.690221,f
4896,부림면,4872039000,경상남도,2026-01-13 13:16:39.694497,2026-01-13 13:16:39.694499,f
4897,신반리,4872039021,경상남도,2026-01-13 13:16:39.698898,2026-01-13 13:16:39.6989,f
4898,막곡리,4872039022,경상남도,2026-01-13 13:16:39.70411,2026-01-13 13:16:39.704113,f
4899,입산리,4872039023,경상남도,2026-01-13 13:16:39.708236,2026-01-13 13:16:39.708237,f
4900,경산리,4872039024,경상남도,2026-01-13 13:16:39.713014,2026-01-13 13:16:39.713016,f
4901,손오리,4872039025,경상남도,2026-01-13 13:16:39.717786,2026-01-13 13:16:39.71779,f
4902,단원리,4872039026,경상남도,2026-01-13 13:16:39.722492,2026-01-13 13:16:39.722496,f
4903,대곡리,4872039027,경상남도,2026-01-13 13:16:39.726756,2026-01-13 13:16:39.726758,f
4904,여배리,4872039028,경상남도,2026-01-13 13:16:39.73082,2026-01-13 13:16:39.730822,f
4905,익구리,4872039029,경상남도,2026-01-13 13:16:39.73525,2026-01-13 13:16:39.735252,f
4906,감암리,4872039030,경상남도,2026-01-13 13:16:39.739809,2026-01-13 13:16:39.739812,f
4907,권혜리,4872039031,경상남도,2026-01-13 13:16:39.744895,2026-01-13 13:16:39.744897,f
4908,묵방리,4872039032,경상남도,2026-01-13 13:16:39.749274,2026-01-13 13:16:39.749277,f
4909,봉수면,4872040000,경상남도,2026-01-13 13:16:39.75405,2026-01-13 13:16:39.754053,f
4910,청계리,4872040021,경상남도,2026-01-13 13:16:39.759186,2026-01-13 13:16:39.759191,f
4911,서암리,4872040022,경상남도,2026-01-13 13:16:39.765609,2026-01-13 13:16:39.765612,f
4912,신현리,4872040023,경상남도,2026-01-13 13:16:39.769699,2026-01-13 13:16:39.769701,f
4913,죽전리,4872040024,경상남도,2026-01-13 13:16:39.77415,2026-01-13 13:16:39.774152,f
4914,삼가리,4872040025,경상남도,2026-01-13 13:16:39.778713,2026-01-13 13:16:39.778715,f
4915,서득리,4872040026,경상남도,2026-01-13 13:16:39.785229,2026-01-13 13:16:39.785231,f
4916,천락리,4872040027,경상남도,2026-01-13 13:16:39.789606,2026-01-13 13:16:39.789609,f
4917,궁류면,4872041500,경상남도,2026-01-13 13:16:39.794214,2026-01-13 13:16:39.794217,f
4918,평촌리,4872041521,경상남도,2026-01-13 13:16:39.79888,2026-01-13 13:16:39.798883,f
4919,벽계리,4872041522,경상남도,2026-01-13 13:16:39.803689,2026-01-13 13:16:39.803692,f
4920,운계리,4872041523,경상남도,2026-01-13 13:16:39.810249,2026-01-13 13:16:39.810251,f
4921,압곡리,4872041524,경상남도,2026-01-13 13:16:39.814257,2026-01-13 13:16:39.81426,f
4922,토곡리,4872041525,경상남도,2026-01-13 13:16:39.818215,2026-01-13 13:16:39.818216,f
4923,계현리,4872041526,경상남도,2026-01-13 13:16:39.822941,2026-01-13 13:16:39.822944,f
4924,다현리,4872041527,경상남도,2026-01-13 13:16:39.827813,2026-01-13 13:16:39.827816,f
4925,유곡면,4872042000,경상남도,2026-01-13 13:16:39.832355,2026-01-13 13:16:39.83236,f
4926,상촌리,4872042021,경상남도,2026-01-13 13:16:39.837469,2026-01-13 13:16:39.837473,f
4927,상곡리,4872042022,경상남도,2026-01-13 13:16:39.843931,2026-01-13 13:16:39.843934,f
4928,오목리,4872042023,경상남도,2026-01-13 13:16:39.850183,2026-01-13 13:16:39.850186,f
4929,신촌리,4872042024,경상남도,2026-01-13 13:16:39.854724,2026-01-13 13:16:39.854726,f
4930,송산리,4872042025,경상남도,2026-01-13 13:16:39.85859,2026-01-13 13:16:39.858593,f
4931,마두리,4872042026,경상남도,2026-01-13 13:16:39.863411,2026-01-13 13:16:39.863413,f
4932,칠곡리,4872042027,경상남도,2026-01-13 13:16:39.872167,2026-01-13 13:16:39.872173,f
4933,마장리,4872042028,경상남도,2026-01-13 13:16:39.883624,2026-01-13 13:16:39.883627,f
4934,당동리,4872042029,경상남도,2026-01-13 13:16:39.893889,2026-01-13 13:16:39.893894,f
4935,덕천리,4872042030,경상남도,2026-01-13 13:16:39.900196,2026-01-13 13:16:39.900198,f
4936,세간리,4872042031,경상남도,2026-01-13 13:16:39.905295,2026-01-13 13:16:39.905299,f
4937,함안군,4873000000,경상남도,2026-01-13 13:16:39.910335,2026-01-13 13:16:39.910337,f
4938,가야읍,4873025000,경상남도,2026-01-13 13:16:39.914426,2026-01-13 13:16:39.91443,f
4939,말산리,4873025021,경상남도,2026-01-13 13:16:39.919357,2026-01-13 13:16:39.91936,f
4940,검암리,4873025022,경상남도,2026-01-13 13:16:39.923692,2026-01-13 13:16:39.923693,f
4941,광정리,4873025023,경상남도,2026-01-13 13:16:39.9279,2026-01-13 13:16:39.927902,f
4942,도항리,4873025024,경상남도,2026-01-13 13:16:39.932436,2026-01-13 13:16:39.932438,f
4943,신음리,4873025025,경상남도,2026-01-13 13:16:39.936244,2026-01-13 13:16:39.936247,f
4944,혈곡리,4873025026,경상남도,2026-01-13 13:16:39.940437,2026-01-13 13:16:39.94044,f
4945,춘곡리,4873025027,경상남도,2026-01-13 13:16:39.945959,2026-01-13 13:16:39.945961,f
4946,사내리,4873025028,경상남도,2026-01-13 13:16:39.950519,2026-01-13 13:16:39.950522,f
4947,가야리,4873025029,경상남도,2026-01-13 13:16:39.95735,2026-01-13 13:16:39.957356,f
4948,묘사리,4873025030,경상남도,2026-01-13 13:16:39.962924,2026-01-13 13:16:39.962927,f
4949,산서리,4873025031,경상남도,2026-01-13 13:16:39.968296,2026-01-13 13:16:39.968298,f
4950,칠원읍,4873025300,경상남도,2026-01-13 13:16:39.973259,2026-01-13 13:16:39.973261,f
4951,구성리,4873025321,경상남도,2026-01-13 13:16:39.979511,2026-01-13 13:16:39.979514,f
4952,용산리,4873025322,경상남도,2026-01-13 13:16:39.985095,2026-01-13 13:16:39.985098,f
4953,유원리,4873025323,경상남도,2026-01-13 13:16:39.994315,2026-01-13 13:16:39.994322,f
4954,장암리,4873025324,경상남도,2026-01-13 13:16:40.005977,2026-01-13 13:16:40.00598,f
4955,오곡리,4873025325,경상남도,2026-01-13 13:16:40.014503,2026-01-13 13:16:40.014506,f
4956,예곡리,4873025326,경상남도,2026-01-13 13:16:40.020234,2026-01-13 13:16:40.020238,f
4957,용정리,4873025327,경상남도,2026-01-13 13:16:40.029046,2026-01-13 13:16:40.029049,f
4958,무기리,4873025328,경상남도,2026-01-13 13:16:40.035286,2026-01-13 13:16:40.035288,f
4959,운서리,4873025329,경상남도,2026-01-13 13:16:40.04112,2026-01-13 13:16:40.041123,f
4960,운곡리,4873025330,경상남도,2026-01-13 13:16:40.046276,2026-01-13 13:16:40.046278,f
4961,함안면,4873031000,경상남도,2026-01-13 13:16:40.050432,2026-01-13 13:16:40.050434,f
4962,봉성리,4873031021,경상남도,2026-01-13 13:16:40.055185,2026-01-13 13:16:40.055187,f
4963,북촌리,4873031022,경상남도,2026-01-13 13:16:40.061357,2026-01-13 13:16:40.06136,f
4964,괴산리,4873031023,경상남도,2026-01-13 13:16:40.066467,2026-01-13 13:16:40.066469,f
4965,대산리,4873031024,경상남도,2026-01-13 13:16:40.070645,2026-01-13 13:16:40.070647,f
4966,강명리,4873031025,경상남도,2026-01-13 13:16:40.075436,2026-01-13 13:16:40.075439,f
4967,파수리,4873031026,경상남도,2026-01-13 13:16:40.081897,2026-01-13 13:16:40.081899,f
4968,군북면,4873032000,경상남도,2026-01-13 13:16:40.086384,2026-01-13 13:16:40.086387,f
4969,덕대리,4873032021,경상남도,2026-01-13 13:16:40.090345,2026-01-13 13:16:40.090347,f
4970,중암리,4873032022,경상남도,2026-01-13 13:16:40.09462,2026-01-13 13:16:40.094622,f
4971,소포리,4873032023,경상남도,2026-01-13 13:16:40.098685,2026-01-13 13:16:40.098689,f
4972,동촌리,4873032024,경상남도,2026-01-13 13:16:40.104483,2026-01-13 13:16:40.104486,f
4973,사촌리,4873032025,경상남도,2026-01-13 13:16:40.110443,2026-01-13 13:16:40.110447,f
4974,오곡리,4873032026,경상남도,2026-01-13 13:16:40.11906,2026-01-13 13:16:40.119064,f
4975,명관리,4873032027,경상남도,2026-01-13 13:16:40.127951,2026-01-13 13:16:40.127953,f
4976,모로리,4873032028,경상남도,2026-01-13 13:16:40.13361,2026-01-13 13:16:40.133614,f
4977,사도리,4873032029,경상남도,2026-01-13 13:16:40.143285,2026-01-13 13:16:40.143293,f
4978,장지리,4873032030,경상남도,2026-01-13 13:16:40.152362,2026-01-13 13:16:40.152365,f
4979,유현리,4873032031,경상남도,2026-01-13 13:16:40.157354,2026-01-13 13:16:40.157356,f
4980,월촌리,4873032032,경상남도,2026-01-13 13:16:40.16201,2026-01-13 13:16:40.162013,f
4981,박곡리,4873032033,경상남도,2026-01-13 13:16:40.167229,2026-01-13 13:16:40.167233,f
4982,수곡리,4873032034,경상남도,2026-01-13 13:16:40.172892,2026-01-13 13:16:40.172894,f
4983,영운리,4873032035,경상남도,2026-01-13 13:16:40.177017,2026-01-13 13:16:40.17702,f
4984,하림리,4873032036,경상남도,2026-01-13 13:16:40.18099,2026-01-13 13:16:40.180993,f
4985,원북리,4873032037,경상남도,2026-01-13 13:16:40.186999,2026-01-13 13:16:40.187004,f
4986,법수면,4873033000,경상남도,2026-01-13 13:16:40.191319,2026-01-13 13:16:40.191321,f
4987,강주리,4873033021,경상남도,2026-01-13 13:16:40.195745,2026-01-13 13:16:40.195748,f
4988,우거리,4873033022,경상남도,2026-01-13 13:16:40.206756,2026-01-13 13:16:40.206761,f
4989,윤내리,4873033023,경상남도,2026-01-13 13:16:40.215529,2026-01-13 13:16:40.215534,f
4990,윤외리,4873033024,경상남도,2026-01-13 13:16:40.220768,2026-01-13 13:16:40.22077,f
4991,주물리,4873033025,경상남도,2026-01-13 13:16:40.225558,2026-01-13 13:16:40.225561,f
4992,대송리,4873033026,경상남도,2026-01-13 13:16:40.229828,2026-01-13 13:16:40.22983,f
4993,백산리,4873033027,경상남도,2026-01-13 13:16:40.233829,2026-01-13 13:16:40.233833,f
4994,사정리,4873033028,경상남도,2026-01-13 13:16:40.238899,2026-01-13 13:16:40.238903,f
4995,황사리,4873033029,경상남도,2026-01-13 13:16:40.243426,2026-01-13 13:16:40.243429,f
4996,대산면,4873034000,경상남도,2026-01-13 13:16:40.247142,2026-01-13 13:16:40.247144,f
4997,부목리,4873034021,경상남도,2026-01-13 13:16:40.251105,2026-01-13 13:16:40.251108,f
4998,대사리,4873034022,경상남도,2026-01-13 13:16:40.255462,2026-01-13 13:16:40.255464,f
4999,평림리,4873034023,경상남도,2026-01-13 13:16:40.260432,2026-01-13 13:16:40.260436,f
5000,옥렬리,4873034024,경상남도,2026-01-13 13:16:40.265474,2026-01-13 13:16:40.265476,f
5001,하기리,4873034025,경상남도,2026-01-13 13:16:40.269661,2026-01-13 13:16:40.269663,f
5002,서촌리,4873034026,경상남도,2026-01-13 13:16:40.27435,2026-01-13 13:16:40.274354,f
5003,구혜리,4873034027,경상남도,2026-01-13 13:16:40.278846,2026-01-13 13:16:40.278848,f
5004,장암리,4873034028,경상남도,2026-01-13 13:16:40.283579,2026-01-13 13:16:40.283581,f
5005,칠서면,4873035000,경상남도,2026-01-13 13:16:40.288168,2026-01-13 13:16:40.28817,f
5006,회산리,4873035021,경상남도,2026-01-13 13:16:40.2921,2026-01-13 13:16:40.292109,f
5007,무릉리,4873035022,경상남도,2026-01-13 13:16:40.296629,2026-01-13 13:16:40.296632,f
5008,구포리,4873035023,경상남도,2026-01-13 13:16:40.300989,2026-01-13 13:16:40.300993,f
5009,태곡리,4873035025,경상남도,2026-01-13 13:16:40.306059,2026-01-13 13:16:40.306062,f
5010,대치리,4873035026,경상남도,2026-01-13 13:16:40.311885,2026-01-13 13:16:40.311887,f
5011,계내리,4873035027,경상남도,2026-01-13 13:16:40.318525,2026-01-13 13:16:40.318528,f
5012,용성리,4873035028,경상남도,2026-01-13 13:16:40.32347,2026-01-13 13:16:40.323472,f
5013,이룡리,4873035029,경상남도,2026-01-13 13:16:40.32766,2026-01-13 13:16:40.327662,f
5014,청계리,4873035030,경상남도,2026-01-13 13:16:40.332729,2026-01-13 13:16:40.332732,f
5015,칠북면,4873036000,경상남도,2026-01-13 13:16:40.338838,2026-01-13 13:16:40.338842,f
5016,화천리,4873036021,경상남도,2026-01-13 13:16:40.346061,2026-01-13 13:16:40.346064,f
5017,덕남리,4873036022,경상남도,2026-01-13 13:16:40.350245,2026-01-13 13:16:40.350249,f
5018,창녕읍,4874025000,경상남도,2026-01-13 13:16:40.354385,2026-01-13 13:16:40.354388,f
5019,송현리,4874025021,경상남도,2026-01-13 13:16:40.359241,2026-01-13 13:16:40.359244,f
5020,교리,4874025022,경상남도,2026-01-13 13:16:40.364285,2026-01-13 13:16:40.36429,f
5021,말흘리,4874025023,경상남도,2026-01-13 13:16:40.368626,2026-01-13 13:16:40.368628,f
5022,교상리,4874025024,경상남도,2026-01-13 13:16:40.3726,2026-01-13 13:16:40.372602,f
5023,술정리,4874025025,경상남도,2026-01-13 13:16:40.377139,2026-01-13 13:16:40.377141,f
5024,직교리,4874025026,경상남도,2026-01-13 13:16:40.382997,2026-01-13 13:16:40.383,f
5025,조산리,4874025027,경상남도,2026-01-13 13:16:40.388589,2026-01-13 13:16:40.388591,f
5026,도야리,4874025028,경상남도,2026-01-13 13:16:40.3929,2026-01-13 13:16:40.392902,f
5027,하리,4874025029,경상남도,2026-01-13 13:16:40.39735,2026-01-13 13:16:40.397354,f
5028,퇴천리,4874025030,경상남도,2026-01-13 13:16:40.402147,2026-01-13 13:16:40.402149,f
5029,탐하리,4874025031,경상남도,2026-01-13 13:16:40.406475,2026-01-13 13:16:40.406477,f
5030,신촌리,4874025032,경상남도,2026-01-13 13:16:40.411204,2026-01-13 13:16:40.411207,f
5031,용석리,4874025033,경상남도,2026-01-13 13:16:40.415195,2026-01-13 13:16:40.415198,f
5032,외부리,4874025034,경상남도,2026-01-13 13:16:40.419223,2026-01-13 13:16:40.419225,f
5033,옥천리,4874025035,경상남도,2026-01-13 13:16:40.42513,2026-01-13 13:16:40.425133,f
5034,여초리,4874025036,경상남도,2026-01-13 13:16:40.429594,2026-01-13 13:16:40.429597,f
5035,교하리,4874025037,경상남도,2026-01-13 13:16:40.434196,2026-01-13 13:16:40.434198,f
5036,남지읍,4874025300,경상남도,2026-01-13 13:16:40.441271,2026-01-13 13:16:40.441278,f
5037,남지리,4874025321,경상남도,2026-01-13 13:16:40.449409,2026-01-13 13:16:40.449412,f
5038,마산리,4874025322,경상남도,2026-01-13 13:16:40.45462,2026-01-13 13:16:40.454622,f
5039,학계리,4874025323,경상남도,2026-01-13 13:16:40.459645,2026-01-13 13:16:40.459648,f
5040,용산리,4874025324,경상남도,2026-01-13 13:16:40.464961,2026-01-13 13:16:40.464965,f
5041,신전리,4874025325,경상남도,2026-01-13 13:16:40.470766,2026-01-13 13:16:40.47077,f
5042,성사리,4874025326,경상남도,2026-01-13 13:16:40.480776,2026-01-13 13:16:40.480783,f
5043,아지리,4874025327,경상남도,2026-01-13 13:16:40.491806,2026-01-13 13:16:40.491815,f
5044,고곡리,4874025328,경상남도,2026-01-13 13:16:40.500842,2026-01-13 13:16:40.500846,f
5045,수개리,4874025329,경상남도,2026-01-13 13:16:40.511474,2026-01-13 13:16:40.51148,f
5046,시남리,4874025330,경상남도,2026-01-13 13:16:40.519927,2026-01-13 13:16:40.519932,f
5047,칠현리,4874025331,경상남도,2026-01-13 13:16:40.527476,2026-01-13 13:16:40.527483,f
5048,반포리,4874025332,경상남도,2026-01-13 13:16:40.534448,2026-01-13 13:16:40.53445,f
5049,대곡리,4874025333,경상남도,2026-01-13 13:16:40.539407,2026-01-13 13:16:40.539409,f
5050,월하리,4874025334,경상남도,2026-01-13 13:16:40.545441,2026-01-13 13:16:40.545444,f
5051,고암면,4874031000,경상남도,2026-01-13 13:16:40.550571,2026-01-13 13:16:40.550573,f
5052,중대리,4874031021,경상남도,2026-01-13 13:16:40.556112,2026-01-13 13:16:40.556114,f
5053,억만리,4874031022,경상남도,2026-01-13 13:16:40.561794,2026-01-13 13:16:40.561796,f
5054,원촌리,4874031023,경상남도,2026-01-13 13:16:40.566295,2026-01-13 13:16:40.566298,f
5055,대암리,4874031024,경상남도,2026-01-13 13:16:40.571206,2026-01-13 13:16:40.571212,f
5056,간상리,4874031025,경상남도,2026-01-13 13:16:40.577066,2026-01-13 13:16:40.57708,f
5057,우천리,4874031026,경상남도,2026-01-13 13:16:40.583111,2026-01-13 13:16:40.583116,f
5058,계상리,4874031027,경상남도,2026-01-13 13:16:40.58892,2026-01-13 13:16:40.588923,f
5059,감리,4874031028,경상남도,2026-01-13 13:16:40.596128,2026-01-13 13:16:40.59613,f
5060,성산면,4874032000,경상남도,2026-01-13 13:16:40.600939,2026-01-13 13:16:40.600941,f
5061,냉천리,4874032021,경상남도,2026-01-13 13:16:40.605622,2026-01-13 13:16:40.605625,f
5062,정녕리,4874032022,경상남도,2026-01-13 13:16:40.610104,2026-01-13 13:16:40.610113,f
5063,대견리,4874032023,경상남도,2026-01-13 13:16:40.614811,2026-01-13 13:16:40.614813,f
5064,후천리,4874032024,경상남도,2026-01-13 13:16:40.619443,2026-01-13 13:16:40.619446,f
5065,대산리,4874032025,경상남도,2026-01-13 13:16:40.62479,2026-01-13 13:16:40.624792,f
5066,연당리,4874032026,경상남도,2026-01-13 13:16:40.629344,2026-01-13 13:16:40.629347,f
5067,운봉리,4874032027,경상남도,2026-01-13 13:16:40.633662,2026-01-13 13:16:40.633664,f
5068,방리,4874032028,경상남도,2026-01-13 13:16:40.638775,2026-01-13 13:16:40.638777,f
5069,가복리,4874032029,경상남도,2026-01-13 13:16:40.643193,2026-01-13 13:16:40.643195,f
5070,대합면,4874033000,경상남도,2026-01-13 13:16:40.647301,2026-01-13 13:16:40.647306,f
5071,십이리,4874033021,경상남도,2026-01-13 13:16:40.651894,2026-01-13 13:16:40.651895,f
5072,등지리,4874033022,경상남도,2026-01-13 13:16:40.656277,2026-01-13 13:16:40.656279,f
5073,장기리,4874033023,경상남도,2026-01-13 13:16:40.661638,2026-01-13 13:16:40.661642,f
5074,모전리,4874033024,경상남도,2026-01-13 13:16:40.666423,2026-01-13 13:16:40.666426,f
5075,소야리,4874033025,경상남도,2026-01-13 13:16:40.671939,2026-01-13 13:16:40.671942,f
5076,주매리,4874033026,경상남도,2026-01-13 13:16:40.678258,2026-01-13 13:16:40.678261,f
5077,퇴산리,4874033027,경상남도,2026-01-13 13:16:40.684934,2026-01-13 13:16:40.684938,f
5078,신당리,4874033028,경상남도,2026-01-13 13:16:40.689349,2026-01-13 13:16:40.689351,f
5079,평지리,4874033029,경상남도,2026-01-13 13:16:40.693429,2026-01-13 13:16:40.693431,f
5080,도개리,4874033030,경상남도,2026-01-13 13:16:40.697251,2026-01-13 13:16:40.697253,f
5081,내울리,4874033031,경상남도,2026-01-13 13:16:40.702707,2026-01-13 13:16:40.702709,f
5082,목단리,4874033032,경상남도,2026-01-13 13:16:40.70835,2026-01-13 13:16:40.708352,f
5083,이방리,4874033033,경상남도,2026-01-13 13:16:40.713153,2026-01-13 13:16:40.713155,f
5084,대곡리,4874033034,경상남도,2026-01-13 13:16:40.717987,2026-01-13 13:16:40.717989,f
5085,대동리,4874033035,경상남도,2026-01-13 13:16:40.724706,2026-01-13 13:16:40.724708,f
5086,합리,4874033036,경상남도,2026-01-13 13:16:40.729644,2026-01-13 13:16:40.729646,f
5087,이방면,4874034000,경상남도,2026-01-13 13:16:40.733911,2026-01-13 13:16:40.733913,f
5088,안리,4874034021,경상남도,2026-01-13 13:16:40.738687,2026-01-13 13:16:40.738689,f
5089,동산리,4874034022,경상남도,2026-01-13 13:16:40.745538,2026-01-13 13:16:40.745542,f
5090,석리,4874034023,경상남도,2026-01-13 13:16:40.750091,2026-01-13 13:16:40.750094,f
5091,현창리,4874034024,경상남도,2026-01-13 13:16:40.754913,2026-01-13 13:16:40.754915,f
5092,성산리,4874034025,경상남도,2026-01-13 13:16:40.760009,2026-01-13 13:16:40.760011,f
5093,상리,4874034026,경상남도,2026-01-13 13:16:40.76472,2026-01-13 13:16:40.764723,f
5094,모곡리,4874034027,경상남도,2026-01-13 13:16:40.768604,2026-01-13 13:16:40.768606,f
5095,옥천리,4874034028,경상남도,2026-01-13 13:16:40.772702,2026-01-13 13:16:40.772704,f
5096,초곡리,4874034029,경상남도,2026-01-13 13:16:40.77718,2026-01-13 13:16:40.777182,f
5097,거남리,4874034030,경상남도,2026-01-13 13:16:40.781832,2026-01-13 13:16:40.781838,f
5098,송곡리,4874034031,경상남도,2026-01-13 13:16:40.786886,2026-01-13 13:16:40.78689,f
5099,장천리,4874034032,경상남도,2026-01-13 13:16:40.791164,2026-01-13 13:16:40.791166,f
5100,등림리,4874034033,경상남도,2026-01-13 13:16:40.795745,2026-01-13 13:16:40.795747,f
5101,유어면,4874035000,경상남도,2026-01-13 13:16:40.800357,2026-01-13 13:16:40.800361,f
5102,부곡리,4874035021,경상남도,2026-01-13 13:16:40.804992,2026-01-13 13:16:40.804994,f
5103,미구리,4874035022,경상남도,2026-01-13 13:16:40.809031,2026-01-13 13:16:40.809034,f
5104,가항리,4874035023,경상남도,2026-01-13 13:16:40.813328,2026-01-13 13:16:40.813329,f
5105,세진리,4874035024,경상남도,2026-01-13 13:16:40.817438,2026-01-13 13:16:40.81744,f
5106,대대리,4874035025,경상남도,2026-01-13 13:16:40.822696,2026-01-13 13:16:40.822698,f
5107,선소리,4874035026,경상남도,2026-01-13 13:16:40.827339,2026-01-13 13:16:40.827342,f
5108,진창리,4874035027,경상남도,2026-01-13 13:16:40.831449,2026-01-13 13:16:40.831452,f
5109,광산리,4874035028,경상남도,2026-01-13 13:16:40.836269,2026-01-13 13:16:40.836274,f
5110,풍조리,4874035029,경상남도,2026-01-13 13:16:40.84114,2026-01-13 13:16:40.841144,f
5111,대지면,4874036000,경상남도,2026-01-13 13:16:40.846384,2026-01-13 13:16:40.846387,f
5112,모산리,4874036021,경상남도,2026-01-13 13:16:40.851233,2026-01-13 13:16:40.851235,f
5113,왕산리,4874036022,경상남도,2026-01-13 13:16:40.855658,2026-01-13 13:16:40.855659,f
5114,석리,4874036023,경상남도,2026-01-13 13:16:40.860463,2026-01-13 13:16:40.860466,f
5115,창산리,4874036024,경상남도,2026-01-13 13:16:40.866565,2026-01-13 13:16:40.86657,f
5116,효정리,4874036025,경상남도,2026-01-13 13:16:40.871175,2026-01-13 13:16:40.871177,f
5117,본초리,4874036026,경상남도,2026-01-13 13:16:40.876147,2026-01-13 13:16:40.876152,f
5118,구미리,4874036027,경상남도,2026-01-13 13:16:40.883361,2026-01-13 13:16:40.883363,f
5119,용소리,4874036028,경상남도,2026-01-13 13:16:40.888,2026-01-13 13:16:40.888003,f
5120,계성면,4874037000,경상남도,2026-01-13 13:16:40.892169,2026-01-13 13:16:40.892172,f
5121,명리,4874037021,경상남도,2026-01-13 13:16:40.896057,2026-01-13 13:16:40.896059,f
5122,사리,4874037022,경상남도,2026-01-13 13:16:40.899959,2026-01-13 13:16:40.899961,f
5123,신당리,4874037023,경상남도,2026-01-13 13:16:40.90405,2026-01-13 13:16:40.904052,f
5124,계성리,4874037024,경상남도,2026-01-13 13:16:40.907907,2026-01-13 13:16:40.907908,f
5125,광계리,4874037025,경상남도,2026-01-13 13:16:40.911947,2026-01-13 13:16:40.911949,f
5126,봉산리,4874037026,경상남도,2026-01-13 13:16:40.916786,2026-01-13 13:16:40.916789,f
5127,영산면,4874038000,경상남도,2026-01-13 13:16:40.921175,2026-01-13 13:16:40.921177,f
5128,서리,4874038021,경상남도,2026-01-13 13:16:40.924997,2026-01-13 13:16:40.924999,f
5129,구계리,4874038022,경상남도,2026-01-13 13:16:40.928829,2026-01-13 13:16:40.92883,f
5130,교리,4874038023,경상남도,2026-01-13 13:16:40.932975,2026-01-13 13:16:40.932978,f
5131,성내리,4874038024,경상남도,2026-01-13 13:16:40.937236,2026-01-13 13:16:40.93724,f
5132,동리,4874038025,경상남도,2026-01-13 13:16:40.942277,2026-01-13 13:16:40.94228,f
5133,죽사리,4874038026,경상남도,2026-01-13 13:16:40.947761,2026-01-13 13:16:40.947765,f
5134,신제리,4874038027,경상남도,2026-01-13 13:16:40.95229,2026-01-13 13:16:40.952293,f
5135,월령리,4874038028,경상남도,2026-01-13 13:16:40.957331,2026-01-13 13:16:40.957334,f
5136,봉암리,4874038029,경상남도,2026-01-13 13:16:40.962085,2026-01-13 13:16:40.962087,f
5137,장마면,4874039000,경상남도,2026-01-13 13:16:40.96743,2026-01-13 13:16:40.967432,f
5138,강리,4874039021,경상남도,2026-01-13 13:16:40.973142,2026-01-13 13:16:40.973145,f
5139,유리,4874039022,경상남도,2026-01-13 13:16:40.978265,2026-01-13 13:16:40.978267,f
5140,장가리,4874039023,경상남도,2026-01-13 13:16:40.986152,2026-01-13 13:16:40.986156,f
5141,초곡리,4874039024,경상남도,2026-01-13 13:16:40.99884,2026-01-13 13:16:40.998848,f
5142,산지리,4874039025,경상남도,2026-01-13 13:16:41.011858,2026-01-13 13:16:41.011863,f
5143,신구리,4874039026,경상남도,2026-01-13 13:16:41.020542,2026-01-13 13:16:41.020552,f
5144,동정리,4874039027,경상남도,2026-01-13 13:16:41.028591,2026-01-13 13:16:41.028597,f
5145,대봉리,4874039028,경상남도,2026-01-13 13:16:41.033639,2026-01-13 13:16:41.033643,f
5146,도천면,4874040000,경상남도,2026-01-13 13:16:41.038284,2026-01-13 13:16:41.038286,f
5147,도천리,4874040021,경상남도,2026-01-13 13:16:41.044139,2026-01-13 13:16:41.044143,f
5148,일리,4874040022,경상남도,2026-01-13 13:16:41.048708,2026-01-13 13:16:41.04871,f
5149,덕곡리,4874040023,경상남도,2026-01-13 13:16:41.053683,2026-01-13 13:16:41.053689,f
5150,예리,4874040024,경상남도,2026-01-13 13:16:41.059127,2026-01-13 13:16:41.059133,f
5151,어만리,4874040025,경상남도,2026-01-13 13:16:41.06365,2026-01-13 13:16:41.063653,f
5152,논리,4874040026,경상남도,2026-01-13 13:16:41.068221,2026-01-13 13:16:41.068224,f
5153,우강리,4874040027,경상남도,2026-01-13 13:16:41.072247,2026-01-13 13:16:41.072251,f
5154,송진리,4874040028,경상남도,2026-01-13 13:16:41.076359,2026-01-13 13:16:41.076362,f
5155,길곡면,4874041000,경상남도,2026-01-13 13:16:41.082404,2026-01-13 13:16:41.08241,f
5156,증산리,4874041021,경상남도,2026-01-13 13:16:41.08798,2026-01-13 13:16:41.087982,f
5157,오호리,4874041022,경상남도,2026-01-13 13:16:41.091738,2026-01-13 13:16:41.091741,f
5158,길곡리,4874041023,경상남도,2026-01-13 13:16:41.104376,2026-01-13 13:16:41.104386,f
5159,마천리,4874041024,경상남도,2026-01-13 13:16:41.115498,2026-01-13 13:16:41.115509,f
5160,부곡면,4874042000,경상남도,2026-01-13 13:16:41.122924,2026-01-13 13:16:41.122926,f
5161,부곡리,4874042021,경상남도,2026-01-13 13:16:41.127469,2026-01-13 13:16:41.127471,f
5162,거문리,4874042022,경상남도,2026-01-13 13:16:41.133723,2026-01-13 13:16:41.133725,f
5163,사창리,4874042023,경상남도,2026-01-13 13:16:41.138745,2026-01-13 13:16:41.138747,f
5164,온정리,4874042024,경상남도,2026-01-13 13:16:41.143546,2026-01-13 13:16:41.143549,f
5165,청암리,4874042025,경상남도,2026-01-13 13:16:41.155425,2026-01-13 13:16:41.155432,f
5166,노리,4874042026,경상남도,2026-01-13 13:16:41.167644,2026-01-13 13:16:41.167654,f
5167,학포리,4874042027,경상남도,2026-01-13 13:16:41.176967,2026-01-13 13:16:41.176971,f
5168,구산리,4874042028,경상남도,2026-01-13 13:16:41.186822,2026-01-13 13:16:41.186829,f
5169,비봉리,4874042029,경상남도,2026-01-13 13:16:41.193934,2026-01-13 13:16:41.193937,f
5170,수다리,4874042030,경상남도,2026-01-13 13:16:41.198489,2026-01-13 13:16:41.198491,f
5171,법대리,4885041028,경상남도,2026-01-13 13:16:41.202507,2026-01-13 13:16:41.202509,f
5172,대곡리,4885041029,경상남도,2026-01-13 13:16:41.207131,2026-01-13 13:16:41.207134,f
5173,북방리,4885041030,경상남도,2026-01-13 13:16:41.212314,2026-01-13 13:16:41.212316,f
5174,문암리,4885041025,경상남도,2026-01-13 13:16:41.216624,2026-01-13 13:16:41.216626,f
5175,안계리,4885041026,경상남도,2026-01-13 13:16:41.221373,2026-01-13 13:16:41.221378,f
5176,병천리,4885041027,경상남도,2026-01-13 13:16:41.227154,2026-01-13 13:16:41.227158,f
5177,월횡리,4885041022,경상남도,2026-01-13 13:16:41.231883,2026-01-13 13:16:41.231888,f
5178,두양리,4885041023,경상남도,2026-01-13 13:16:41.23676,2026-01-13 13:16:41.236763,f
5179,종화리,4885041024,경상남도,2026-01-13 13:16:41.242092,2026-01-13 13:16:41.242095,f
5180,청룡리,4885041021,경상남도,2026-01-13 13:16:41.246856,2026-01-13 13:16:41.246857,f
5181,옥종면,4885041000,경상남도,2026-01-13 13:16:41.251378,2026-01-13 13:16:41.25138,f
5182,중이리,4885040023,경상남도,2026-01-13 13:16:41.256159,2026-01-13 13:16:41.256161,f
5183,상이리,4885040024,경상남도,2026-01-13 13:16:41.262424,2026-01-13 13:16:41.262429,f
5184,묵계리,4885040025,경상남도,2026-01-13 13:16:41.268204,2026-01-13 13:16:41.268208,f
5185,평촌리,4885040021,경상남도,2026-01-13 13:16:41.272827,2026-01-13 13:16:41.272829,f
5186,명호리,4885040022,경상남도,2026-01-13 13:16:41.277518,2026-01-13 13:16:41.277519,f
5187,서황리,4885039025,경상남도,2026-01-13 13:16:41.282499,2026-01-13 13:16:41.282504,f
5188,화정리,4885039026,경상남도,2026-01-13 13:16:41.286977,2026-01-13 13:16:41.28698,f
5189,청암면,4885040000,경상남도,2026-01-13 13:16:41.291624,2026-01-13 13:16:41.291627,f
5190,고성군,4882000000,경상남도,2026-01-13 13:16:41.296181,2026-01-13 13:16:41.296184,f
5191,고성읍,4882025000,경상남도,2026-01-13 13:16:41.300424,2026-01-13 13:16:41.300427,f
5192,성내리,4882025021,경상남도,2026-01-13 13:16:41.306185,2026-01-13 13:16:41.306188,f
5193,서외리,4882025022,경상남도,2026-01-13 13:16:41.310872,2026-01-13 13:16:41.310875,f
5194,수남리,4882025023,경상남도,2026-01-13 13:16:41.31518,2026-01-13 13:16:41.315183,f
5195,동외리,4882025024,경상남도,2026-01-13 13:16:41.319993,2026-01-13 13:16:41.319996,f
5196,송학리,4882025025,경상남도,2026-01-13 13:16:41.325094,2026-01-13 13:16:41.325097,f
5197,기월리,4882025026,경상남도,2026-01-13 13:16:41.329806,2026-01-13 13:16:41.329808,f
5198,교사리,4882025027,경상남도,2026-01-13 13:16:41.334384,2026-01-13 13:16:41.334386,f
5199,무량리,4882025028,경상남도,2026-01-13 13:16:41.338658,2026-01-13 13:16:41.33866,f
5200,덕선리,4882025029,경상남도,2026-01-13 13:16:41.342619,2026-01-13 13:16:41.342621,f
5201,대평리,4882025030,경상남도,2026-01-13 13:16:41.348224,2026-01-13 13:16:41.348227,f
5202,우산리,4882025031,경상남도,2026-01-13 13:16:41.352868,2026-01-13 13:16:41.35287,f
5203,죽계리,4882025032,경상남도,2026-01-13 13:16:41.35728,2026-01-13 13:16:41.357282,f
5204,율대리,4882025033,경상남도,2026-01-13 13:16:41.362245,2026-01-13 13:16:41.362248,f
5205,월평리,4882025034,경상남도,2026-01-13 13:16:41.366813,2026-01-13 13:16:41.366816,f
5206,신월리,4882025035,경상남도,2026-01-13 13:16:41.370853,2026-01-13 13:16:41.370855,f
5207,이당리,4882025036,경상남도,2026-01-13 13:16:41.374684,2026-01-13 13:16:41.374687,f
5208,대독리,4882025037,경상남도,2026-01-13 13:16:41.378715,2026-01-13 13:16:41.378717,f
5209,삼산면,4882031000,경상남도,2026-01-13 13:16:41.384418,2026-01-13 13:16:41.38442,f
5210,병산리,4882031021,경상남도,2026-01-13 13:16:41.389676,2026-01-13 13:16:41.389678,f
5211,두포리,4882031022,경상남도,2026-01-13 13:16:41.394041,2026-01-13 13:16:41.394043,f
5212,미룡리,4882031023,경상남도,2026-01-13 13:16:41.397979,2026-01-13 13:16:41.397981,f
5213,삼봉리,4882031024,경상남도,2026-01-13 13:16:41.402496,2026-01-13 13:16:41.4025,f
5214,장치리,4882031025,경상남도,2026-01-13 13:16:41.407544,2026-01-13 13:16:41.407546,f
5215,판곡리,4882031026,경상남도,2026-01-13 13:16:41.41169,2026-01-13 13:16:41.411691,f
5216,하일면,4882032000,경상남도,2026-01-13 13:16:41.415698,2026-01-13 13:16:41.415701,f
5217,학림리,4882032021,경상남도,2026-01-13 13:16:41.41951,2026-01-13 13:16:41.419512,f
5218,수양리,4882032022,경상남도,2026-01-13 13:16:41.42364,2026-01-13 13:16:41.423641,f
5219,용태리,4882032023,경상남도,2026-01-13 13:16:41.428275,2026-01-13 13:16:41.428277,f
5220,송천리,4882032024,경상남도,2026-01-13 13:16:41.432513,2026-01-13 13:16:41.432515,f
5221,오방리,4882032025,경상남도,2026-01-13 13:16:41.43652,2026-01-13 13:16:41.436522,f
5222,춘암리,4882032026,경상남도,2026-01-13 13:16:41.441641,2026-01-13 13:16:41.441644,f
5223,동화리,4882032027,경상남도,2026-01-13 13:16:41.446644,2026-01-13 13:16:41.446647,f
5224,하이면,4882033000,경상남도,2026-01-13 13:16:41.450939,2026-01-13 13:16:41.450942,f
5225,덕호리,4882033021,경상남도,2026-01-13 13:16:41.455059,2026-01-13 13:16:41.455061,f
5226,덕명리,4882033022,경상남도,2026-01-13 13:16:41.458958,2026-01-13 13:16:41.458961,f
5227,월흥리,4882033023,경상남도,2026-01-13 13:16:41.462943,2026-01-13 13:16:41.462945,f
5228,사곡리,4882033024,경상남도,2026-01-13 13:16:41.468063,2026-01-13 13:16:41.468065,f
5229,석지리,4882033025,경상남도,2026-01-13 13:16:41.472627,2026-01-13 13:16:41.47263,f
5230,와룡리,4882033026,경상남도,2026-01-13 13:16:41.481535,2026-01-13 13:16:41.481542,f
5231,봉현리,4882033027,경상남도,2026-01-13 13:16:41.496693,2026-01-13 13:16:41.496697,f
5232,봉원리,4882033028,경상남도,2026-01-13 13:16:41.503397,2026-01-13 13:16:41.503401,f
5233,상리면,4882034000,경상남도,2026-01-13 13:16:41.50932,2026-01-13 13:16:41.509323,f
5234,척번정리,4882034021,경상남도,2026-01-13 13:16:41.513653,2026-01-13 13:16:41.513656,f
5235,고봉리,4882034022,경상남도,2026-01-13 13:16:41.518591,2026-01-13 13:16:41.518594,f
5236,신촌리,4882034023,경상남도,2026-01-13 13:16:41.524159,2026-01-13 13:16:41.524162,f
5237,오산리,4882034024,경상남도,2026-01-13 13:16:41.529327,2026-01-13 13:16:41.529331,f
5238,동산리,4882034025,경상남도,2026-01-13 13:16:41.534452,2026-01-13 13:16:41.534454,f
5239,망림리,4882034026,경상남도,2026-01-13 13:16:41.539775,2026-01-13 13:16:41.539778,f
5240,무선리,4882034027,경상남도,2026-01-13 13:16:41.545504,2026-01-13 13:16:41.545507,f
5241,자은리,4882034028,경상남도,2026-01-13 13:16:41.550762,2026-01-13 13:16:41.550769,f
5242,부포리,4882034029,경상남도,2026-01-13 13:16:41.555781,2026-01-13 13:16:41.555784,f
5243,대가면,4882035000,경상남도,2026-01-13 13:16:41.561329,2026-01-13 13:16:41.561331,f
5244,척정리,4882035021,경상남도,2026-01-13 13:16:41.566362,2026-01-13 13:16:41.566363,f
5245,금산리,4882035022,경상남도,2026-01-13 13:16:41.570243,2026-01-13 13:16:41.570245,f
5246,암전리,4882035023,경상남도,2026-01-13 13:16:41.574493,2026-01-13 13:16:41.574495,f
5247,유흥리,4882035024,경상남도,2026-01-13 13:16:41.578254,2026-01-13 13:16:41.578256,f
5248,양화리,4882035025,경상남도,2026-01-13 13:16:41.583103,2026-01-13 13:16:41.583104,f
5249,연지리,4882035026,경상남도,2026-01-13 13:16:41.588844,2026-01-13 13:16:41.588846,f
5250,송계리,4882035027,경상남도,2026-01-13 13:16:41.59361,2026-01-13 13:16:41.593615,f
5251,갈천리,4882035028,경상남도,2026-01-13 13:16:41.599848,2026-01-13 13:16:41.599852,f
5252,신전리,4882035029,경상남도,2026-01-13 13:16:41.60764,2026-01-13 13:16:41.607643,f
5253,영현면,4882036000,경상남도,2026-01-13 13:16:41.612715,2026-01-13 13:16:41.612717,f
5254,침점리,4882036021,경상남도,2026-01-13 13:16:41.617542,2026-01-13 13:16:41.617545,f
5255,추계리,4882036022,경상남도,2026-01-13 13:16:41.62188,2026-01-13 13:16:41.621882,f
5256,봉발리,4882036023,경상남도,2026-01-13 13:16:41.628636,2026-01-13 13:16:41.628639,f
5257,대법리,4882036024,경상남도,2026-01-13 13:16:41.635481,2026-01-13 13:16:41.635484,f
5258,영부리,4882036025,경상남도,2026-01-13 13:16:41.64062,2026-01-13 13:16:41.640622,f
5259,봉림리,4882036026,경상남도,2026-01-13 13:16:41.64547,2026-01-13 13:16:41.645473,f
5260,신분리,4882036027,경상남도,2026-01-13 13:16:41.649904,2026-01-13 13:16:41.649906,f
5261,연화리,4882036028,경상남도,2026-01-13 13:16:41.65504,2026-01-13 13:16:41.655043,f
5262,영오면,4882037000,경상남도,2026-01-13 13:16:41.661611,2026-01-13 13:16:41.661617,f
5263,영대리,4882037021,경상남도,2026-01-13 13:16:41.669362,2026-01-13 13:16:41.669367,f
5264,오서리,4882037022,경상남도,2026-01-13 13:16:41.675877,2026-01-13 13:16:41.67588,f
5265,오동리,4882037023,경상남도,2026-01-13 13:16:41.680968,2026-01-13 13:16:41.680973,f
5266,영산리,4882037024,경상남도,2026-01-13 13:16:41.686348,2026-01-13 13:16:41.68635,f
5267,성곡리,4882037025,경상남도,2026-01-13 13:16:41.690756,2026-01-13 13:16:41.690759,f
5268,연당리,4882037026,경상남도,2026-01-13 13:16:41.694802,2026-01-13 13:16:41.694805,f
5269,양산리,4882037027,경상남도,2026-01-13 13:16:41.698984,2026-01-13 13:16:41.698986,f
5270,개천면,4882038000,경상남도,2026-01-13 13:16:41.702955,2026-01-13 13:16:41.702959,f
5271,청광리,4882038021,경상남도,2026-01-13 13:16:41.707911,2026-01-13 13:16:41.707914,f
5272,나선리,4882038022,경상남도,2026-01-13 13:16:41.712245,2026-01-13 13:16:41.712248,f
5273,가천리,4882038023,경상남도,2026-01-13 13:16:41.721027,2026-01-13 13:16:41.721036,f
5274,봉치리,4882038024,경상남도,2026-01-13 13:16:41.737326,2026-01-13 13:16:41.737332,f
5275,용안리,4882038025,경상남도,2026-01-13 13:16:41.74689,2026-01-13 13:16:41.746893,f
5276,북평리,4882038026,경상남도,2026-01-13 13:16:41.756137,2026-01-13 13:16:41.756139,f
5277,명성리,4882038027,경상남도,2026-01-13 13:16:41.760602,2026-01-13 13:16:41.760607,f
5278,예성리,4882038028,경상남도,2026-01-13 13:16:41.766129,2026-01-13 13:16:41.766134,f
5279,좌연리,4882038029,경상남도,2026-01-13 13:16:41.771995,2026-01-13 13:16:41.772001,f
5280,구만면,4882039000,경상남도,2026-01-13 13:16:41.777028,2026-01-13 13:16:41.777031,f
5281,효락리,4882039021,경상남도,2026-01-13 13:16:41.780963,2026-01-13 13:16:41.780964,f
5282,주평리,4882039022,경상남도,2026-01-13 13:16:41.785534,2026-01-13 13:16:41.785537,f
5283,화림리,4882039023,경상남도,2026-01-13 13:16:41.790113,2026-01-13 13:16:41.790115,f
5284,저연리,4882039024,경상남도,2026-01-13 13:16:41.794869,2026-01-13 13:16:41.794872,f
5285,용와리,4882039025,경상남도,2026-01-13 13:16:41.799002,2026-01-13 13:16:41.799004,f
5286,광덕리,4882039026,경상남도,2026-01-13 13:16:41.803326,2026-01-13 13:16:41.80333,f
5287,회화면,4882040000,경상남도,2026-01-13 13:16:41.808192,2026-01-13 13:16:41.808194,f
5288,배둔리,4882040021,경상남도,2026-01-13 13:16:41.812359,2026-01-13 13:16:41.81236,f
5289,당항리,4882040022,경상남도,2026-01-13 13:16:41.816579,2026-01-13 13:16:41.816581,f
5290,봉동리,4882040023,경상남도,2026-01-13 13:16:41.820435,2026-01-13 13:16:41.820436,f
5291,어신리,4882040024,경상남도,2026-01-13 13:16:41.825014,2026-01-13 13:16:41.825017,f
5292,삼덕리,4882040025,경상남도,2026-01-13 13:16:41.830156,2026-01-13 13:16:41.830158,f
5293,녹명리,4882040026,경상남도,2026-01-13 13:16:41.834293,2026-01-13 13:16:41.834295,f
5294,마암면,4882041000,경상남도,2026-01-13 13:16:41.839672,2026-01-13 13:16:41.839675,f
5295,두호리,4882041021,경상남도,2026-01-13 13:16:41.844117,2026-01-13 13:16:41.844119,f
5296,삼락리,4882041022,경상남도,2026-01-13 13:16:41.849022,2026-01-13 13:16:41.849025,f
5297,보전리,4882041023,경상남도,2026-01-13 13:16:41.853508,2026-01-13 13:16:41.853511,f
5298,화산리,4882041024,경상남도,2026-01-13 13:16:41.857693,2026-01-13 13:16:41.857694,f
5299,도전리,4882041025,경상남도,2026-01-13 13:16:41.862253,2026-01-13 13:16:41.862255,f
5300,장산리,4882041026,경상남도,2026-01-13 13:16:41.867284,2026-01-13 13:16:41.867287,f
5301,성전리,4882041027,경상남도,2026-01-13 13:16:41.871618,2026-01-13 13:16:41.871621,f
5302,신리,4882041028,경상남도,2026-01-13 13:16:41.875599,2026-01-13 13:16:41.875601,f
5303,석마리,4882041029,경상남도,2026-01-13 13:16:41.880028,2026-01-13 13:16:41.880031,f
5304,동해면,4882042000,경상남도,2026-01-13 13:16:41.8848,2026-01-13 13:16:41.884802,f
5305,장기리,4882042021,경상남도,2026-01-13 13:16:41.888975,2026-01-13 13:16:41.888977,f
5306,양촌리,4882042022,경상남도,2026-01-13 13:16:41.89305,2026-01-13 13:16:41.893053,f
5307,외산리,4882042023,경상남도,2026-01-13 13:16:41.897685,2026-01-13 13:16:41.897687,f
5308,내산리,4882042024,경상남도,2026-01-13 13:16:41.901959,2026-01-13 13:16:41.90196,f
5309,용정리,4882042025,경상남도,2026-01-13 13:16:41.906735,2026-01-13 13:16:41.906737,f
5310,장좌리,4882042026,경상남도,2026-01-13 13:16:41.910907,2026-01-13 13:16:41.910908,f
5311,봉암리,4882042027,경상남도,2026-01-13 13:16:41.915638,2026-01-13 13:16:41.915642,f
5312,외곡리,4882042028,경상남도,2026-01-13 13:16:41.921138,2026-01-13 13:16:41.921144,f
5313,내곡리,4882042029,경상남도,2026-01-13 13:16:41.927023,2026-01-13 13:16:41.927026,f
5314,거류면,4882043000,경상남도,2026-01-13 13:16:41.9314,2026-01-13 13:16:41.931403,f
5315,당동리,4882043021,경상남도,2026-01-13 13:16:41.935677,2026-01-13 13:16:41.935679,f
5316,신용리,4882043022,경상남도,2026-01-13 13:16:41.939638,2026-01-13 13:16:41.939639,f
5317,화당리,4882043023,경상남도,2026-01-13 13:16:41.944872,2026-01-13 13:16:41.944875,f
5318,거산리,4882043024,경상남도,2026-01-13 13:16:41.949939,2026-01-13 13:16:41.949942,f
5319,가려리,4882043025,경상남도,2026-01-13 13:16:41.954926,2026-01-13 13:16:41.954929,f
5320,송산리,4882043026,경상남도,2026-01-13 13:16:41.961174,2026-01-13 13:16:41.961176,f
5321,은월리,4882043027,경상남도,2026-01-13 13:16:41.967853,2026-01-13 13:16:41.967856,f
5322,용산리,4882043028,경상남도,2026-01-13 13:16:41.972473,2026-01-13 13:16:41.972475,f
5323,감서리,4882043029,경상남도,2026-01-13 13:16:41.977006,2026-01-13 13:16:41.977008,f
5324,남해군,4884000000,경상남도,2026-01-13 13:16:41.981638,2026-01-13 13:16:41.98164,f
5325,남해읍,4884025000,경상남도,2026-01-13 13:16:41.986452,2026-01-13 13:16:41.986457,f
5326,북변리,4884025021,경상남도,2026-01-13 13:16:41.991768,2026-01-13 13:16:41.991772,f
5327,서변리,4884025022,경상남도,2026-01-13 13:16:41.997881,2026-01-13 13:16:41.997885,f
5328,남변리,4884025023,경상남도,2026-01-13 13:16:42.004536,2026-01-13 13:16:42.004541,f
5329,차산리,4884025024,경상남도,2026-01-13 13:16:42.009842,2026-01-13 13:16:42.009845,f
5330,선소리,4884025025,경상남도,2026-01-13 13:16:42.013958,2026-01-13 13:16:42.013961,f
5331,심천리,4884025026,경상남도,2026-01-13 13:16:42.017989,2026-01-13 13:16:42.017991,f
5332,아산리,4884025027,경상남도,2026-01-13 13:16:42.02202,2026-01-13 13:16:42.022023,f
5333,평현리,4884025028,경상남도,2026-01-13 13:16:42.027342,2026-01-13 13:16:42.027343,f
5334,평리,4884025029,경상남도,2026-01-13 13:16:42.031443,2026-01-13 13:16:42.031445,f
5335,입현리,4884025030,경상남도,2026-01-13 13:16:42.035912,2026-01-13 13:16:42.035914,f
5336,이동면,4884031000,경상남도,2026-01-13 13:16:42.040818,2026-01-13 13:16:42.040821,f
5337,다정리,4884031021,경상남도,2026-01-13 13:16:42.046049,2026-01-13 13:16:42.046051,f
5338,초음리,4884031022,경상남도,2026-01-13 13:16:42.050358,2026-01-13 13:16:42.050361,f
5339,석평리,4884031023,경상남도,2026-01-13 13:16:42.055536,2026-01-13 13:16:42.055538,f
5340,무림리,4884031024,경상남도,2026-01-13 13:16:42.059701,2026-01-13 13:16:42.059703,f
5341,신전리,4884031025,경상남도,2026-01-13 13:16:42.063622,2026-01-13 13:16:42.063624,f
5342,화계리,4884031026,경상남도,2026-01-13 13:16:42.067766,2026-01-13 13:16:42.067767,f
5343,용소리,4884031027,경상남도,2026-01-13 13:16:42.071871,2026-01-13 13:16:42.071873,f
5344,난음리,4884031028,경상남도,2026-01-13 13:16:42.075755,2026-01-13 13:16:42.075757,f
5345,상주면,4884032000,경상남도,2026-01-13 13:16:42.079672,2026-01-13 13:16:42.079674,f
5346,양아리,4884032021,경상남도,2026-01-13 13:16:42.083945,2026-01-13 13:16:42.083947,f
5347,상주리,4884032022,경상남도,2026-01-13 13:16:42.088127,2026-01-13 13:16:42.088129,f
5348,삼동면,4884033000,경상남도,2026-01-13 13:16:42.09209,2026-01-13 13:16:42.092092,f
5349,영지리,4884033021,경상남도,2026-01-13 13:16:42.096063,2026-01-13 13:16:42.096064,f
5350,지족리,4884033022,경상남도,2026-01-13 13:16:42.100046,2026-01-13 13:16:42.100047,f
5351,금송리,4884033023,경상남도,2026-01-13 13:16:42.104271,2026-01-13 13:16:42.104273,f
5352,동천리,4884033024,경상남도,2026-01-13 13:16:42.108228,2026-01-13 13:16:42.10823,f
5353,봉화리,4884033025,경상남도,2026-01-13 13:16:42.112303,2026-01-13 13:16:42.112305,f
5354,물건리,4884033026,경상남도,2026-01-13 13:16:42.11626,2026-01-13 13:16:42.116262,f
5355,미조면,4884034000,경상남도,2026-01-13 13:16:42.119855,2026-01-13 13:16:42.119857,f
5356,송정리,4884034021,경상남도,2026-01-13 13:16:42.123757,2026-01-13 13:16:42.123758,f
5357,미조리,4884034022,경상남도,2026-01-13 13:16:42.127801,2026-01-13 13:16:42.127803,f
5358,남면,4884035000,경상남도,2026-01-13 13:16:42.131749,2026-01-13 13:16:42.131751,f
5359,당항리,4884035021,경상남도,2026-01-13 13:16:42.135519,2026-01-13 13:16:42.135521,f
5360,석교리,4884035022,경상남도,2026-01-13 13:16:42.139249,2026-01-13 13:16:42.139251,f
5361,홍현리,4884035023,경상남도,2026-01-13 13:16:42.142862,2026-01-13 13:16:42.142864,f
5362,선구리,4884035024,경상남도,2026-01-13 13:16:42.146671,2026-01-13 13:16:42.146673,f
5363,임포리,4884035025,경상남도,2026-01-13 13:16:42.151086,2026-01-13 13:16:42.151088,f
5364,평산리,4884035026,경상남도,2026-01-13 13:16:42.155145,2026-01-13 13:16:42.155148,f
5365,덕월리,4884035027,경상남도,2026-01-13 13:16:42.16435,2026-01-13 13:16:42.164356,f
5366,상가리,4884035028,경상남도,2026-01-13 13:16:42.172149,2026-01-13 13:16:42.172154,f
5367,죽전리,4884035029,경상남도,2026-01-13 13:16:42.179598,2026-01-13 13:16:42.179602,f
5368,서면,4884036000,경상남도,2026-01-13 13:16:42.186223,2026-01-13 13:16:42.186226,f
5369,연죽리,4884036021,경상남도,2026-01-13 13:16:42.190354,2026-01-13 13:16:42.190356,f
5370,대정리,4884036022,경상남도,2026-01-13 13:16:42.194861,2026-01-13 13:16:42.194863,f
5371,서호리,4884036023,경상남도,2026-01-13 13:16:42.198783,2026-01-13 13:16:42.198785,f
5372,서상리,4884036024,경상남도,2026-01-13 13:16:42.202905,2026-01-13 13:16:42.202908,f
5373,작장리,4884036025,경상남도,2026-01-13 13:16:42.208221,2026-01-13 13:16:42.208224,f
5374,남상리,4884036026,경상남도,2026-01-13 13:16:42.212773,2026-01-13 13:16:42.212775,f
5375,노구리,4884036027,경상남도,2026-01-13 13:16:42.217043,2026-01-13 13:16:42.217045,f
5376,중현리,4884036028,경상남도,2026-01-13 13:16:42.22087,2026-01-13 13:16:42.220871,f
5377,정포리,4884036029,경상남도,2026-01-13 13:16:42.224496,2026-01-13 13:16:42.224498,f
5378,고현면,4884037000,경상남도,2026-01-13 13:16:42.229211,2026-01-13 13:16:42.229214,f
5379,이어리,4884037021,경상남도,2026-01-13 13:16:42.233427,2026-01-13 13:16:42.233429,f
5380,대곡리,4884037022,경상남도,2026-01-13 13:16:42.237987,2026-01-13 13:16:42.237989,f
5381,도마리,4884037023,경상남도,2026-01-13 13:16:42.242203,2026-01-13 13:16:42.242207,f
5382,오곡리,4884037024,경상남도,2026-01-13 13:16:42.246617,2026-01-13 13:16:42.246619,f
5383,포상리,4884037025,경상남도,2026-01-13 13:16:42.250561,2026-01-13 13:16:42.250562,f
5384,남치리,4884037026,경상남도,2026-01-13 13:16:42.254856,2026-01-13 13:16:42.254858,f
5385,대사리,4884037027,경상남도,2026-01-13 13:16:42.25982,2026-01-13 13:16:42.259824,f
5386,차면리,4884037028,경상남도,2026-01-13 13:16:42.263926,2026-01-13 13:16:42.263928,f
5387,갈화리,4884037029,경상남도,2026-01-13 13:16:42.267931,2026-01-13 13:16:42.267933,f
5388,설천면,4884038000,경상남도,2026-01-13 13:16:42.272222,2026-01-13 13:16:42.272225,f
5389,비란리,4884038021,경상남도,2026-01-13 13:16:42.278034,2026-01-13 13:16:42.278037,f
5390,진목리,4884038022,경상남도,2026-01-13 13:16:42.283043,2026-01-13 13:16:42.283045,f
5391,문항리,4884038023,경상남도,2026-01-13 13:16:42.287947,2026-01-13 13:16:42.287949,f
5392,금음리,4884038024,경상남도,2026-01-13 13:16:42.292504,2026-01-13 13:16:42.292507,f
5393,남양리,4884038025,경상남도,2026-01-13 13:16:42.298091,2026-01-13 13:16:42.298095,f
5394,문의리,4884038026,경상남도,2026-01-13 13:16:42.305254,2026-01-13 13:16:42.305258,f
5395,노량리,4884038027,경상남도,2026-01-13 13:16:42.312525,2026-01-13 13:16:42.312528,f
5396,덕신리,4884038028,경상남도,2026-01-13 13:16:42.318796,2026-01-13 13:16:42.318799,f
5397,창선면,4884039000,경상남도,2026-01-13 13:16:42.323488,2026-01-13 13:16:42.32349,f
5398,상신리,4884039021,경상남도,2026-01-13 13:16:42.327749,2026-01-13 13:16:42.327752,f
5399,동대리,4884039022,경상남도,2026-01-13 13:16:42.331801,2026-01-13 13:16:42.331804,f
5400,당항리,4884039023,경상남도,2026-01-13 13:16:42.335776,2026-01-13 13:16:42.335778,f
5401,대벽리,4884039024,경상남도,2026-01-13 13:16:42.343633,2026-01-13 13:16:42.343638,f
5402,율도리,4884039025,경상남도,2026-01-13 13:16:42.350195,2026-01-13 13:16:42.350197,f
5403,서대리,4884039026,경상남도,2026-01-13 13:16:42.354549,2026-01-13 13:16:42.354551,f
5404,광천리,4884039027,경상남도,2026-01-13 13:16:42.358603,2026-01-13 13:16:42.358605,f
5405,지족리,4884039028,경상남도,2026-01-13 13:16:42.362798,2026-01-13 13:16:42.3628,f
5406,옥천리,4884039029,경상남도,2026-01-13 13:16:42.366955,2026-01-13 13:16:42.366956,f
5407,당저리,4884039030,경상남도,2026-01-13 13:16:42.372105,2026-01-13 13:16:42.372108,f
5408,상죽리,4884039031,경상남도,2026-01-13 13:16:42.379618,2026-01-13 13:16:42.37962,f
5409,수산리,4884039032,경상남도,2026-01-13 13:16:42.386263,2026-01-13 13:16:42.386266,f
5410,부윤리,4884039033,경상남도,2026-01-13 13:16:42.391776,2026-01-13 13:16:42.39178,f
5411,오용리,4884039034,경상남도,2026-01-13 13:16:42.3965,2026-01-13 13:16:42.396503,f
5412,가인리,4884039035,경상남도,2026-01-13 13:16:42.400887,2026-01-13 13:16:42.400889,f
5413,진동리,4884039036,경상남도,2026-01-13 13:16:42.405552,2026-01-13 13:16:42.405554,f
5414,하동군,4885000000,경상남도,2026-01-13 13:16:42.410198,2026-01-13 13:16:42.410203,f
5415,하동읍,4885025000,경상남도,2026-01-13 13:16:42.414362,2026-01-13 13:16:42.414363,f
5416,읍내리,4885025021,경상남도,2026-01-13 13:16:42.418717,2026-01-13 13:16:42.418719,f
5417,광평리,4885025022,경상남도,2026-01-13 13:16:42.423376,2026-01-13 13:16:42.423378,f
5418,비파리,4885025023,경상남도,2026-01-13 13:16:42.429879,2026-01-13 13:16:42.429883,f
5419,신기리,4885025024,경상남도,2026-01-13 13:16:42.438316,2026-01-13 13:16:42.438325,f
5420,목도리,4885025025,경상남도,2026-01-13 13:16:42.44723,2026-01-13 13:16:42.447235,f
5421,흥룡리,4885025026,경상남도,2026-01-13 13:16:42.456133,2026-01-13 13:16:42.456139,f
5422,화심리,4885025027,경상남도,2026-01-13 13:16:42.462951,2026-01-13 13:16:42.462954,f
5423,두곡리,4885025028,경상남도,2026-01-13 13:16:42.469931,2026-01-13 13:16:42.469934,f
5424,화개면,4885031000,경상남도,2026-01-13 13:16:42.479252,2026-01-13 13:16:42.479255,f
5425,부춘리,4885031021,경상남도,2026-01-13 13:16:42.485162,2026-01-13 13:16:42.485165,f
5426,덕은리,4885031022,경상남도,2026-01-13 13:16:42.490619,2026-01-13 13:16:42.490621,f
5427,탑리,4885031023,경상남도,2026-01-13 13:16:42.495321,2026-01-13 13:16:42.495323,f
5428,삼신리,4885031024,경상남도,2026-01-13 13:16:42.499611,2026-01-13 13:16:42.499613,f
5429,정금리,4885031025,경상남도,2026-01-13 13:16:42.503502,2026-01-13 13:16:42.503504,f
5430,운수리,4885031026,경상남도,2026-01-13 13:16:42.507932,2026-01-13 13:16:42.507934,f
5431,용강리,4885031027,경상남도,2026-01-13 13:16:42.513936,2026-01-13 13:16:42.51394,f
5432,범왕리,4885031028,경상남도,2026-01-13 13:16:42.519611,2026-01-13 13:16:42.519615,f
5433,대성리,4885031029,경상남도,2026-01-13 13:16:42.526052,2026-01-13 13:16:42.526059,f
5434,악양면,4885032000,경상남도,2026-01-13 13:16:42.532527,2026-01-13 13:16:42.532535,f
5435,미점리,4885032021,경상남도,2026-01-13 13:16:42.538637,2026-01-13 13:16:42.53864,f
5436,축지리,4885032022,경상남도,2026-01-13 13:16:42.544178,2026-01-13 13:16:42.544181,f
5437,신대리,4885032023,경상남도,2026-01-13 13:16:42.550332,2026-01-13 13:16:42.550335,f
5438,신성리,4885032024,경상남도,2026-01-13 13:16:42.556364,2026-01-13 13:16:42.556368,f
5439,신흥리,4885032025,경상남도,2026-01-13 13:16:42.563472,2026-01-13 13:16:42.563475,f
5440,중대리,4885032026,경상남도,2026-01-13 13:16:42.570055,2026-01-13 13:16:42.570059,f
5441,동매리,4885032027,경상남도,2026-01-13 13:16:42.580143,2026-01-13 13:16:42.580146,f
5442,등촌리,4885032028,경상남도,2026-01-13 13:16:42.587046,2026-01-13 13:16:42.58705,f
5443,매계리,4885032029,경상남도,2026-01-13 13:16:42.59439,2026-01-13 13:16:42.594398,f
5444,정동리,4885032030,경상남도,2026-01-13 13:16:42.600996,2026-01-13 13:16:42.600998,f
5445,정서리,4885032031,경상남도,2026-01-13 13:16:42.605856,2026-01-13 13:16:42.605858,f
5446,입석리,4885032032,경상남도,2026-01-13 13:16:42.610719,2026-01-13 13:16:42.610721,f
5447,봉대리,4885032033,경상남도,2026-01-13 13:16:42.616573,2026-01-13 13:16:42.616576,f
5448,평사리,4885032034,경상남도,2026-01-13 13:16:42.621237,2026-01-13 13:16:42.621239,f
5449,적량면,4885033000,경상남도,2026-01-13 13:16:42.625364,2026-01-13 13:16:42.625366,f
5450,관리,4885033021,경상남도,2026-01-13 13:16:42.629408,2026-01-13 13:16:42.62941,f
5451,우계리,4885033022,경상남도,2026-01-13 13:16:42.633439,2026-01-13 13:16:42.63344,f
5452,동리,4885033023,경상남도,2026-01-13 13:16:42.637805,2026-01-13 13:16:42.637808,f
5453,서리,4885033024,경상남도,2026-01-13 13:16:42.642647,2026-01-13 13:16:42.642662,f
5454,동산리,4885033025,경상남도,2026-01-13 13:16:42.646991,2026-01-13 13:16:42.646993,f
5455,고절리,4885033026,경상남도,2026-01-13 13:16:42.651381,2026-01-13 13:16:42.651383,f
5456,횡천면,4885034000,경상남도,2026-01-13 13:16:42.655476,2026-01-13 13:16:42.655478,f
5457,전대리,4885034021,경상남도,2026-01-13 13:16:42.659208,2026-01-13 13:16:42.65921,f
5458,애치리,4885034022,경상남도,2026-01-13 13:16:42.663678,2026-01-13 13:16:42.663679,f
5459,여의리,4885034023,경상남도,2026-01-13 13:16:42.667796,2026-01-13 13:16:42.667798,f
5460,횡천리,4885034024,경상남도,2026-01-13 13:16:42.671788,2026-01-13 13:16:42.671789,f
5461,월평리,4885034025,경상남도,2026-01-13 13:16:42.675767,2026-01-13 13:16:42.675769,f
5462,남산리,4885034026,경상남도,2026-01-13 13:16:42.679597,2026-01-13 13:16:42.679598,f
5463,학리,4885034027,경상남도,2026-01-13 13:16:42.683554,2026-01-13 13:16:42.683556,f
5464,고전면,4885035000,경상남도,2026-01-13 13:16:42.68748,2026-01-13 13:16:42.687482,f
5465,범아리,4885035021,경상남도,2026-01-13 13:16:42.691127,2026-01-13 13:16:42.691129,f
5466,성천리,4885035022,경상남도,2026-01-13 13:16:42.695268,2026-01-13 13:16:42.695269,f
5467,신월리,4885035023,경상남도,2026-01-13 13:16:42.699326,2026-01-13 13:16:42.699328,f
5468,전도리,4885035024,경상남도,2026-01-13 13:16:42.703331,2026-01-13 13:16:42.703337,f
5469,대덕리,4885035025,경상남도,2026-01-13 13:16:42.708182,2026-01-13 13:16:42.708184,f
5470,고하리,4885035026,경상남도,2026-01-13 13:16:42.712539,2026-01-13 13:16:42.712541,f
5471,성평리,4885035027,경상남도,2026-01-13 13:16:42.717162,2026-01-13 13:16:42.717164,f
5472,명교리,4885035028,경상남도,2026-01-13 13:16:42.723462,2026-01-13 13:16:42.723464,f
5473,금남면,4885036000,경상남도,2026-01-13 13:16:42.728054,2026-01-13 13:16:42.728056,f
5474,중평리,4885036022,경상남도,2026-01-13 13:16:42.733828,2026-01-13 13:16:42.73383,f
5475,대치리,4885036023,경상남도,2026-01-13 13:16:42.738122,2026-01-13 13:16:42.738124,f
5476,노량리,4885036024,경상남도,2026-01-13 13:16:42.741927,2026-01-13 13:16:42.74193,f
5477,송문리,4885036025,경상남도,2026-01-13 13:16:42.745833,2026-01-13 13:16:42.745835,f
5478,대송리,4885036026,경상남도,2026-01-13 13:16:42.754597,2026-01-13 13:16:42.754599,f
5479,덕천리,4885036027,경상남도,2026-01-13 13:16:42.758718,2026-01-13 13:16:42.758721,f
5480,진정리,4885036028,경상남도,2026-01-13 13:16:42.764957,2026-01-13 13:16:42.76496,f
5481,계천리,4885036030,경상남도,2026-01-13 13:16:42.769907,2026-01-13 13:16:42.76991,f
5482,대도리,4885036034,경상남도,2026-01-13 13:16:42.774198,2026-01-13 13:16:42.7742,f
5483,진교면,4885037000,경상남도,2026-01-13 13:16:42.778318,2026-01-13 13:16:42.77832,f
5484,진교리,4885037021,경상남도,2026-01-13 13:16:42.782385,2026-01-13 13:16:42.782387,f
5485,백련리,4885037022,경상남도,2026-01-13 13:16:42.786255,2026-01-13 13:16:42.786257,f
5486,안심리,4885037023,경상남도,2026-01-13 13:16:42.790521,2026-01-13 13:16:42.790523,f
5487,고룡리,4885037024,경상남도,2026-01-13 13:16:42.794391,2026-01-13 13:16:42.794393,f
5488,양포리,4885037025,경상남도,2026-01-13 13:16:42.798065,2026-01-13 13:16:42.798067,f
5489,관곡리,4885037026,경상남도,2026-01-13 13:16:42.802482,2026-01-13 13:16:42.802484,f
5490,월운리,4885037027,경상남도,2026-01-13 13:16:42.806353,2026-01-13 13:16:42.806355,f
5491,송원리,4885037028,경상남도,2026-01-13 13:16:42.810367,2026-01-13 13:16:42.810369,f
5492,고이리,4885037029,경상남도,2026-01-13 13:16:42.815581,2026-01-13 13:16:42.815584,f
5493,술상리,4885037030,경상남도,2026-01-13 13:16:42.819834,2026-01-13 13:16:42.819836,f
5494,양보면,4885038000,경상남도,2026-01-13 13:16:42.823862,2026-01-13 13:16:42.823864,f
5495,운암리,4885038021,경상남도,2026-01-13 13:16:42.827642,2026-01-13 13:16:42.827644,f
5496,장암리,4885038022,경상남도,2026-01-13 13:16:42.83189,2026-01-13 13:16:42.831893,f
5497,감당리,4885038023,경상남도,2026-01-13 13:16:42.836372,2026-01-13 13:16:42.836374,f
5498,우복리,4885038024,경상남도,2026-01-13 13:16:42.840544,2026-01-13 13:16:42.840546,f
5499,통정리,4885038025,경상남도,2026-01-13 13:16:42.845388,2026-01-13 13:16:42.845391,f
5500,박달리,4885038026,경상남도,2026-01-13 13:16:42.850328,2026-01-13 13:16:42.85033,f
5501,지례리,4885038027,경상남도,2026-01-13 13:16:42.856016,2026-01-13 13:16:42.856018,f
5502,북천면,4885039000,경상남도,2026-01-13 13:16:42.860014,2026-01-13 13:16:42.860016,f
5503,방화리,4885039021,경상남도,2026-01-13 13:16:42.864532,2026-01-13 13:16:42.864535,f
5504,사평리,4885039022,경상남도,2026-01-13 13:16:42.870741,2026-01-13 13:16:42.870744,f
5505,직전리,4885039023,경상남도,2026-01-13 13:16:42.876986,2026-01-13 13:16:42.876989,f
5506,옥정리,4885039024,경상남도,2026-01-13 13:16:42.88205,2026-01-13 13:16:42.882052,f
5507,정수리,4885041031,경상남도,2026-01-13 13:16:42.886902,2026-01-13 13:16:42.886905,f
5508,양구리,4885041032,경상남도,2026-01-13 13:16:42.891288,2026-01-13 13:16:42.891289,f
5509,궁항리,4885041033,경상남도,2026-01-13 13:16:42.895386,2026-01-13 13:16:42.895388,f
5510,위태리,4885041034,경상남도,2026-01-13 13:16:42.899779,2026-01-13 13:16:42.899781,f
5511,회신리,4885041035,경상남도,2026-01-13 13:16:42.903969,2026-01-13 13:16:42.903971,f
5512,금성면,4885042000,경상남도,2026-01-13 13:16:42.908134,2026-01-13 13:16:42.908137,f
5513,가덕리,4885042021,경상남도,2026-01-13 13:16:42.91235,2026-01-13 13:16:42.912353,f
5514,궁항리,4885042022,경상남도,2026-01-13 13:16:42.916892,2026-01-13 13:16:42.916894,f
5515,고포리,4885042023,경상남도,2026-01-13 13:16:42.92167,2026-01-13 13:16:42.921672,f
5516,갈사리,4885042024,경상남도,2026-01-13 13:16:42.926404,2026-01-13 13:16:42.926406,f
5517,산청군,4886000000,경상남도,2026-01-13 13:16:42.930484,2026-01-13 13:16:42.930486,f
5518,산청읍,4886025000,경상남도,2026-01-13 13:16:42.935078,2026-01-13 13:16:42.93508,f
5519,산청리,4886025021,경상남도,2026-01-13 13:16:42.940124,2026-01-13 13:16:42.940127,f
5520,옥산리,4886025022,경상남도,2026-01-13 13:16:42.944989,2026-01-13 13:16:42.944992,f
5521,지리,4886025023,경상남도,2026-01-13 13:16:42.949263,2026-01-13 13:16:42.949265,f
5522,모고리,4886025024,경상남도,2026-01-13 13:16:42.954474,2026-01-13 13:16:42.954478,f
5523,송경리,4886025025,경상남도,2026-01-13 13:16:42.958952,2026-01-13 13:16:42.958955,f
5524,차탄리,4886025026,경상남도,2026-01-13 13:16:42.96677,2026-01-13 13:16:42.966773,f
5525,부리,4886025027,경상남도,2026-01-13 13:16:42.971118,2026-01-13 13:16:42.97112,f
5526,병정리,4886025028,경상남도,2026-01-13 13:16:42.978682,2026-01-13 13:16:42.978686,f
5527,내수리,4886025029,경상남도,2026-01-13 13:16:42.986341,2026-01-13 13:16:42.986344,f
5528,정곡리,4886025030,경상남도,2026-01-13 13:16:42.994961,2026-01-13 13:16:42.994967,f
5529,척지리,4886025031,경상남도,2026-01-13 13:16:43.000085,2026-01-13 13:16:43.000087,f
5530,범학리,4886025032,경상남도,2026-01-13 13:16:43.004794,2026-01-13 13:16:43.004798,f
5531,묵곡리,4886025033,경상남도,2026-01-13 13:16:43.009328,2026-01-13 13:16:43.00933,f
5532,내리,4886025034,경상남도,2026-01-13 13:16:43.013221,2026-01-13 13:16:43.013223,f
5533,차황면,4886031000,경상남도,2026-01-13 13:16:43.017566,2026-01-13 13:16:43.017569,f
5534,장위리,4886031021,경상남도,2026-01-13 13:16:43.02157,2026-01-13 13:16:43.021573,f
5535,양곡리,4886031022,경상남도,2026-01-13 13:16:43.025792,2026-01-13 13:16:43.025794,f
5536,상중리,4886031023,경상남도,2026-01-13 13:16:43.029749,2026-01-13 13:16:43.029751,f
5537,실매리,4886031024,경상남도,2026-01-13 13:16:43.033448,2026-01-13 13:16:43.033449,f
5538,장박리,4886031025,경상남도,2026-01-13 13:16:43.037001,2026-01-13 13:16:43.037002,f
5539,법평리,4886031026,경상남도,2026-01-13 13:16:43.040831,2026-01-13 13:16:43.040832,f
5540,신기리,4886031027,경상남도,2026-01-13 13:16:43.044584,2026-01-13 13:16:43.044586,f
5541,부리,4886031028,경상남도,2026-01-13 13:16:43.048286,2026-01-13 13:16:43.048287,f
5542,우사리,4886031029,경상남도,2026-01-13 13:16:43.052296,2026-01-13 13:16:43.052298,f
5543,철수리,4886031030,경상남도,2026-01-13 13:16:43.05604,2026-01-13 13:16:43.056042,f
5544,상법리,4886031031,경상남도,2026-01-13 13:16:43.059567,2026-01-13 13:16:43.059569,f
5545,오부면,4886032000,경상남도,2026-01-13 13:16:43.063235,2026-01-13 13:16:43.063237,f
5546,양촌리,4886032021,경상남도,2026-01-13 13:16:43.067593,2026-01-13 13:16:43.067595,f
5547,방곡리,4886032022,경상남도,2026-01-13 13:16:43.071499,2026-01-13 13:16:43.071501,f
5548,내곡리,4886032023,경상남도,2026-01-13 13:16:43.075239,2026-01-13 13:16:43.075241,f
5549,일물리,4886032024,경상남도,2026-01-13 13:16:43.079102,2026-01-13 13:16:43.079103,f
5550,오전리,4886032025,경상남도,2026-01-13 13:16:43.082941,2026-01-13 13:16:43.082943,f
5551,중촌리,4886032026,경상남도,2026-01-13 13:16:43.086791,2026-01-13 13:16:43.086794,f
5552,왕촌리,4886032027,경상남도,2026-01-13 13:16:43.090903,2026-01-13 13:16:43.090905,f
5553,대현리,4886032028,경상남도,2026-01-13 13:16:43.094564,2026-01-13 13:16:43.094565,f
5554,생초면,4886033000,경상남도,2026-01-13 13:16:43.098086,2026-01-13 13:16:43.098088,f
5555,어서리,4886033021,경상남도,2026-01-13 13:16:43.101986,2026-01-13 13:16:43.101988,f
5556,노은리,4886033022,경상남도,2026-01-13 13:16:43.105942,2026-01-13 13:16:43.105944,f
5557,구평리,4886033023,경상남도,2026-01-13 13:16:43.111465,2026-01-13 13:16:43.111467,f
5558,향양리,4886033024,경상남도,2026-01-13 13:16:43.116335,2026-01-13 13:16:43.116338,f
5559,월곡리,4886033025,경상남도,2026-01-13 13:16:43.120504,2026-01-13 13:16:43.120508,f
5560,신연리,4886033026,경상남도,2026-01-13 13:16:43.125307,2026-01-13 13:16:43.12531,f
5561,대포리,4886033027,경상남도,2026-01-13 13:16:43.129342,2026-01-13 13:16:43.129344,f
5562,갈전리,4886033028,경상남도,2026-01-13 13:16:43.133435,2026-01-13 13:16:43.133439,f
5563,평촌리,4886033029,경상남도,2026-01-13 13:16:43.138048,2026-01-13 13:16:43.13805,f
5564,하촌리,4886033030,경상남도,2026-01-13 13:16:43.142432,2026-01-13 13:16:43.142435,f
5565,상촌리,4886033031,경상남도,2026-01-13 13:16:43.148371,2026-01-13 13:16:43.148374,f
5566,계남리,4886033032,경상남도,2026-01-13 13:16:43.153259,2026-01-13 13:16:43.153261,f
5567,금서면,4886034000,경상남도,2026-01-13 13:16:43.157474,2026-01-13 13:16:43.157477,f
5568,매촌리,4886034021,경상남도,2026-01-13 13:16:43.161587,2026-01-13 13:16:43.161589,f
5569,평촌리,4886034022,경상남도,2026-01-13 13:16:43.165907,2026-01-13 13:16:43.165909,f
5570,향양리,4886034023,경상남도,2026-01-13 13:16:43.169891,2026-01-13 13:16:43.169894,f
5571,수철리,4886034024,경상남도,2026-01-13 13:16:43.174552,2026-01-13 13:16:43.174554,f
5572,지막리,4886034025,경상남도,2026-01-13 13:16:43.179002,2026-01-13 13:16:43.179005,f
5573,특리,4886034026,경상남도,2026-01-13 13:16:43.183169,2026-01-13 13:16:43.183171,f
5574,신아리,4886034027,경상남도,2026-01-13 13:16:43.187426,2026-01-13 13:16:43.187428,f
5575,주상리,4886034028,경상남도,2026-01-13 13:16:43.191257,2026-01-13 13:16:43.19126,f
5576,화계리,4886034029,경상남도,2026-01-13 13:16:43.195012,2026-01-13 13:16:43.195015,f
5577,자혜리,4886034030,경상남도,2026-01-13 13:16:43.198996,2026-01-13 13:16:43.198998,f
5578,방곡리,4886034031,경상남도,2026-01-13 13:16:43.20449,2026-01-13 13:16:43.204493,f
5579,오봉리,4886034032,경상남도,2026-01-13 13:16:43.208849,2026-01-13 13:16:43.208851,f
5580,삼장면,4886035000,경상남도,2026-01-13 13:16:43.212992,2026-01-13 13:16:43.212994,f
5581,석남리,4886035021,경상남도,2026-01-13 13:16:43.218002,2026-01-13 13:16:43.218005,f
5582,홍계리,4886035022,경상남도,2026-01-13 13:16:43.223574,2026-01-13 13:16:43.223578,f
5583,평촌리,4886035023,경상남도,2026-01-13 13:16:43.228339,2026-01-13 13:16:43.228341,f
5584,유평리,4886035024,경상남도,2026-01-13 13:16:43.232709,2026-01-13 13:16:43.232712,f
5585,덕교리,4886035025,경상남도,2026-01-13 13:16:43.236822,2026-01-13 13:16:43.236824,f
5586,대포리,4886035026,경상남도,2026-01-13 13:16:43.241246,2026-01-13 13:16:43.241248,f
5587,내원리,4886035027,경상남도,2026-01-13 13:16:43.245618,2026-01-13 13:16:43.24562,f
5588,대하리,4886035028,경상남도,2026-01-13 13:16:43.249791,2026-01-13 13:16:43.249793,f
5589,시천면,4886036000,경상남도,2026-01-13 13:16:43.254372,2026-01-13 13:16:43.254376,f
5590,중산리,4886036021,경상남도,2026-01-13 13:16:43.25925,2026-01-13 13:16:43.259253,f
5591,사리,4886036022,경상남도,2026-01-13 13:16:43.26337,2026-01-13 13:16:43.263372,f
5592,내대리,4886036023,경상남도,2026-01-13 13:16:43.267789,2026-01-13 13:16:43.267791,f
5593,외공리,4886036024,경상남도,2026-01-13 13:16:43.271487,2026-01-13 13:16:43.271488,f
5594,반천리,4886036025,경상남도,2026-01-13 13:16:43.27551,2026-01-13 13:16:43.275513,f
5595,원리,4886036026,경상남도,2026-01-13 13:16:43.279381,2026-01-13 13:16:43.279383,f
5596,내공리,4886036027,경상남도,2026-01-13 13:16:43.283384,2026-01-13 13:16:43.283387,f
5597,천평리,4886036028,경상남도,2026-01-13 13:16:43.287012,2026-01-13 13:16:43.287014,f
5598,동당리,4886036029,경상남도,2026-01-13 13:16:43.290634,2026-01-13 13:16:43.290638,f
5599,신천리,4886036030,경상남도,2026-01-13 13:16:43.294339,2026-01-13 13:16:43.294341,f
5600,중태리,4886036031,경상남도,2026-01-13 13:16:43.298437,2026-01-13 13:16:43.298439,f
5601,단성면,4886037000,경상남도,2026-01-13 13:16:43.302356,2026-01-13 13:16:43.30236,f
5602,성내리,4886037021,경상남도,2026-01-13 13:16:43.305922,2026-01-13 13:16:43.305923,f
5603,강누리,4886037022,경상남도,2026-01-13 13:16:43.310094,2026-01-13 13:16:43.310096,f
5604,방목리,4886037023,경상남도,2026-01-13 13:16:43.313895,2026-01-13 13:16:43.313896,f
5605,청계리,4886037024,경상남도,2026-01-13 13:16:43.317677,2026-01-13 13:16:43.31768,f
5606,운리,4886037025,경상남도,2026-01-13 13:16:43.321368,2026-01-13 13:16:43.321371,f
5607,입석리,4886037026,경상남도,2026-01-13 13:16:43.325566,2026-01-13 13:16:43.325568,f
5608,길리,4886037027,경상남도,2026-01-13 13:16:43.329515,2026-01-13 13:16:43.329517,f
5609,남사리,4886037028,경상남도,2026-01-13 13:16:43.333217,2026-01-13 13:16:43.333219,f
5610,사월리,4886037029,경상남도,2026-01-13 13:16:43.33688,2026-01-13 13:16:43.336882,f
5611,묵곡리,4886037030,경상남도,2026-01-13 13:16:43.340706,2026-01-13 13:16:43.340709,f
5612,소남리,4886037031,경상남도,2026-01-13 13:16:43.34431,2026-01-13 13:16:43.344312,f
5613,관정리,4886037032,경상남도,2026-01-13 13:16:43.348055,2026-01-13 13:16:43.348056,f
5614,호리,4886037033,경상남도,2026-01-13 13:16:43.351684,2026-01-13 13:16:43.351687,f
5615,당산리,4886037034,경상남도,2026-01-13 13:16:43.355453,2026-01-13 13:16:43.355455,f
5616,창촌리,4886037035,경상남도,2026-01-13 13:16:43.358991,2026-01-13 13:16:43.358993,f
5617,백운리,4886037036,경상남도,2026-01-13 13:16:43.362733,2026-01-13 13:16:43.362734,f
5618,자양리,4886037037,경상남도,2026-01-13 13:16:43.367057,2026-01-13 13:16:43.36706,f
5619,신안면,4886038000,경상남도,2026-01-13 13:16:43.370798,2026-01-13 13:16:43.370799,f
5620,하정리,4886038021,경상남도,2026-01-13 13:16:43.374861,2026-01-13 13:16:43.374863,f
5621,신기리,4886038022,경상남도,2026-01-13 13:16:43.378689,2026-01-13 13:16:43.378691,f
5622,청현리,4886038023,경상남도,2026-01-13 13:16:43.382254,2026-01-13 13:16:43.382255,f
5623,문대리,4886038024,경상남도,2026-01-13 13:16:43.386256,2026-01-13 13:16:43.386258,f
5624,장죽리,4886038025,경상남도,2026-01-13 13:16:43.390153,2026-01-13 13:16:43.390155,f
5625,소이리,4886038026,경상남도,2026-01-13 13:16:43.394039,2026-01-13 13:16:43.394042,f
5626,외고리,4886038027,경상남도,2026-01-13 13:16:43.39851,2026-01-13 13:16:43.398512,f
5627,갈전리,4886038028,경상남도,2026-01-13 13:16:43.402772,2026-01-13 13:16:43.402775,f
5628,안봉리,4886038029,경상남도,2026-01-13 13:16:43.406996,2026-01-13 13:16:43.406998,f
5629,외송리,4886038030,경상남도,2026-01-13 13:16:43.411268,2026-01-13 13:16:43.41127,f
5630,신안리,4886038031,경상남도,2026-01-13 13:16:43.415564,2026-01-13 13:16:43.415566,f
5631,중촌리,4886038032,경상남도,2026-01-13 13:16:43.419413,2026-01-13 13:16:43.419415,f
5632,생비량면,4886039000,경상남도,2026-01-13 13:16:43.423526,2026-01-13 13:16:43.423528,f
5633,도전리,4886039021,경상남도,2026-01-13 13:16:43.427395,2026-01-13 13:16:43.427397,f
5634,도리,4886039022,경상남도,2026-01-13 13:16:43.431305,2026-01-13 13:16:43.431307,f
5635,화현리,4886039023,경상남도,2026-01-13 13:16:43.435316,2026-01-13 13:16:43.435318,f
5636,가계리,4886039024,경상남도,2026-01-13 13:16:43.439435,2026-01-13 13:16:43.439438,f
5637,제보리,4886039025,경상남도,2026-01-13 13:16:43.443766,2026-01-13 13:16:43.443768,f
5638,신등면,4886040000,경상남도,2026-01-13 13:16:43.448201,2026-01-13 13:16:43.448203,f
5639,단계리,4886040021,경상남도,2026-01-13 13:16:43.453578,2026-01-13 13:16:43.453581,f
5640,양전리,4886040022,경상남도,2026-01-13 13:16:43.458833,2026-01-13 13:16:43.458835,f
5641,가술리,4886040023,경상남도,2026-01-13 13:16:43.46419,2026-01-13 13:16:43.464193,f
5642,간공리,4886040024,경상남도,2026-01-13 13:16:43.468786,2026-01-13 13:16:43.468788,f
5643,사정리,4886040025,경상남도,2026-01-13 13:16:43.473151,2026-01-13 13:16:43.473154,f
5644,평지리,4886040026,경상남도,2026-01-13 13:16:43.477594,2026-01-13 13:16:43.477596,f
5645,율현리,4886040027,경상남도,2026-01-13 13:16:43.48149,2026-01-13 13:16:43.481491,f
5646,모례리,4886040028,경상남도,2026-01-13 13:16:43.485937,2026-01-13 13:16:43.48594,f
5647,장천리,4886040029,경상남도,2026-01-13 13:16:43.490148,2026-01-13 13:16:43.49015,f
5648,함양군,4887000000,경상남도,2026-01-13 13:16:43.494785,2026-01-13 13:16:43.494789,f
5649,함양읍,4887025000,경상남도,2026-01-13 13:16:43.499087,2026-01-13 13:16:43.499088,f
5650,운림리,4887025021,경상남도,2026-01-13 13:16:43.503106,2026-01-13 13:16:43.503108,f
5651,용평리,4887025022,경상남도,2026-01-13 13:16:43.507343,2026-01-13 13:16:43.507345,f
5652,대덕리,4887025023,경상남도,2026-01-13 13:16:43.511556,2026-01-13 13:16:43.511558,f
5653,교산리,4887025024,경상남도,2026-01-13 13:16:43.516897,2026-01-13 13:16:43.516899,f
5654,신천리,4887025025,경상남도,2026-01-13 13:16:43.520681,2026-01-13 13:16:43.520683,f
5655,신관리,4887025026,경상남도,2026-01-13 13:16:43.52431,2026-01-13 13:16:43.524312,f
5656,백천리,4887025027,경상남도,2026-01-13 13:16:43.527809,2026-01-13 13:16:43.52781,f
5657,백연리,4887025028,경상남도,2026-01-13 13:16:43.532083,2026-01-13 13:16:43.532085,f
5658,이은리,4887025029,경상남도,2026-01-13 13:16:43.535967,2026-01-13 13:16:43.535968,f
5659,난평리,4887025030,경상남도,2026-01-13 13:16:43.539851,2026-01-13 13:16:43.539853,f
5660,삼산리,4887025031,경상남도,2026-01-13 13:16:43.543775,2026-01-13 13:16:43.543778,f
5661,죽곡리,4887025032,경상남도,2026-01-13 13:16:43.547425,2026-01-13 13:16:43.547426,f
5662,웅곡리,4887025033,경상남도,2026-01-13 13:16:43.55085,2026-01-13 13:16:43.550851,f
5663,구룡리,4887025034,경상남도,2026-01-13 13:16:43.554841,2026-01-13 13:16:43.554842,f
5664,죽림리,4887025035,경상남도,2026-01-13 13:16:43.558341,2026-01-13 13:16:43.558343,f
5665,마천면,4887031000,경상남도,2026-01-13 13:16:43.561879,2026-01-13 13:16:43.561881,f
5666,가흥리,4887031021,경상남도,2026-01-13 13:16:43.565512,2026-01-13 13:16:43.565514,f
5667,군자리,4887031022,경상남도,2026-01-13 13:16:43.568897,2026-01-13 13:16:43.568898,f
5668,덕전리,4887031023,경상남도,2026-01-13 13:16:43.572731,2026-01-13 13:16:43.572733,f
5669,삼정리,4887031024,경상남도,2026-01-13 13:16:43.576406,2026-01-13 13:16:43.576408,f
5670,강청리,4887031025,경상남도,2026-01-13 13:16:43.580318,2026-01-13 13:16:43.58032,f
5671,추성리,4887031026,경상남도,2026-01-13 13:16:43.583977,2026-01-13 13:16:43.583981,f
5672,의탄리,4887031027,경상남도,2026-01-13 13:16:43.588111,2026-01-13 13:16:43.588113,f
5673,창원리,4887031028,경상남도,2026-01-13 13:16:43.591668,2026-01-13 13:16:43.591669,f
5674,구양리,4887031029,경상남도,2026-01-13 13:16:43.595581,2026-01-13 13:16:43.595583,f
5675,휴천면,4887032000,경상남도,2026-01-13 13:16:43.59938,2026-01-13 13:16:43.599381,f
5676,월평리,4887032021,경상남도,2026-01-13 13:16:43.603224,2026-01-13 13:16:43.603226,f
5677,금반리,4887032022,경상남도,2026-01-13 13:16:43.606908,2026-01-13 13:16:43.60691,f
5678,태관리,4887032023,경상남도,2026-01-13 13:16:43.615524,2026-01-13 13:16:43.61553,f
5679,목현리,4887032024,경상남도,2026-01-13 13:16:43.624919,2026-01-13 13:16:43.624923,f
5680,호산리,4887032025,경상남도,2026-01-13 13:16:43.631746,2026-01-13 13:16:43.631749,f
5681,대천리,4887032026,경상남도,2026-01-13 13:16:43.635811,2026-01-13 13:16:43.635813,f
5682,남호리,4887032027,경상남도,2026-01-13 13:16:43.639922,2026-01-13 13:16:43.639924,f
5683,동강리,4887032028,경상남도,2026-01-13 13:16:43.643822,2026-01-13 13:16:43.643824,f
5684,운서리,4887032029,경상남도,2026-01-13 13:16:43.648046,2026-01-13 13:16:43.648048,f
5685,송전리,4887032030,경상남도,2026-01-13 13:16:43.651964,2026-01-13 13:16:43.651966,f
5686,문정리,4887032031,경상남도,2026-01-13 13:16:43.656153,2026-01-13 13:16:43.656155,f
5687,유림면,4887033000,경상남도,2026-01-13 13:16:43.660042,2026-01-13 13:16:43.660044,f
5688,손곡리,4887033021,경상남도,2026-01-13 13:16:43.664395,2026-01-13 13:16:43.664397,f
5689,유평리,4887033022,경상남도,2026-01-13 13:16:43.672638,2026-01-13 13:16:43.67264,f
5690,서주리,4887033023,경상남도,2026-01-13 13:16:43.677374,2026-01-13 13:16:43.677376,f
5691,화촌리,4887033024,경상남도,2026-01-13 13:16:43.680963,2026-01-13 13:16:43.680965,f
5692,장항리,4887033025,경상남도,2026-01-13 13:16:43.684943,2026-01-13 13:16:43.684945,f
5693,국계리,4887033026,경상남도,2026-01-13 13:16:43.688638,2026-01-13 13:16:43.68864,f
5694,대궁리,4887033027,경상남도,2026-01-13 13:16:43.692338,2026-01-13 13:16:43.692339,f
5695,웅평리,4887033028,경상남도,2026-01-13 13:16:43.695951,2026-01-13 13:16:43.695953,f
5696,옥매리,4887033029,경상남도,2026-01-13 13:16:43.702843,2026-01-13 13:16:43.702846,f
5697,수동면,4887034000,경상남도,2026-01-13 13:16:43.708675,2026-01-13 13:16:43.708676,f
5698,화산리,4887034021,경상남도,2026-01-13 13:16:43.714383,2026-01-13 13:16:43.714386,f
5699,죽산리,4887034022,경상남도,2026-01-13 13:16:43.718467,2026-01-13 13:16:43.718468,f
5700,하교리,4887034023,경상남도,2026-01-13 13:16:43.722104,2026-01-13 13:16:43.722106,f
5701,도북리,4887034024,경상남도,2026-01-13 13:16:43.725843,2026-01-13 13:16:43.725844,f
5702,상백리,4887034025,경상남도,2026-01-13 13:16:43.729994,2026-01-13 13:16:43.729996,f
5703,내백리,4887034026,경상남도,2026-01-13 13:16:43.733819,2026-01-13 13:16:43.733822,f
5704,우명리,4887034027,경상남도,2026-01-13 13:16:43.737532,2026-01-13 13:16:43.737534,f
5705,원평리,4887034028,경상남도,2026-01-13 13:16:43.743486,2026-01-13 13:16:43.743487,f
5706,지곡면,4887035000,경상남도,2026-01-13 13:16:43.747183,2026-01-13 13:16:43.747185,f
5707,개평리,4887035021,경상남도,2026-01-13 13:16:43.751152,2026-01-13 13:16:43.751154,f
5708,평촌리,4887035022,경상남도,2026-01-13 13:16:43.755222,2026-01-13 13:16:43.755225,f
5709,덕암리,4887035023,경상남도,2026-01-13 13:16:43.758933,2026-01-13 13:16:43.758934,f
5710,마산리,4887035024,경상남도,2026-01-13 13:16:43.762934,2026-01-13 13:16:43.762935,f
5711,시목리,4887035025,경상남도,2026-01-13 13:16:43.766669,2026-01-13 13:16:43.766671,f
5712,남효리,4887035026,경상남도,2026-01-13 13:16:43.772675,2026-01-13 13:16:43.772677,f
5713,창평리,4887035027,경상남도,2026-01-13 13:16:43.77739,2026-01-13 13:16:43.777391,f
5714,도촌리,4887035028,경상남도,2026-01-13 13:16:43.78092,2026-01-13 13:16:43.780922,f
5715,공배리,4887035029,경상남도,2026-01-13 13:16:43.784826,2026-01-13 13:16:43.784827,f
5716,보산리,4887035030,경상남도,2026-01-13 13:16:43.788925,2026-01-13 13:16:43.788927,f
5717,안의면,4887036000,경상남도,2026-01-13 13:16:43.79254,2026-01-13 13:16:43.792542,f
5718,금천리,4887036021,경상남도,2026-01-13 13:16:43.796382,2026-01-13 13:16:43.796384,f
5719,당본리,4887036022,경상남도,2026-01-13 13:16:43.800037,2026-01-13 13:16:43.800039,f
5720,이전리,4887036023,경상남도,2026-01-13 13:16:43.80671,2026-01-13 13:16:43.806711,f
5721,석천리,4887036024,경상남도,2026-01-13 13:16:43.811814,2026-01-13 13:16:43.811816,f
5722,황곡리,4887036025,경상남도,2026-01-13 13:16:43.818237,2026-01-13 13:16:43.818241,f
5723,도림리,4887036026,경상남도,2026-01-13 13:16:43.822016,2026-01-13 13:16:43.822017,f
5724,초동리,4887036027,경상남도,2026-01-13 13:16:43.825652,2026-01-13 13:16:43.825653,f
5725,봉산리,4887036028,경상남도,2026-01-13 13:16:43.829355,2026-01-13 13:16:43.829356,f
5726,귀곡리,4887036029,경상남도,2026-01-13 13:16:43.833019,2026-01-13 13:16:43.83302,f
5727,대대리,4887036030,경상남도,2026-01-13 13:16:43.837162,2026-01-13 13:16:43.837165,f
5728,신안리,4887036031,경상남도,2026-01-13 13:16:43.841104,2026-01-13 13:16:43.841106,f
5729,하원리,4887036032,경상남도,2026-01-13 13:16:43.846651,2026-01-13 13:16:43.846653,f
5730,상원리,4887036033,경상남도,2026-01-13 13:16:43.852776,2026-01-13 13:16:43.852778,f
5731,교북리,4887036034,경상남도,2026-01-13 13:16:43.859298,2026-01-13 13:16:43.859303,f
5732,월림리,4887036035,경상남도,2026-01-13 13:16:43.866743,2026-01-13 13:16:43.866746,f
5733,서하면,4887037000,경상남도,2026-01-13 13:16:43.87243,2026-01-13 13:16:43.872435,f
5734,송계리,4887037021,경상남도,2026-01-13 13:16:43.878921,2026-01-13 13:16:43.878924,f
5735,운곡리,4887037022,경상남도,2026-01-13 13:16:43.888525,2026-01-13 13:16:43.888528,f
5736,다곡리,4887037023,경상남도,2026-01-13 13:16:43.89562,2026-01-13 13:16:43.895625,f
5737,황산리,4887037024,경상남도,2026-01-13 13:16:43.90345,2026-01-13 13:16:43.903454,f
5738,봉전리,4887037025,경상남도,2026-01-13 13:16:43.908164,2026-01-13 13:16:43.908167,f
5739,서상면,4887038000,경상남도,2026-01-13 13:16:43.912199,2026-01-13 13:16:43.912201,f
5740,대남리,4887038021,경상남도,2026-01-13 13:16:43.916261,2026-01-13 13:16:43.916264,f
5741,도천리,4887038022,경상남도,2026-01-13 13:16:43.920599,2026-01-13 13:16:43.920601,f
5742,옥산리,4887038023,경상남도,2026-01-13 13:16:43.924532,2026-01-13 13:16:43.924534,f
5743,금당리,4887038024,경상남도,2026-01-13 13:16:43.93056,2026-01-13 13:16:43.930564,f
5744,중남리,4887038025,경상남도,2026-01-13 13:16:43.936754,2026-01-13 13:16:43.936757,f
5745,상남리,4887038026,경상남도,2026-01-13 13:16:43.942136,2026-01-13 13:16:43.942138,f
5746,백전면,4887039000,경상남도,2026-01-13 13:16:43.94783,2026-01-13 13:16:43.947833,f
5747,평정리,4887039021,경상남도,2026-01-13 13:16:43.953774,2026-01-13 13:16:43.953777,f
5748,양백리,4887039022,경상남도,2026-01-13 13:16:43.959216,2026-01-13 13:16:43.959218,f
5749,백운리,4887039023,경상남도,2026-01-13 13:16:43.967379,2026-01-13 13:16:43.967383,f
5750,운산리,4887039024,경상남도,2026-01-13 13:16:43.973598,2026-01-13 13:16:43.973601,f
5751,대안리,4887039025,경상남도,2026-01-13 13:16:43.978905,2026-01-13 13:16:43.978908,f
5752,구산리,4887039026,경상남도,2026-01-13 13:16:43.983375,2026-01-13 13:16:43.983378,f
5753,오천리,4887039027,경상남도,2026-01-13 13:16:43.988095,2026-01-13 13:16:43.988098,f
5754,경백리,4887039028,경상남도,2026-01-13 13:16:43.99366,2026-01-13 13:16:43.993662,f
5755,병곡면,4887040000,경상남도,2026-01-13 13:16:44.00131,2026-01-13 13:16:44.001313,f
5756,옥계리,4887040021,경상남도,2026-01-13 13:16:44.005814,2026-01-13 13:16:44.005816,f
5757,연덕리,4887040022,경상남도,2026-01-13 13:16:44.01193,2026-01-13 13:16:44.011932,f
5758,송평리,4887040023,경상남도,2026-01-13 13:16:44.017697,2026-01-13 13:16:44.017701,f
5759,도천리,4887040024,경상남도,2026-01-13 13:16:44.021954,2026-01-13 13:16:44.021957,f
5760,월암리,4887040025,경상남도,2026-01-13 13:16:44.026352,2026-01-13 13:16:44.026354,f
5761,광평리,4887040026,경상남도,2026-01-13 13:16:44.030687,2026-01-13 13:16:44.030689,f
5762,원산리,4887040027,경상남도,2026-01-13 13:16:44.034556,2026-01-13 13:16:44.034558,f
5763,거창군,4888000000,경상남도,2026-01-13 13:16:44.040778,2026-01-13 13:16:44.04078,f
5764,거창읍,4888025000,경상남도,2026-01-13 13:16:44.046288,2026-01-13 13:16:44.04629,f
5765,상림리,4888025021,경상남도,2026-01-13 13:16:44.052506,2026-01-13 13:16:44.052509,f
5766,중앙리,4888025022,경상남도,2026-01-13 13:16:44.058017,2026-01-13 13:16:44.058019,f
5767,대동리,4888025023,경상남도,2026-01-13 13:16:44.061846,2026-01-13 13:16:44.061847,f
5768,대평리,4888025024,경상남도,2026-01-13 13:16:44.065509,2026-01-13 13:16:44.065511,f
5769,김천리,4888025025,경상남도,2026-01-13 13:16:44.069824,2026-01-13 13:16:44.069827,f
5770,송정리,4888025026,경상남도,2026-01-13 13:16:44.073901,2026-01-13 13:16:44.073903,f
5771,장팔리,4888025027,경상남도,2026-01-13 13:16:44.081927,2026-01-13 13:16:44.081931,f
5772,정장리,4888025028,경상남도,2026-01-13 13:16:44.086894,2026-01-13 13:16:44.086897,f
5773,동변리,4888025029,경상남도,2026-01-13 13:16:44.093001,2026-01-13 13:16:44.093005,f
5774,서변리,4888025030,경상남도,2026-01-13 13:16:44.097452,2026-01-13 13:16:44.097456,f
5775,가지리,4888025031,경상남도,2026-01-13 13:16:44.102193,2026-01-13 13:16:44.102196,f
5776,양평리,4888025032,경상남도,2026-01-13 13:16:44.107369,2026-01-13 13:16:44.107373,f
5777,학리,4888025033,경상남도,2026-01-13 13:16:44.112468,2026-01-13 13:16:44.112471,f
5778,주상면,4888031000,경상남도,2026-01-13 13:16:44.116755,2026-01-13 13:16:44.116757,f
5779,성기리,4888031021,경상남도,2026-01-13 13:16:44.121964,2026-01-13 13:16:44.121966,f
5780,남산리,4888031022,경상남도,2026-01-13 13:16:44.12753,2026-01-13 13:16:44.127532,f
5781,거기리,4888031023,경상남도,2026-01-13 13:16:44.13447,2026-01-13 13:16:44.134474,f
5782,도평리,4888031024,경상남도,2026-01-13 13:16:44.13973,2026-01-13 13:16:44.139735,f
5783,연교리,4888031025,경상남도,2026-01-13 13:16:44.143964,2026-01-13 13:16:44.143966,f
5784,완대리,4888031026,경상남도,2026-01-13 13:16:44.147766,2026-01-13 13:16:44.147768,f
5785,내오리,4888031027,경상남도,2026-01-13 13:16:44.151452,2026-01-13 13:16:44.151454,f
5786,웅양면,4888032000,경상남도,2026-01-13 13:16:44.15567,2026-01-13 13:16:44.155672,f
5787,신촌리,4888032021,경상남도,2026-01-13 13:16:44.162627,2026-01-13 13:16:44.16263,f
5788,한기리,4888032022,경상남도,2026-01-13 13:16:44.167847,2026-01-13 13:16:44.16785,f
5789,죽림리,4888032023,경상남도,2026-01-13 13:16:44.173978,2026-01-13 13:16:44.173981,f
5790,군암리,4888032024,경상남도,2026-01-13 13:16:44.179628,2026-01-13 13:16:44.17963,f
5791,동호리,4888032025,경상남도,2026-01-13 13:16:44.183721,2026-01-13 13:16:44.183724,f
5792,산포리,4888032026,경상남도,2026-01-13 13:16:44.187836,2026-01-13 13:16:44.187838,f
5793,노현리,4888032027,경상남도,2026-01-13 13:16:44.191894,2026-01-13 13:16:44.191896,f
5794,고제면,4888033000,경상남도,2026-01-13 13:16:44.197166,2026-01-13 13:16:44.19717,f
5795,개명리,4888033021,경상남도,2026-01-13 13:16:44.20327,2026-01-13 13:16:44.203274,f
5796,봉산리,4888033022,경상남도,2026-01-13 13:16:44.208558,2026-01-13 13:16:44.208561,f
5797,봉계리,4888033023,경상남도,2026-01-13 13:16:44.214467,2026-01-13 13:16:44.214471,f
5798,농산리,4888033024,경상남도,2026-01-13 13:16:44.221035,2026-01-13 13:16:44.221038,f
5799,궁항리,4888033025,경상남도,2026-01-13 13:16:44.226272,2026-01-13 13:16:44.226276,f
5800,북상면,4888034000,경상남도,2026-01-13 13:16:44.239988,2026-01-13 13:16:44.239996,f
5801,병곡리,4888034021,경상남도,2026-01-13 13:16:44.254708,2026-01-13 13:16:44.254712,f
5802,갈계리,4888034022,경상남도,2026-01-13 13:16:44.261516,2026-01-13 13:16:44.261518,f
5803,농산리,4888034023,경상남도,2026-01-13 13:16:44.265907,2026-01-13 13:16:44.265909,f
5804,월성리,4888034024,경상남도,2026-01-13 13:16:44.271454,2026-01-13 13:16:44.271456,f
5805,소정리,4888034025,경상남도,2026-01-13 13:16:44.275622,2026-01-13 13:16:44.275624,f
5806,산수리,4888034026,경상남도,2026-01-13 13:16:44.279505,2026-01-13 13:16:44.279507,f
5807,창선리,4888034027,경상남도,2026-01-13 13:16:44.283938,2026-01-13 13:16:44.28394,f
5808,위천면,4888035000,경상남도,2026-01-13 13:16:44.287949,2026-01-13 13:16:44.287951,f
5809,장기리,4888035021,경상남도,2026-01-13 13:16:44.291733,2026-01-13 13:16:44.291735,f
5810,남산리,4888035022,경상남도,2026-01-13 13:16:44.300101,2026-01-13 13:16:44.300104,f
5811,상천리,4888035023,경상남도,2026-01-13 13:16:44.304148,2026-01-13 13:16:44.30415,f
5812,당산리,4888035024,경상남도,2026-01-13 13:16:44.308132,2026-01-13 13:16:44.308133,f
5813,강천리,4888035025,경상남도,2026-01-13 13:16:44.311921,2026-01-13 13:16:44.311922,f
5814,모동리,4888035026,경상남도,2026-01-13 13:16:44.31556,2026-01-13 13:16:44.315562,f
5815,황산리,4888035028,경상남도,2026-01-13 13:16:44.319256,2026-01-13 13:16:44.319257,f
5816,마리면,4888036000,경상남도,2026-01-13 13:16:44.323085,2026-01-13 13:16:44.323087,f
5817,말흘리,4888036021,경상남도,2026-01-13 13:16:44.329866,2026-01-13 13:16:44.329869,f
5818,영승리,4888036022,경상남도,2026-01-13 13:16:44.333796,2026-01-13 13:16:44.333798,f
5819,고학리,4888036023,경상남도,2026-01-13 13:16:44.337828,2026-01-13 13:16:44.33783,f
5820,율리,4888036024,경상남도,2026-01-13 13:16:44.341409,2026-01-13 13:16:44.34141,f
5821,대동리,4888036025,경상남도,2026-01-13 13:16:44.34544,2026-01-13 13:16:44.345443,f
5822,하고리,4888036026,경상남도,2026-01-13 13:16:44.349453,2026-01-13 13:16:44.349454,f
5823,월계리,4888036027,경상남도,2026-01-13 13:16:44.353217,2026-01-13 13:16:44.35322,f
5824,남상면,4888037000,경상남도,2026-01-13 13:16:44.358771,2026-01-13 13:16:44.358774,f
5825,무촌리,4888037021,경상남도,2026-01-13 13:16:44.364439,2026-01-13 13:16:44.364442,f
5826,대산리,4888037022,경상남도,2026-01-13 13:16:44.370027,2026-01-13 13:16:44.370028,f
5827,둔동리,4888037023,경상남도,2026-01-13 13:16:44.376113,2026-01-13 13:16:44.376116,f
5828,월평리,4888037024,경상남도,2026-01-13 13:16:44.379897,2026-01-13 13:16:44.379898,f
5829,송변리,4888037025,경상남도,2026-01-13 13:16:44.383605,2026-01-13 13:16:44.383607,f
5830,전척리,4888037026,경상남도,2026-01-13 13:16:44.387653,2026-01-13 13:16:44.387655,f
5831,오계리,4888037027,경상남도,2026-01-13 13:16:44.391245,2026-01-13 13:16:44.391247,f
5832,임불리,4888037028,경상남도,2026-01-13 13:16:44.399346,2026-01-13 13:16:44.399349,f
5833,춘전리,4888037029,경상남도,2026-01-13 13:16:44.404461,2026-01-13 13:16:44.404463,f
5834,진목리,4888037030,경상남도,2026-01-13 13:16:44.41114,2026-01-13 13:16:44.411143,f
5835,남하면,4888038000,경상남도,2026-01-13 13:16:44.41623,2026-01-13 13:16:44.416232,f
5836,무릉리,4888038021,경상남도,2026-01-13 13:16:44.420933,2026-01-13 13:16:44.420936,f
5837,양항리,4888038022,경상남도,2026-01-13 13:16:44.425045,2026-01-13 13:16:44.425047,f
5838,둔마리,4888038023,경상남도,2026-01-13 13:16:44.429394,2026-01-13 13:16:44.429395,f
5839,지산리,4888038024,경상남도,2026-01-13 13:16:44.433852,2026-01-13 13:16:44.433854,f
5840,대야리,4888038025,경상남도,2026-01-13 13:16:44.439246,2026-01-13 13:16:44.439249,f
5841,신원면,4888039000,경상남도,2026-01-13 13:16:44.444746,2026-01-13 13:16:44.444747,f
5842,수원리,4888039021,경상남도,2026-01-13 13:16:44.450379,2026-01-13 13:16:44.450381,f
5843,와룡리,4888039022,경상남도,2026-01-13 13:16:44.456839,2026-01-13 13:16:44.456842,f
5844,청수리,4888039023,경상남도,2026-01-13 13:16:44.461101,2026-01-13 13:16:44.461103,f
5845,대현리,4888039024,경상남도,2026-01-13 13:16:44.465269,2026-01-13 13:16:44.465271,f
5846,구사리,4888039025,경상남도,2026-01-13 13:16:44.469108,2026-01-13 13:16:44.46911,f
5847,과정리,4888039026,경상남도,2026-01-13 13:16:44.474521,2026-01-13 13:16:44.474524,f
5848,양지리,4888039027,경상남도,2026-01-13 13:16:44.479043,2026-01-13 13:16:44.479045,f
5849,덕산리,4888039028,경상남도,2026-01-13 13:16:44.483438,2026-01-13 13:16:44.483441,f
5850,중유리,4888039029,경상남도,2026-01-13 13:16:44.487817,2026-01-13 13:16:44.48782,f
5851,가조면,4888040000,경상남도,2026-01-13 13:16:44.492954,2026-01-13 13:16:44.492956,f
5852,대초리,4888040021,경상남도,2026-01-13 13:16:44.497326,2026-01-13 13:16:44.49733,f
5853,기리,4888040022,경상남도,2026-01-13 13:16:44.50233,2026-01-13 13:16:44.502332,f
5854,석강리,4888040023,경상남도,2026-01-13 13:16:44.507603,2026-01-13 13:16:44.507605,f
5855,사병리,4888040024,경상남도,2026-01-13 13:16:44.514273,2026-01-13 13:16:44.514277,f
5856,일부리,4888040025,경상남도,2026-01-13 13:16:44.519671,2026-01-13 13:16:44.519673,f
5857,도리,4888040026,경상남도,2026-01-13 13:16:44.524123,2026-01-13 13:16:44.524125,f
5858,장기리,4888040027,경상남도,2026-01-13 13:16:44.528009,2026-01-13 13:16:44.52801,f
5859,마상리,4888040028,경상남도,2026-01-13 13:16:44.531496,2026-01-13 13:16:44.531498,f
5860,수월리,4888040029,경상남도,2026-01-13 13:16:44.535773,2026-01-13 13:16:44.535775,f
5861,동례리,4888040030,경상남도,2026-01-13 13:16:44.539674,2026-01-13 13:16:44.539676,f
5862,가북면,4888041000,경상남도,2026-01-13 13:16:44.543403,2026-01-13 13:16:44.543405,f
5863,용산리,4888041021,경상남도,2026-01-13 13:16:44.547866,2026-01-13 13:16:44.547868,f
5864,우혜리,4888041022,경상남도,2026-01-13 13:16:44.552525,2026-01-13 13:16:44.552527,f
5865,중촌리,4888041023,경상남도,2026-01-13 13:16:44.558813,2026-01-13 13:16:44.558817,f
5866,해평리,4888041024,경상남도,2026-01-13 13:16:44.567915,2026-01-13 13:16:44.567919,f
5867,용암리,4888041025,경상남도,2026-01-13 13:16:44.574852,2026-01-13 13:16:44.574856,f
5868,몽석리,4888041026,경상남도,2026-01-13 13:16:44.58149,2026-01-13 13:16:44.581493,f
5869,박암리,4888041027,경상남도,2026-01-13 13:16:44.587942,2026-01-13 13:16:44.587945,f
5870,합천군,4889000000,경상남도,2026-01-13 13:16:44.593844,2026-01-13 13:16:44.593847,f
5871,합천읍,4889025000,경상남도,2026-01-13 13:16:44.599183,2026-01-13 13:16:44.599185,f
5872,합천리,4889025021,경상남도,2026-01-13 13:16:44.603742,2026-01-13 13:16:44.603744,f
5873,금양리,4889025022,경상남도,2026-01-13 13:16:44.609023,2026-01-13 13:16:44.609025,f
5874,영창리,4889025023,경상남도,2026-01-13 13:16:44.613472,2026-01-13 13:16:44.613474,f
5875,내곡리,4889025024,경상남도,2026-01-13 13:16:44.617589,2026-01-13 13:16:44.617591,f
5876,서산리,4889025025,경상남도,2026-01-13 13:16:44.621457,2026-01-13 13:16:44.621459,f
5877,용계리,4889025026,경상남도,2026-01-13 13:16:44.626173,2026-01-13 13:16:44.626175,f
5878,외곡리,4889025027,경상남도,2026-01-13 13:16:44.629974,2026-01-13 13:16:44.629975,f
5879,장계리,4889025028,경상남도,2026-01-13 13:16:44.635388,2026-01-13 13:16:44.635396,f
5880,인곡리,4889025029,경상남도,2026-01-13 13:16:44.639196,2026-01-13 13:16:44.639197,f
5881,봉산면,4889031000,경상남도,2026-01-13 13:16:44.643036,2026-01-13 13:16:44.643038,f
5882,압곡리,4889031021,경상남도,2026-01-13 13:16:44.647137,2026-01-13 13:16:44.64714,f
5883,권빈리,4889031022,경상남도,2026-01-13 13:16:44.65081,2026-01-13 13:16:44.650812,f
5884,상현리,4889031023,경상남도,2026-01-13 13:16:44.654442,2026-01-13 13:16:44.654443,f
5885,김봉리,4889031025,경상남도,2026-01-13 13:16:44.660113,2026-01-13 13:16:44.660115,f
5886,봉계리,4889031026,경상남도,2026-01-13 13:16:44.665941,2026-01-13 13:16:44.665944,f
5887,송림리,4889031027,경상남도,2026-01-13 13:16:44.671927,2026-01-13 13:16:44.67193,f
5888,계산리,4889031028,경상남도,2026-01-13 13:16:44.677657,2026-01-13 13:16:44.677659,f
5889,고삼리,4889031029,경상남도,2026-01-13 13:16:44.68173,2026-01-13 13:16:44.681732,f
5890,양지리,4889031030,경상남도,2026-01-13 13:16:44.685813,2026-01-13 13:16:44.685815,f
5891,노곡리,4889031031,경상남도,2026-01-13 13:16:44.690138,2026-01-13 13:16:44.69014,f
5892,술곡리,4889031032,경상남도,2026-01-13 13:16:44.694169,2026-01-13 13:16:44.694171,f
5893,도곡리,4889031033,경상남도,2026-01-13 13:16:44.700617,2026-01-13 13:16:44.70062,f
5894,묘산면,4889032000,경상남도,2026-01-13 13:16:44.706288,2026-01-13 13:16:44.70629,f
5895,반포리,4889032021,경상남도,2026-01-13 13:16:44.712285,2026-01-13 13:16:44.712288,f
5896,팔심리,4889032022,경상남도,2026-01-13 13:16:44.717809,2026-01-13 13:16:44.717811,f
5897,안성리,4889032023,경상남도,2026-01-13 13:16:44.721573,2026-01-13 13:16:44.721574,f
5898,관기리,4889032025,경상남도,2026-01-13 13:16:44.72548,2026-01-13 13:16:44.725482,f
5899,광산리,4889032026,경상남도,2026-01-13 13:16:44.729518,2026-01-13 13:16:44.72952,f
5900,도옥리,4889032027,경상남도,2026-01-13 13:16:44.733996,2026-01-13 13:16:44.733998,f
5901,산제리,4889032028,경상남도,2026-01-13 13:16:44.741485,2026-01-13 13:16:44.741487,f
5902,가산리,4889032029,경상남도,2026-01-13 13:16:44.745708,2026-01-13 13:16:44.74571,f
5903,화양리,4889032030,경상남도,2026-01-13 13:16:44.749968,2026-01-13 13:16:44.74997,f
5904,거산리,4889032031,경상남도,2026-01-13 13:16:44.754146,2026-01-13 13:16:44.754149,f
5905,봉곡리,4889032032,경상남도,2026-01-13 13:16:44.75816,2026-01-13 13:16:44.758161,f
5906,가야면,4889033000,경상남도,2026-01-13 13:16:44.761949,2026-01-13 13:16:44.761951,f
5907,죽전리,4889033021,경상남도,2026-01-13 13:16:44.770039,2026-01-13 13:16:44.770042,f
5908,대전리,4889033022,경상남도,2026-01-13 13:16:44.775765,2026-01-13 13:16:44.775768,f
5909,가천리,4889033023,경상남도,2026-01-13 13:16:44.780994,2026-01-13 13:16:44.780996,f
5910,구미리,4889033024,경상남도,2026-01-13 13:16:44.786718,2026-01-13 13:16:44.78672,f
5911,성기리,4889033025,경상남도,2026-01-13 13:16:44.790785,2026-01-13 13:16:44.790787,f
5912,매안리,4889033026,경상남도,2026-01-13 13:16:44.795107,2026-01-13 13:16:44.795109,f
5913,매화리,4889033027,경상남도,2026-01-13 13:16:44.798746,2026-01-13 13:16:44.798747,f
5914,청현리,4889033028,경상남도,2026-01-13 13:16:44.802923,2026-01-13 13:16:44.802926,f
5915,이천리,4889033029,경상남도,2026-01-13 13:16:44.810026,2026-01-13 13:16:44.810028,f
5916,사촌리,4889033030,경상남도,2026-01-13 13:16:44.815504,2026-01-13 13:16:44.815506,f
5917,황산리,4889033031,경상남도,2026-01-13 13:16:44.82116,2026-01-13 13:16:44.821164,f
5918,야천리,4889033032,경상남도,2026-01-13 13:16:44.827312,2026-01-13 13:16:44.827314,f
5919,구원리,4889033033,경상남도,2026-01-13 13:16:44.830995,2026-01-13 13:16:44.830997,f
5920,치인리,4889033034,경상남도,2026-01-13 13:16:44.835084,2026-01-13 13:16:44.835086,f
5921,야로면,4889034000,경상남도,2026-01-13 13:16:44.839202,2026-01-13 13:16:44.839204,f
5922,덕암리,4889034021,경상남도,2026-01-13 13:16:44.842875,2026-01-13 13:16:44.842876,f
5923,청계리,4889034022,경상남도,2026-01-13 13:16:44.855881,2026-01-13 13:16:44.855886,f
5924,정대리,4889034023,경상남도,2026-01-13 13:16:44.862525,2026-01-13 13:16:44.862527,f
5925,월광리,4889034024,경상남도,2026-01-13 13:16:44.867499,2026-01-13 13:16:44.867501,f
5926,묵촌리,4889034025,경상남도,2026-01-13 13:16:44.87124,2026-01-13 13:16:44.871241,f
5927,구정리,4889034026,경상남도,2026-01-13 13:16:44.874784,2026-01-13 13:16:44.874786,f
5928,금평리,4889034027,경상남도,2026-01-13 13:16:44.879214,2026-01-13 13:16:44.879217,f
5929,하빈리,4889034028,경상남도,2026-01-13 13:16:44.883847,2026-01-13 13:16:44.883849,f
5930,매촌리,4889034029,경상남도,2026-01-13 13:16:44.89075,2026-01-13 13:16:44.890753,f
5931,야로리,4889034030,경상남도,2026-01-13 13:16:44.894581,2026-01-13 13:16:44.894583,f
5932,하림리,4889034031,경상남도,2026-01-13 13:16:44.898338,2026-01-13 13:16:44.898339,f
5933,나대리,4889034032,경상남도,2026-01-13 13:16:44.902179,2026-01-13 13:16:44.902182,f
5934,율곡면,4889035000,경상남도,2026-01-13 13:16:44.905891,2026-01-13 13:16:44.905894,f
5935,기리,4889035021,경상남도,2026-01-13 13:16:44.909736,2026-01-13 13:16:44.909737,f
5936,내천리,4889035022,경상남도,2026-01-13 13:16:44.914054,2026-01-13 13:16:44.914057,f
5937,두사리,4889035023,경상남도,2026-01-13 13:16:44.919394,2026-01-13 13:16:44.919397,f
5938,갑산리,4889035024,경상남도,2026-01-13 13:16:44.925767,2026-01-13 13:16:44.925769,f
5939,낙민리,4889035025,경상남도,2026-01-13 13:16:44.930314,2026-01-13 13:16:44.930316,f
5940,노양리,4889035026,경상남도,2026-01-13 13:16:44.936835,2026-01-13 13:16:44.936837,f
5941,와리,4889035027,경상남도,2026-01-13 13:16:44.940587,2026-01-13 13:16:44.940589,f
5942,율진리,4889035028,경상남도,2026-01-13 13:16:44.945696,2026-01-13 13:16:44.9457,f
5943,항곡리,4889035029,경상남도,2026-01-13 13:16:44.950048,2026-01-13 13:16:44.950049,f
5944,문림리,4889035030,경상남도,2026-01-13 13:16:44.953621,2026-01-13 13:16:44.953623,f
5945,본천리,4889035031,경상남도,2026-01-13 13:16:44.960482,2026-01-13 13:16:44.960486,f
5946,영전리,4889035032,경상남도,2026-01-13 13:16:44.965381,2026-01-13 13:16:44.965384,f
5947,제내리,4889035033,경상남도,2026-01-13 13:16:44.971394,2026-01-13 13:16:44.971396,f
5948,임북리,4889035034,경상남도,2026-01-13 13:16:44.975286,2026-01-13 13:16:44.975287,f
5949,초계면,4889036000,경상남도,2026-01-13 13:16:44.980164,2026-01-13 13:16:44.980167,f
5950,아막리,4889036021,경상남도,2026-01-13 13:16:44.985475,2026-01-13 13:16:44.985478,f
5951,초계리,4889036022,경상남도,2026-01-13 13:16:44.998141,2026-01-13 13:16:44.998148,f
5952,중리,4889036023,경상남도,2026-01-13 13:16:45.008706,2026-01-13 13:16:45.008709,f
5953,대동리,4889036024,경상남도,2026-01-13 13:16:45.018405,2026-01-13 13:16:45.018408,f
5954,상대리,4889036025,경상남도,2026-01-13 13:16:45.023581,2026-01-13 13:16:45.023585,f
5955,택리,4889036026,경상남도,2026-01-13 13:16:45.030187,2026-01-13 13:16:45.030189,f
5956,원당리,4889036027,경상남도,2026-01-13 13:16:45.0357,2026-01-13 13:16:45.035703,f
5957,관평리,4889036028,경상남도,2026-01-13 13:16:45.042046,2026-01-13 13:16:45.042048,f
5958,대평리,4889036029,경상남도,2026-01-13 13:16:45.047384,2026-01-13 13:16:45.047387,f
5959,유하리,4889036030,경상남도,2026-01-13 13:16:45.053035,2026-01-13 13:16:45.053037,f
5960,신촌리,4889036031,경상남도,2026-01-13 13:16:45.059004,2026-01-13 13:16:45.059012,f
5961,쌍책면,4889037000,경상남도,2026-01-13 13:16:45.063161,2026-01-13 13:16:45.063163,f
5962,상신리,4889037021,경상남도,2026-01-13 13:16:45.067145,2026-01-13 13:16:45.067147,f
5963,하신리,4889037022,경상남도,2026-01-13 13:16:45.071029,2026-01-13 13:16:45.071031,f
5964,건태리,4889037023,경상남도,2026-01-13 13:16:45.074971,2026-01-13 13:16:45.074973,f
5965,사양리,4889037024,경상남도,2026-01-13 13:16:45.082286,2026-01-13 13:16:45.082289,f
5966,덕봉리,4889037025,경상남도,2026-01-13 13:16:45.087186,2026-01-13 13:16:45.087188,f
5967,상포리,4889037026,경상남도,2026-01-13 13:16:45.093878,2026-01-13 13:16:45.09388,f
5968,성산리,4889037027,경상남도,2026-01-13 13:16:45.098833,2026-01-13 13:16:45.098834,f
5969,진정리,4889037028,경상남도,2026-01-13 13:16:45.1028,2026-01-13 13:16:45.102802,f
5970,다라리,4889037029,경상남도,2026-01-13 13:16:45.10702,2026-01-13 13:16:45.107023,f
5971,오서리,4889037030,경상남도,2026-01-13 13:16:45.110975,2026-01-13 13:16:45.110978,f
5972,덕곡면,4889038000,경상남도,2026-01-13 13:16:45.115134,2026-01-13 13:16:45.115136,f
5973,포두리,4889038021,경상남도,2026-01-13 13:16:45.122568,2026-01-13 13:16:45.122571,f
5974,장리,4889038022,경상남도,2026-01-13 13:16:45.127215,2026-01-13 13:16:45.127217,f
5975,병배리,4889038023,경상남도,2026-01-13 13:16:45.13338,2026-01-13 13:16:45.133383,f
5976,학리,4889038024,경상남도,2026-01-13 13:16:45.139598,2026-01-13 13:16:45.1396,f
5977,율지리,4889038025,경상남도,2026-01-13 13:16:45.143799,2026-01-13 13:16:45.143801,f
5978,율원리,4889038026,경상남도,2026-01-13 13:16:45.147675,2026-01-13 13:16:45.147677,f
5979,본곡리,4889038027,경상남도,2026-01-13 13:16:45.151327,2026-01-13 13:16:45.151329,f
5980,청덕면,4889039000,경상남도,2026-01-13 13:16:45.155317,2026-01-13 13:16:45.15532,f
5981,적포리,4889039022,경상남도,2026-01-13 13:16:45.162463,2026-01-13 13:16:45.162466,f
5982,두곡리,4889039023,경상남도,2026-01-13 13:16:45.167784,2026-01-13 13:16:45.167787,f
5983,대부리,4889039024,경상남도,2026-01-13 13:16:45.17379,2026-01-13 13:16:45.173793,f
5984,앙진리,4889039025,경상남도,2026-01-13 13:16:45.180118,2026-01-13 13:16:45.18012,f
5985,모리,4889039026,경상남도,2026-01-13 13:16:45.184064,2026-01-13 13:16:45.184066,f
5986,미곡리,4889039027,경상남도,2026-01-13 13:16:45.187743,2026-01-13 13:16:45.187744,f
5987,성태리,4889039028,경상남도,2026-01-13 13:16:45.191571,2026-01-13 13:16:45.191573,f
5988,삼학리,4889039029,경상남도,2026-01-13 13:16:45.195491,2026-01-13 13:16:45.195493,f
5989,소례리,4889039030,경상남도,2026-01-13 13:16:45.202952,2026-01-13 13:16:45.202954,f
5990,운봉리,4889039031,경상남도,2026-01-13 13:16:45.208064,2026-01-13 13:16:45.208066,f
5991,초곡리,4889039032,경상남도,2026-01-13 13:16:45.214136,2026-01-13 13:16:45.214138,f
5992,가현리,4889039033,경상남도,2026-01-13 13:16:45.219571,2026-01-13 13:16:45.219572,f
5993,적중면,4889040000,경상남도,2026-01-13 13:16:45.224062,2026-01-13 13:16:45.224064,f
5994,죽고리,4889040021,경상남도,2026-01-13 13:16:45.228134,2026-01-13 13:16:45.228136,f
5995,황정리,4889040022,경상남도,2026-01-13 13:16:45.231782,2026-01-13 13:16:45.231784,f
5996,정토리,4889040023,경상남도,2026-01-13 13:16:45.235736,2026-01-13 13:16:45.235738,f
5997,옥두리,4889040024,경상남도,2026-01-13 13:16:45.243993,2026-01-13 13:16:45.243996,f
5998,부수리,4889040026,경상남도,2026-01-13 13:16:45.248394,2026-01-13 13:16:45.248395,f
5999,누하리,4889040027,경상남도,2026-01-13 13:16:45.254131,2026-01-13 13:16:45.254136,f
6000,상부리,4889040028,경상남도,2026-01-13 13:16:45.260381,2026-01-13 13:16:45.260384,f
6001,양림리,4889040029,경상남도,2026-01-13 13:16:45.264233,2026-01-13 13:16:45.264234,f
6002,두방리,4889040030,경상남도,2026-01-13 13:16:45.268022,2026-01-13 13:16:45.268025,f
6003,대양면,4889041000,경상남도,2026-01-13 13:16:45.271766,2026-01-13 13:16:45.271767,f
6004,정양리,4889041021,경상남도,2026-01-13 13:16:45.27519,2026-01-13 13:16:45.275192,f
6005,아천리,4889041022,경상남도,2026-01-13 13:16:45.278955,2026-01-13 13:16:45.278956,f
6006,대목리,4889041023,경상남도,2026-01-13 13:16:45.284228,2026-01-13 13:16:45.284231,f
6007,무곡리,4889041024,경상남도,2026-01-13 13:16:45.29025,2026-01-13 13:16:45.290252,f
6008,덕정리,4889041025,경상남도,2026-01-13 13:16:45.295698,2026-01-13 13:16:45.2957,f
6009,도리,4889041026,경상남도,2026-01-13 13:16:45.30177,2026-01-13 13:16:45.301772,f
6010,함지리,4889041027,경상남도,2026-01-13 13:16:45.306152,2026-01-13 13:16:45.306154,f
6011,양산리,4889041028,경상남도,2026-01-13 13:16:45.309913,2026-01-13 13:16:45.309915,f
6012,안금리,4889041029,경상남도,2026-01-13 13:16:45.314025,2026-01-13 13:16:45.314027,f
6013,백암리,4889041030,경상남도,2026-01-13 13:16:45.317726,2026-01-13 13:16:45.317727,f
6014,오산리,4889041031,경상남도,2026-01-13 13:16:45.325096,2026-01-13 13:16:45.325098,f
6015,쌍백면,4889042000,경상남도,2026-01-13 13:16:45.330336,2026-01-13 13:16:45.330338,f
6016,대곡리,4889042021,경상남도,2026-01-13 13:16:45.336315,2026-01-13 13:16:45.336317,f
6017,육리,4889042022,경상남도,2026-01-13 13:16:45.341812,2026-01-13 13:16:45.341814,f
6018,평구리,4889042023,경상남도,2026-01-13 13:16:45.345912,2026-01-13 13:16:45.345913,f
6019,평지리,4889042024,경상남도,2026-01-13 13:16:45.349741,2026-01-13 13:16:45.349743,f
6020,안계리,4889042025,경상남도,2026-01-13 13:16:45.353301,2026-01-13 13:16:45.353302,f
6021,대현리,4889042026,경상남도,2026-01-13 13:16:45.357351,2026-01-13 13:16:45.357353,f
6022,외초리,4889042027,경상남도,2026-01-13 13:16:45.365156,2026-01-13 13:16:45.365158,f
6023,장전리,4889042028,경상남도,2026-01-13 13:16:45.371251,2026-01-13 13:16:45.371253,f
6024,운곡리,4889042029,경상남도,2026-01-13 13:16:45.376283,2026-01-13 13:16:45.376284,f
6025,백역리,4889042030,경상남도,2026-01-13 13:16:45.382553,2026-01-13 13:16:45.382555,f
6026,하신리,4889042031,경상남도,2026-01-13 13:16:45.38657,2026-01-13 13:16:45.386572,f
6027,삼리,4889042032,경상남도,2026-01-13 13:16:45.391908,2026-01-13 13:16:45.391914,f
6028,죽전리,4889042033,경상남도,2026-01-13 13:16:45.399879,2026-01-13 13:16:45.399883,f
6029,삼가면,4889043000,경상남도,2026-01-13 13:16:45.406223,2026-01-13 13:16:45.406227,f
6030,동리,4889043021,경상남도,2026-01-13 13:16:45.411151,2026-01-13 13:16:45.411152,f
6031,용흥리,4889043022,경상남도,2026-01-13 13:16:45.416727,2026-01-13 13:16:45.416729,f
6032,외토리,4889043023,경상남도,2026-01-13 13:16:45.422921,2026-01-13 13:16:45.422924,f
6033,일부리,4889043024,경상남도,2026-01-13 13:16:45.426814,2026-01-13 13:16:45.426816,f
6034,어전리,4889043025,경상남도,2026-01-13 13:16:45.430319,2026-01-13 13:16:45.430321,f
6035,양전리,4889043026,경상남도,2026-01-13 13:16:45.433803,2026-01-13 13:16:45.433805,f
6036,금리,4889043027,경상남도,2026-01-13 13:16:45.438161,2026-01-13 13:16:45.438164,f
6037,두모리,4889043028,경상남도,2026-01-13 13:16:45.445906,2026-01-13 13:16:45.445908,f
6038,소오리,4889043029,경상남도,2026-01-13 13:16:45.453349,2026-01-13 13:16:45.453352,f
6039,하판리,4889043030,경상남도,2026-01-13 13:16:45.461167,2026-01-13 13:16:45.46117,f
6040,문송리,4889043031,경상남도,2026-01-13 13:16:45.465359,2026-01-13 13:16:45.465361,f
6041,덕진리,4889043032,경상남도,2026-01-13 13:16:45.469568,2026-01-13 13:16:45.469571,f
6042,학리,4889043033,경상남도,2026-01-13 13:16:45.474733,2026-01-13 13:16:45.474736,f
6043,가회면,4889044000,경상남도,2026-01-13 13:16:45.479792,2026-01-13 13:16:45.479794,f
6044,월계리,4889044021,경상남도,2026-01-13 13:16:45.487,2026-01-13 13:16:45.487003,f
6045,도탄리,4889044022,경상남도,2026-01-13 13:16:45.493465,2026-01-13 13:16:45.493469,f
6046,오도리,4889044023,경상남도,2026-01-13 13:16:45.498175,2026-01-13 13:16:45.498177,f
6047,둔내리,4889044024,경상남도,2026-01-13 13:16:45.503728,2026-01-13 13:16:45.503731,f
6048,중촌리,4889044025,경상남도,2026-01-13 13:16:45.507571,2026-01-13 13:16:45.507573,f
6049,덕촌리,4889044026,경상남도,2026-01-13 13:16:45.512055,2026-01-13 13:16:45.512059,f
6050,함방리,4889044027,경상남도,2026-01-13 13:16:45.517109,2026-01-13 13:16:45.517111,f
6051,장대리,4889044028,경상남도,2026-01-13 13:16:45.521305,2026-01-13 13:16:45.521307,f
6052,외사리,4889044029,경상남도,2026-01-13 13:16:45.526894,2026-01-13 13:16:45.526895,f
6053,대병면,4889045000,경상남도,2026-01-13 13:16:45.531908,2026-01-13 13:16:45.531909,f
6054,상천리,4889045021,경상남도,2026-01-13 13:16:45.538206,2026-01-13 13:16:45.538208,f
6055,역평리,4889045022,경상남도,2026-01-13 13:16:45.544477,2026-01-13 13:16:45.544479,f
6056,회양리,4889045023,경상남도,2026-01-13 13:16:45.548513,2026-01-13 13:16:45.548515,f
6057,유전리,4889045024,경상남도,2026-01-13 13:16:45.552338,2026-01-13 13:16:45.55234,f
6058,양리,4889045025,경상남도,2026-01-13 13:16:45.55668,2026-01-13 13:16:45.556682,f
6059,하금리,4889045026,경상남도,2026-01-13 13:16:45.560646,2026-01-13 13:16:45.560648,f
6060,장단리,4889045027,경상남도,2026-01-13 13:16:45.566926,2026-01-13 13:16:45.566928,f
6061,대지리,4889045028,경상남도,2026-01-13 13:16:45.572641,2026-01-13 13:16:45.572643,f
6062,성리,4889045029,경상남도,2026-01-13 13:16:45.578587,2026-01-13 13:16:45.578589,f
6063,용주면,4889046000,경상남도,2026-01-13 13:16:45.584567,2026-01-13 13:16:45.584569,f
6064,공암리,4889046021,경상남도,2026-01-13 13:16:45.588418,2026-01-13 13:16:45.58842,f
6065,황계리,4889046022,경상남도,2026-01-13 13:16:45.59229,2026-01-13 13:16:45.592292,f
6066,장전리,4889046023,경상남도,2026-01-13 13:16:45.596234,2026-01-13 13:16:45.596247,f
6067,노리,4889046024,경상남도,2026-01-13 13:16:45.600318,2026-01-13 13:16:45.60032,f
6068,평산리,4889046025,경상남도,2026-01-13 13:16:45.607499,2026-01-13 13:16:45.607501,f
6069,손목리,4889046026,경상남도,2026-01-13 13:16:45.613297,2026-01-13 13:16:45.6133,f
6070,팔산리,4889046027,경상남도,2026-01-13 13:16:45.619104,2026-01-13 13:16:45.619107,f
6071,용지리,4889046028,경상남도,2026-01-13 13:16:45.625532,2026-01-13 13:16:45.625534,f
6072,성산리,4889046029,경상남도,2026-01-13 13:16:45.629939,2026-01-13 13:16:45.629942,f
6073,월평리,4889046030,경상남도,2026-01-13 13:16:45.6348,2026-01-13 13:16:45.634802,f
6074,방곡리,4889046031,경상남도,2026-01-13 13:16:45.639025,2026-01-13 13:16:45.639027,f
6075,고품리,4889046032,경상남도,2026-01-13 13:16:45.642851,2026-01-13 13:16:45.642852,f
6076,봉기리,4889046033,경상남도,2026-01-13 13:16:45.648877,2026-01-13 13:16:45.648879,f
6077,우곡리,4889046035,경상남도,2026-01-13 13:16:45.654085,2026-01-13 13:16:45.654088,f
6078,죽죽리,4889046036,경상남도,2026-01-13 13:16:45.659814,2026-01-13 13:16:45.659816,f
6079,가호리,4889046037,경상남도,2026-01-13 13:16:45.665566,2026-01-13 13:16:45.665568,f
6080,용지동,4812313400,경상남도,2026-01-13 13:16:45.670663,2026-01-13 13:16:45.670666,f
6081,용호동,4812313500,경상남도,2026-01-13 13:16:45.674805,2026-01-13 13:16:45.674807,f
6082,신월동,4812313600,경상남도,2026-01-13 13:16:45.678996,2026-01-13 13:16:45.678999,f
6083,대원동,4812313700,경상남도,2026-01-13 13:16:45.682942,2026-01-13 13:16:45.682943,f
6084,두대동,4812313800,경상남도,2026-01-13 13:16:45.688919,2026-01-13 13:16:45.688921,f
6085,삼동동,4812313900,경상남도,2026-01-13 13:16:45.694429,2026-01-13 13:16:45.69443,f
6086,덕정동,4812314000,경상남도,2026-01-13 13:16:45.700286,2026-01-13 13:16:45.700288,f
6087,퇴촌동,4812314100,경상남도,2026-01-13 13:16:45.706317,2026-01-13 13:16:45.70632,f
6088,당포리,4822025032,경상남도,2026-01-13 13:16:45.711549,2026-01-13 13:16:45.711552,f
6089,본포리,4790025321,경상북도,2026-01-13 13:16:45.717799,2026-01-13 13:16:45.717801,f
6090,원곡리,4790025322,경상북도,2026-01-13 13:16:45.723917,2026-01-13 13:16:45.72392,f
6091,송곡리,4790025323,경상북도,2026-01-13 13:16:45.729043,2026-01-13 13:16:45.729045,f
6092,금능리,4790025324,경상북도,2026-01-13 13:16:45.735107,2026-01-13 13:16:45.735109,f
6093,한어리,4790025325,경상북도,2026-01-13 13:16:45.740659,2026-01-13 13:16:45.740661,f
6094,본리,4790025326,경상북도,2026-01-13 13:16:45.747051,2026-01-13 13:16:45.747053,f
6095,형호리,4790025327,경상북도,2026-01-13 13:16:45.751372,2026-01-13 13:16:45.751374,f
6096,오천리,4790025328,경상북도,2026-01-13 13:16:45.756178,2026-01-13 13:16:45.756181,f
6097,백송리,4790025329,경상북도,2026-01-13 13:16:45.760152,2026-01-13 13:16:45.760153,f
6098,산합리,4790025330,경상북도,2026-01-13 13:16:45.767773,2026-01-13 13:16:45.767776,f
6099,직산리,4790025331,경상북도,2026-01-13 13:16:45.775495,2026-01-13 13:16:45.775497,f
6100,황지리,4790025332,경상북도,2026-01-13 13:16:45.781043,2026-01-13 13:16:45.781046,f
6101,월포리,4790025333,경상북도,2026-01-13 13:16:45.7865,2026-01-13 13:16:45.786502,f
6102,종산리,4790025334,경상북도,2026-01-13 13:16:45.790535,2026-01-13 13:16:45.790538,f
6103,내신리,4790025335,경상북도,2026-01-13 13:16:45.795064,2026-01-13 13:16:45.795067,f
6104,담암리,4790025336,경상북도,2026-01-13 13:16:45.799104,2026-01-13 13:16:45.799106,f
6105,학전리,4711125327,경상북도,2026-01-13 13:16:45.803258,2026-01-13 13:16:45.803261,f
6106,달전리,4711125328,경상북도,2026-01-13 13:16:45.810597,2026-01-13 13:16:45.8106,f
6107,오천리,4711125324,경상북도,2026-01-13 13:16:45.816518,2026-01-13 13:16:45.816521,f
6108,유강리,4711125325,경상북도,2026-01-13 13:16:45.82266,2026-01-13 13:16:45.822665,f
6109,자명리,4711125326,경상북도,2026-01-13 13:16:45.830161,2026-01-13 13:16:45.830165,f
6110,생지리,4711125321,경상북도,2026-01-13 13:16:45.839698,2026-01-13 13:16:45.839703,f
6111,괴정리,4711125322,경상북도,2026-01-13 13:16:45.846618,2026-01-13 13:16:45.846622,f
6112,동문리,4711125323,경상북도,2026-01-13 13:16:45.851912,2026-01-13 13:16:45.851915,f
6113,눌태리,4711125030,경상북도,2026-01-13 13:16:45.856606,2026-01-13 13:16:45.856609,f
6114,연일읍,4711125300,경상북도,2026-01-13 13:16:45.862348,2026-01-13 13:16:45.862351,f
6115,병포리,4711125028,경상북도,2026-01-13 13:16:45.867961,2026-01-13 13:16:45.867963,f
6116,후동리,4711125029,경상북도,2026-01-13 13:16:45.872357,2026-01-13 13:16:45.872359,f
6117,장길리,4711125026,경상북도,2026-01-13 13:16:45.876246,2026-01-13 13:16:45.876248,f
6118,하정리,4711125027,경상북도,2026-01-13 13:16:45.880312,2026-01-13 13:16:45.880314,f
6119,성동리,4711125024,경상북도,2026-01-13 13:16:45.884573,2026-01-13 13:16:45.884576,f
6120,구평리,4711125025,경상북도,2026-01-13 13:16:45.890991,2026-01-13 13:16:45.890993,f
6121,삼정리,4711125022,경상북도,2026-01-13 13:16:45.896546,2026-01-13 13:16:45.896548,f
6122,석병리,4711125023,경상북도,2026-01-13 13:16:45.902689,2026-01-13 13:16:45.902692,f
6123,이동,4711111700,경상북도,2026-01-13 13:16:45.908337,2026-01-13 13:16:45.908339,f
6124,구룡포읍,4711125000,경상북도,2026-01-13 13:16:45.913283,2026-01-13 13:16:45.913286,f
6125,구룡포리,4711125021,경상북도,2026-01-13 13:16:45.917937,2026-01-13 13:16:45.917939,f
6126,경상북도,4700000000,경상북도,2026-01-13 13:16:45.923445,2026-01-13 13:16:45.923448,f
6127,대잠동,4711111600,경상북도,2026-01-13 13:16:45.932599,2026-01-13 13:16:45.932603,f
6128,남신리,4729033036,경상북도,2026-01-13 13:16:45.938978,2026-01-13 13:16:45.938983,f
6129,일언리,4729033035,경상북도,2026-01-13 13:16:45.94933,2026-01-13 13:16:45.949334,f
6130,계림리,4729033034,경상북도,2026-01-13 13:16:45.954943,2026-01-13 13:16:45.954947,f
6131,단북리,4729033033,경상북도,2026-01-13 13:16:45.960728,2026-01-13 13:16:45.960731,f
6132,신장리,4719036029,경상북도,2026-01-13 13:16:45.966447,2026-01-13 13:16:45.96645,f
6133,묵어리,4719036026,경상북도,2026-01-13 13:16:45.973037,2026-01-13 13:16:45.97304,f
6134,여남리,4719036027,경상북도,2026-01-13 13:16:45.979216,2026-01-13 13:16:45.979222,f
6135,명곡리,4719036028,경상북도,2026-01-13 13:16:45.984269,2026-01-13 13:16:45.984272,f
6136,포항시,4711000000,경상북도,2026-01-13 13:16:45.993299,2026-01-13 13:16:45.993302,f
6137,금산리,4719036024,경상북도,2026-01-13 13:16:46.000502,2026-01-13 13:16:46.000507,f
6138,오로리,4719036025,경상북도,2026-01-13 13:16:46.006266,2026-01-13 13:16:46.006269,f
6139,남구,4711100000,경상북도,2026-01-13 13:16:46.012601,2026-01-13 13:16:46.012603,f
6140,상도동,4711110100,경상북도,2026-01-13 13:16:46.017635,2026-01-13 13:16:46.017636,f
6141,대도동,4711110200,경상북도,2026-01-13 13:16:46.021168,2026-01-13 13:16:46.021169,f
6142,해도동,4711110300,경상북도,2026-01-13 13:16:46.024455,2026-01-13 13:16:46.024456,f
6143,송도동,4711110400,경상북도,2026-01-13 13:16:46.027817,2026-01-13 13:16:46.027819,f
6144,청림동,4711110500,경상북도,2026-01-13 13:16:46.033873,2026-01-13 13:16:46.033879,f
6145,일월동,4711110600,경상북도,2026-01-13 13:16:46.0442,2026-01-13 13:16:46.044205,f
6146,송정동,4711110700,경상북도,2026-01-13 13:16:46.056582,2026-01-13 13:16:46.056586,f
6147,송내동,4711110800,경상북도,2026-01-13 13:16:46.061177,2026-01-13 13:16:46.061179,f
6148,괴동동,4711110900,경상북도,2026-01-13 13:16:46.064896,2026-01-13 13:16:46.064898,f
6149,동촌동,4711111000,경상북도,2026-01-13 13:16:46.068386,2026-01-13 13:16:46.068387,f
6150,장흥동,4711111100,경상북도,2026-01-13 13:16:46.072107,2026-01-13 13:16:46.07211,f
6151,인덕동,4711111200,경상북도,2026-01-13 13:16:46.076139,2026-01-13 13:16:46.076141,f
6152,호동,4711111300,경상북도,2026-01-13 13:16:46.082241,2026-01-13 13:16:46.082244,f
6153,효자동,4711111400,경상북도,2026-01-13 13:16:46.087676,2026-01-13 13:16:46.087679,f
6154,지곡동,4711111500,경상북도,2026-01-13 13:16:46.091768,2026-01-13 13:16:46.09177,f
6155,중명리,4711125329,경상북도,2026-01-13 13:16:46.096039,2026-01-13 13:16:46.096041,f
6156,중단리,4711125330,경상북도,2026-01-13 13:16:46.099683,2026-01-13 13:16:46.099685,f
6157,택전리,4711125331,경상북도,2026-01-13 13:16:46.103333,2026-01-13 13:16:46.103336,f
6158,인주리,4711125332,경상북도,2026-01-13 13:16:46.106986,2026-01-13 13:16:46.106988,f
6159,우복리,4711125333,경상북도,2026-01-13 13:16:46.111116,2026-01-13 13:16:46.111118,f
6160,오천읍,4711125600,경상북도,2026-01-13 13:16:46.116463,2026-01-13 13:16:46.116467,f
6161,원리,4711125621,경상북도,2026-01-13 13:16:46.12224,2026-01-13 13:16:46.122243,f
6162,문덕리,4711125622,경상북도,2026-01-13 13:16:46.12806,2026-01-13 13:16:46.128063,f
6163,항사리,4711125623,경상북도,2026-01-13 13:16:46.135311,2026-01-13 13:16:46.135315,f
6164,진전리,4711125624,경상북도,2026-01-13 13:16:46.141309,2026-01-13 13:16:46.141311,f
6165,갈평리,4711125625,경상북도,2026-01-13 13:16:46.146052,2026-01-13 13:16:46.146054,f
6166,문충리,4711125626,경상북도,2026-01-13 13:16:46.150419,2026-01-13 13:16:46.15042,f
6167,용산리,4711125627,경상북도,2026-01-13 13:16:46.15722,2026-01-13 13:16:46.157222,f
6168,광명리,4711125628,경상북도,2026-01-13 13:16:46.162406,2026-01-13 13:16:46.162408,f
6169,세계리,4711125629,경상북도,2026-01-13 13:16:46.168216,2026-01-13 13:16:46.168218,f
6170,용덕리,4711125630,경상북도,2026-01-13 13:16:46.174336,2026-01-13 13:16:46.174339,f
6171,구정리,4711125631,경상북도,2026-01-13 13:16:46.178144,2026-01-13 13:16:46.178146,f
6172,대송면,4711131000,경상북도,2026-01-13 13:16:46.182832,2026-01-13 13:16:46.182836,f
6173,상장리,4719036021,경상북도,2026-01-13 13:16:46.186978,2026-01-13 13:16:46.186981,f
6174,하장리,4719036022,경상북도,2026-01-13 13:16:46.190844,2026-01-13 13:16:46.190845,f
6175,상림리,4719036023,경상북도,2026-01-13 13:16:46.197455,2026-01-13 13:16:46.197457,f
6176,공수리,4711131021,경상북도,2026-01-13 13:16:46.202475,2026-01-13 13:16:46.202477,f
6177,장동리,4711131022,경상북도,2026-01-13 13:16:46.208891,2026-01-13 13:16:46.208893,f
6178,홍계리,4711131023,경상북도,2026-01-13 13:16:46.214263,2026-01-13 13:16:46.214265,f
6179,산여리,4711131024,경상북도,2026-01-13 13:16:46.218537,2026-01-13 13:16:46.218539,f
6180,대각리,4711131025,경상북도,2026-01-13 13:16:46.222161,2026-01-13 13:16:46.222163,f
6181,송동리,4711131026,경상북도,2026-01-13 13:16:46.225764,2026-01-13 13:16:46.225767,f
6182,제내리,4711131027,경상북도,2026-01-13 13:16:46.229608,2026-01-13 13:16:46.22961,f
6183,옥명리,4711131028,경상북도,2026-01-13 13:16:46.237568,2026-01-13 13:16:46.237572,f
6184,남성리,4711131029,경상북도,2026-01-13 13:16:46.243745,2026-01-13 13:16:46.243748,f
6185,동해면,4711132000,경상북도,2026-01-13 13:16:46.249997,2026-01-13 13:16:46.25,f
6186,도구리,4711132021,경상북도,2026-01-13 13:16:46.255689,2026-01-13 13:16:46.255692,f
6187,약전리,4711132022,경상북도,2026-01-13 13:16:46.260559,2026-01-13 13:16:46.260562,f
6188,금광리,4711132023,경상북도,2026-01-13 13:16:46.265682,2026-01-13 13:16:46.265686,f
6189,신정리,4711132024,경상북도,2026-01-13 13:16:46.270264,2026-01-13 13:16:46.270266,f
6190,석리,4711132025,경상북도,2026-01-13 13:16:46.27845,2026-01-13 13:16:46.278453,f
6191,임곡리,4711132026,경상북도,2026-01-13 13:16:46.283752,2026-01-13 13:16:46.283755,f
6192,입암리,4711132027,경상북도,2026-01-13 13:16:46.289668,2026-01-13 13:16:46.28967,f
6193,마산리,4711132028,경상북도,2026-01-13 13:16:46.295441,2026-01-13 13:16:46.295442,f
6194,흥환리,4711132029,경상북도,2026-01-13 13:16:46.299713,2026-01-13 13:16:46.299715,f
6195,중흥리,4711132030,경상북도,2026-01-13 13:16:46.303307,2026-01-13 13:16:46.303308,f
6196,발산리,4711132031,경상북도,2026-01-13 13:16:46.308108,2026-01-13 13:16:46.308112,f
6197,상정리,4711132032,경상북도,2026-01-13 13:16:46.313018,2026-01-13 13:16:46.31302,f
6198,중산리,4711132033,경상북도,2026-01-13 13:16:46.31889,2026-01-13 13:16:46.318893,f
6199,공당리,4711132034,경상북도,2026-01-13 13:16:46.323923,2026-01-13 13:16:46.323925,f
6200,장기면,4711133000,경상북도,2026-01-13 13:16:46.329959,2026-01-13 13:16:46.329962,f
6201,읍내리,4711133021,경상북도,2026-01-13 13:16:46.335397,2026-01-13 13:16:46.335399,f
6202,마현리,4711133022,경상북도,2026-01-13 13:16:46.339508,2026-01-13 13:16:46.33951,f
6203,금곡리,4711133023,경상북도,2026-01-13 13:16:46.34353,2026-01-13 13:16:46.343532,f
6204,영암리,4711133024,경상북도,2026-01-13 13:16:46.347414,2026-01-13 13:16:46.347415,f
6205,신창리,4711133025,경상북도,2026-01-13 13:16:46.351783,2026-01-13 13:16:46.351786,f
6206,양포리,4711133026,경상북도,2026-01-13 13:16:46.3595,2026-01-13 13:16:46.359502,f
6207,계원리,4711133027,경상북도,2026-01-13 13:16:46.364478,2026-01-13 13:16:46.36448,f
6208,두원리,4711133028,경상북도,2026-01-13 13:16:46.369487,2026-01-13 13:16:46.369488,f
6209,수성리,4711133029,경상북도,2026-01-13 13:16:46.375704,2026-01-13 13:16:46.375706,f
6210,임중리,4711133030,경상북도,2026-01-13 13:16:46.379341,2026-01-13 13:16:46.379343,f
6211,방산리,4711133031,경상북도,2026-01-13 13:16:46.382887,2026-01-13 13:16:46.382889,f
6212,산서리,4711133032,경상북도,2026-01-13 13:16:46.386813,2026-01-13 13:16:46.386815,f
6213,서촌리,4711133033,경상북도,2026-01-13 13:16:46.390634,2026-01-13 13:16:46.390637,f
6214,금오리,4711133034,경상북도,2026-01-13 13:16:46.394848,2026-01-13 13:16:46.39485,f
6215,대진리,4711133035,경상북도,2026-01-13 13:16:46.399557,2026-01-13 13:16:46.399559,f
6216,모포리,4711133036,경상북도,2026-01-13 13:16:46.405225,2026-01-13 13:16:46.405228,f
6217,학계리,4711133037,경상북도,2026-01-13 13:16:46.409453,2026-01-13 13:16:46.409455,f
6218,학곡리,4711133038,경상북도,2026-01-13 13:16:46.41338,2026-01-13 13:16:46.413382,f
6219,신계리,4711133039,경상북도,2026-01-13 13:16:46.417491,2026-01-13 13:16:46.417493,f
6220,창지리,4711133040,경상북도,2026-01-13 13:16:46.421487,2026-01-13 13:16:46.421489,f
6221,대곡리,4711133041,경상북도,2026-01-13 13:16:46.42548,2026-01-13 13:16:46.425482,f
6222,죽정리,4711133042,경상북도,2026-01-13 13:16:46.429403,2026-01-13 13:16:46.429405,f
6223,정천리,4711133043,경상북도,2026-01-13 13:16:46.435562,2026-01-13 13:16:46.435564,f
6224,호미곶면,4711135000,경상북도,2026-01-13 13:16:46.441087,2026-01-13 13:16:46.441091,f
6225,강사리,4711135021,경상북도,2026-01-13 13:16:46.447519,2026-01-13 13:16:46.447522,f
6226,대보리,4711135022,경상북도,2026-01-13 13:16:46.453445,2026-01-13 13:16:46.453448,f
6227,구만리,4711135023,경상북도,2026-01-13 13:16:46.459707,2026-01-13 13:16:46.45971,f
6228,대동배리,4711135024,경상북도,2026-01-13 13:16:46.465637,2026-01-13 13:16:46.465641,f
6229,북구,4711300000,경상북도,2026-01-13 13:16:46.471062,2026-01-13 13:16:46.471114,f
6230,대흥동,4711310100,경상북도,2026-01-13 13:16:46.48103,2026-01-13 13:16:46.481033,f
6231,신흥동,4711310200,경상북도,2026-01-13 13:16:46.485758,2026-01-13 13:16:46.48576,f
6232,남빈동,4711310300,경상북도,2026-01-13 13:16:46.490426,2026-01-13 13:16:46.490429,f
6233,상원동,4711310400,경상북도,2026-01-13 13:16:46.495224,2026-01-13 13:16:46.495226,f
6234,여천동,4711310500,경상북도,2026-01-13 13:16:46.499149,2026-01-13 13:16:46.49915,f
6235,중앙동,4711310600,경상북도,2026-01-13 13:16:46.503142,2026-01-13 13:16:46.503144,f
6236,장천면,4719036000,경상북도,2026-01-13 13:16:46.509746,2026-01-13 13:16:46.509749,f
6237,덕산동,4711310700,경상북도,2026-01-13 13:16:46.516723,2026-01-13 13:16:46.516725,f
6238,덕수동,4711310800,경상북도,2026-01-13 13:16:46.521674,2026-01-13 13:16:46.521676,f
6239,대신동,4711310900,경상북도,2026-01-13 13:16:46.525656,2026-01-13 13:16:46.525658,f
6240,동빈1가,4711311000,경상북도,2026-01-13 13:16:46.529453,2026-01-13 13:16:46.529455,f
6241,동빈2가,4711311100,경상북도,2026-01-13 13:16:46.533798,2026-01-13 13:16:46.5338,f
6242,학산동,4711311200,경상북도,2026-01-13 13:16:46.537602,2026-01-13 13:16:46.537605,f
6243,항구동,4711311300,경상북도,2026-01-13 13:16:46.545627,2026-01-13 13:16:46.54563,f
6244,득량동,4711311400,경상북도,2026-01-13 13:16:46.550964,2026-01-13 13:16:46.550967,f
6245,학잠동,4711311500,경상북도,2026-01-13 13:16:46.556566,2026-01-13 13:16:46.556569,f
6246,죽도동,4711311600,경상북도,2026-01-13 13:16:46.562172,2026-01-13 13:16:46.562175,f
6247,용흥동,4711311700,경상북도,2026-01-13 13:16:46.567167,2026-01-13 13:16:46.56717,f
6248,우현동,4711311800,경상북도,2026-01-13 13:16:46.571233,2026-01-13 13:16:46.571235,f
6249,창포동,4711311900,경상북도,2026-01-13 13:16:46.575401,2026-01-13 13:16:46.575403,f
6250,두호동,4711312000,경상북도,2026-01-13 13:16:46.579543,2026-01-13 13:16:46.579545,f
6251,장성동,4711312100,경상북도,2026-01-13 13:16:46.585273,2026-01-13 13:16:46.585275,f
6252,양덕동,4711312200,경상북도,2026-01-13 13:16:46.590415,2026-01-13 13:16:46.590418,f
6253,환호동,4711312300,경상북도,2026-01-13 13:16:46.594549,2026-01-13 13:16:46.594551,f
6254,여남동,4711312400,경상북도,2026-01-13 13:16:46.598333,2026-01-13 13:16:46.598335,f
6255,흥해읍,4711325000,경상북도,2026-01-13 13:16:46.602497,2026-01-13 13:16:46.602499,f
6256,매산리,4711325021,경상북도,2026-01-13 13:16:46.606626,2026-01-13 13:16:46.60663,f
6257,북송리,4711325022,경상북도,2026-01-13 13:16:46.611626,2026-01-13 13:16:46.611628,f
6258,마산리,4711325023,경상북도,2026-01-13 13:16:46.619595,2026-01-13 13:16:46.619597,f
6259,옥성리,4711325024,경상북도,2026-01-13 13:16:46.625114,2026-01-13 13:16:46.625116,f
6260,약성리,4711325025,경상북도,2026-01-13 13:16:46.631652,2026-01-13 13:16:46.631656,f
6261,학성리,4711325026,경상북도,2026-01-13 13:16:46.638063,2026-01-13 13:16:46.638066,f
6262,남성리,4711325027,경상북도,2026-01-13 13:16:46.644007,2026-01-13 13:16:46.64401,f
6263,성내리,4711325028,경상북도,2026-01-13 13:16:46.659281,2026-01-13 13:16:46.659293,f
6264,중성리,4711325029,경상북도,2026-01-13 13:16:46.671392,2026-01-13 13:16:46.671396,f
6265,망천리,4711325030,경상북도,2026-01-13 13:16:46.679634,2026-01-13 13:16:46.679637,f
6266,남송리,4711325031,경상북도,2026-01-13 13:16:46.68397,2026-01-13 13:16:46.683972,f
6267,곡강리,4711325032,경상북도,2026-01-13 13:16:46.687769,2026-01-13 13:16:46.68777,f
6268,용한리,4711325033,경상북도,2026-01-13 13:16:46.691311,2026-01-13 13:16:46.691312,f
6269,우목리,4711325034,경상북도,2026-01-13 13:16:46.69606,2026-01-13 13:16:46.696062,f
6270,죽천리,4711325035,경상북도,2026-01-13 13:16:46.700582,2026-01-13 13:16:46.700585,f
6271,용곡리,4711325036,경상북도,2026-01-13 13:16:46.705974,2026-01-13 13:16:46.705977,f
6272,양백리,4711325037,경상북도,2026-01-13 13:16:46.710268,2026-01-13 13:16:46.71027,f
6273,덕성리,4711325038,경상북도,2026-01-13 13:16:46.71397,2026-01-13 13:16:46.713972,f
6274,덕장리,4711325039,경상북도,2026-01-13 13:16:46.71801,2026-01-13 13:16:46.718012,f
6275,용전리,4711325040,경상북도,2026-01-13 13:16:46.722102,2026-01-13 13:16:46.722104,f
6276,용천리,4711325041,경상북도,2026-01-13 13:16:46.725817,2026-01-13 13:16:46.725818,f
6277,금장리,4711325042,경상북도,2026-01-13 13:16:46.72935,2026-01-13 13:16:46.729352,f
6278,흥안리,4711325043,경상북도,2026-01-13 13:16:46.735593,2026-01-13 13:16:46.735595,f
6279,칠포리,4711325044,경상북도,2026-01-13 13:16:46.740889,2026-01-13 13:16:46.74089,f
6280,오도리,4711325045,경상북도,2026-01-13 13:16:46.746642,2026-01-13 13:16:46.746644,f
6281,초곡리,4711325046,경상북도,2026-01-13 13:16:46.752477,2026-01-13 13:16:46.752479,f
6282,학천리,4711325047,경상북도,2026-01-13 13:16:46.75658,2026-01-13 13:16:46.756584,f
6283,성곡리,4711325048,경상북도,2026-01-13 13:16:46.760482,2026-01-13 13:16:46.760484,f
6284,이인리,4711325049,경상북도,2026-01-13 13:16:46.765044,2026-01-13 13:16:46.765047,f
6285,대련리,4711325050,경상북도,2026-01-13 13:16:46.769375,2026-01-13 13:16:46.769376,f
6286,신광면,4711331000,경상북도,2026-01-13 13:16:46.776953,2026-01-13 13:16:46.776956,f
6287,냉수리,4711331021,경상북도,2026-01-13 13:16:46.782352,2026-01-13 13:16:46.782355,f
6288,흥곡리,4711331022,경상북도,2026-01-13 13:16:46.787729,2026-01-13 13:16:46.787732,f
6289,우각리,4711331023,경상북도,2026-01-13 13:16:46.792929,2026-01-13 13:16:46.792932,f
6290,죽성리,4711331024,경상북도,2026-01-13 13:16:46.797367,2026-01-13 13:16:46.79737,f
6291,상읍리,4711331025,경상북도,2026-01-13 13:16:46.801541,2026-01-13 13:16:46.801542,f
6292,토성리,4711331026,경상북도,2026-01-13 13:16:46.805101,2026-01-13 13:16:46.805103,f
6293,사정리,4711331027,경상북도,2026-01-13 13:16:46.809259,2026-01-13 13:16:46.809261,f
6294,안덕리,4711331028,경상북도,2026-01-13 13:16:46.81669,2026-01-13 13:16:46.816694,f
6295,만석리,4711331029,경상북도,2026-01-13 13:16:46.821829,2026-01-13 13:16:46.821831,f
6296,반곡리,4711331030,경상북도,2026-01-13 13:16:46.826522,2026-01-13 13:16:46.826524,f
6297,기일리,4711331031,경상북도,2026-01-13 13:16:46.830966,2026-01-13 13:16:46.830968,f
6298,마북리,4711331032,경상북도,2026-01-13 13:16:46.835211,2026-01-13 13:16:46.835212,f
6299,호리,4711331033,경상북도,2026-01-13 13:16:46.838927,2026-01-13 13:16:46.838929,f
6300,청하면,4711332000,경상북도,2026-01-13 13:16:46.843775,2026-01-13 13:16:46.843778,f
6301,덕성리,4711332021,경상북도,2026-01-13 13:16:46.850804,2026-01-13 13:16:46.850806,f
6302,덕천리,4711332022,경상북도,2026-01-13 13:16:46.856828,2026-01-13 13:16:46.856832,f
6303,미남리,4711332023,경상북도,2026-01-13 13:16:46.86242,2026-01-13 13:16:46.862422,f
6304,필화리,4711332024,경상북도,2026-01-13 13:16:46.869278,2026-01-13 13:16:46.869281,f
6305,용두리,4711332025,경상북도,2026-01-13 13:16:46.874998,2026-01-13 13:16:46.875001,f
6306,월포리,4711332026,경상북도,2026-01-13 13:16:46.879996,2026-01-13 13:16:46.879998,f
6307,방어리,4711332027,경상북도,2026-01-13 13:16:46.885626,2026-01-13 13:16:46.885629,f
6308,이가리,4711332028,경상북도,2026-01-13 13:16:46.891135,2026-01-13 13:16:46.891138,f
6309,청진리,4711332029,경상북도,2026-01-13 13:16:46.895826,2026-01-13 13:16:46.895829,f
6310,신흥리,4711332030,경상북도,2026-01-13 13:16:46.899764,2026-01-13 13:16:46.899766,f
6311,소동리,4711332031,경상북도,2026-01-13 13:16:46.903573,2026-01-13 13:16:46.903575,f
6312,고현리,4711332032,경상북도,2026-01-13 13:16:46.9077,2026-01-13 13:16:46.907702,f
6313,하대리,4711332033,경상북도,2026-01-13 13:16:46.914156,2026-01-13 13:16:46.914159,f
6314,상대리,4711332034,경상북도,2026-01-13 13:16:46.920293,2026-01-13 13:16:46.920296,f
6315,서정리,4711332035,경상북도,2026-01-13 13:16:46.92502,2026-01-13 13:16:46.925022,f
6316,명안리,4711332036,경상북도,2026-01-13 13:16:46.929253,2026-01-13 13:16:46.929255,f
6317,유계리,4711332037,경상북도,2026-01-13 13:16:46.933626,2026-01-13 13:16:46.933629,f
6318,청계리,4711332038,경상북도,2026-01-13 13:16:46.938424,2026-01-13 13:16:46.938428,f
6319,송라면,4711333000,경상북도,2026-01-13 13:16:46.944184,2026-01-13 13:16:46.944187,f
6320,상송리,4711333021,경상북도,2026-01-13 13:16:46.950554,2026-01-13 13:16:46.950558,f
6321,하송리,4711333022,경상북도,2026-01-13 13:16:46.9603,2026-01-13 13:16:46.960305,f
6322,중산리,4711333023,경상북도,2026-01-13 13:16:46.96837,2026-01-13 13:16:46.968373,f
6323,광천리,4711333024,경상북도,2026-01-13 13:16:46.976144,2026-01-13 13:16:46.976149,f
6324,조사리,4711333025,경상북도,2026-01-13 13:16:46.983052,2026-01-13 13:16:46.983056,f
6325,방석리,4711333026,경상북도,2026-01-13 13:16:46.997289,2026-01-13 13:16:46.997299,f
6326,화진리,4711333027,경상북도,2026-01-13 13:16:47.00978,2026-01-13 13:16:47.009788,f
6327,대전리,4711333028,경상북도,2026-01-13 13:16:47.016489,2026-01-13 13:16:47.016494,f
6328,지경리,4711333029,경상북도,2026-01-13 13:16:47.023694,2026-01-13 13:16:47.023697,f
6329,기계면,4711334000,경상북도,2026-01-13 13:16:47.02911,2026-01-13 13:16:47.029112,f
6330,현내리,4711334021,경상북도,2026-01-13 13:16:47.032825,2026-01-13 13:16:47.032826,f
6331,지가리,4711334022,경상북도,2026-01-13 13:16:47.036719,2026-01-13 13:16:47.036722,f
6332,봉계리,4711334023,경상북도,2026-01-13 13:16:47.040782,2026-01-13 13:16:47.040785,f
6333,고지리,4711334024,경상북도,2026-01-13 13:16:47.044772,2026-01-13 13:16:47.044774,f
6334,문성리,4711334025,경상북도,2026-01-13 13:16:47.048405,2026-01-13 13:16:47.048407,f
6335,학야리,4711334026,경상북도,2026-01-13 13:16:47.052355,2026-01-13 13:16:47.052357,f
6336,성계리,4711334027,경상북도,2026-01-13 13:16:47.058058,2026-01-13 13:16:47.058059,f
6337,내단리,4711334028,경상북도,2026-01-13 13:16:47.063744,2026-01-13 13:16:47.063746,f
6338,화대리,4711334029,경상북도,2026-01-13 13:16:47.067749,2026-01-13 13:16:47.067751,f
6339,화봉리,4711334030,경상북도,2026-01-13 13:16:47.071393,2026-01-13 13:16:47.071395,f
6340,계전리,4711334031,경상북도,2026-01-13 13:16:47.075367,2026-01-13 13:16:47.075368,f
6341,미현리,4711334032,경상북도,2026-01-13 13:16:47.079272,2026-01-13 13:16:47.079274,f
6342,인비리,4711334033,경상북도,2026-01-13 13:16:47.083695,2026-01-13 13:16:47.083697,f
6343,구지리,4711334034,경상북도,2026-01-13 13:16:47.087465,2026-01-13 13:16:47.087467,f
6344,가안리,4711334035,경상북도,2026-01-13 13:16:47.09271,2026-01-13 13:16:47.092712,f
6345,남계리,4711334036,경상북도,2026-01-13 13:16:47.099154,2026-01-13 13:16:47.099156,f
6346,죽장면,4711335000,경상북도,2026-01-13 13:16:47.102886,2026-01-13 13:16:47.102887,f
6347,가사리,4711335021,경상북도,2026-01-13 13:16:47.106828,2026-01-13 13:16:47.106831,f
6348,매현리,4711335022,경상북도,2026-01-13 13:16:47.110844,2026-01-13 13:16:47.110846,f
6349,침곡리,4711335023,경상북도,2026-01-13 13:16:47.11454,2026-01-13 13:16:47.114541,f
6350,입암리,4711335024,경상북도,2026-01-13 13:16:47.118553,2026-01-13 13:16:47.118555,f
6351,일광리,4711335025,경상북도,2026-01-13 13:16:47.122786,2026-01-13 13:16:47.122789,f
6352,지동리,4711335026,경상북도,2026-01-13 13:16:47.127668,2026-01-13 13:16:47.12767,f
6353,정자리,4711335027,경상북도,2026-01-13 13:16:47.133978,2026-01-13 13:16:47.13398,f
6354,감곡리,4711335028,경상북도,2026-01-13 13:16:47.137804,2026-01-13 13:16:47.137806,f
6355,상사리,4711335029,경상북도,2026-01-13 13:16:47.142315,2026-01-13 13:16:47.142318,f
6356,하사리,4711335030,경상북도,2026-01-13 13:16:47.146179,2026-01-13 13:16:47.14618,f
6357,석계리,4711335031,경상북도,2026-01-13 13:16:47.150184,2026-01-13 13:16:47.150186,f
6358,합덕리,4711335032,경상북도,2026-01-13 13:16:47.153865,2026-01-13 13:16:47.153867,f
6359,월평리,4711335033,경상북도,2026-01-13 13:16:47.161959,2026-01-13 13:16:47.161962,f
6360,방흥리,4711335034,경상북도,2026-01-13 13:16:47.168896,2026-01-13 13:16:47.168898,f
6361,현내리,4711335035,경상북도,2026-01-13 13:16:47.173046,2026-01-13 13:16:47.173048,f
6362,봉계리,4711335036,경상북도,2026-01-13 13:16:47.17695,2026-01-13 13:16:47.176952,f
6363,두마리,4711335037,경상북도,2026-01-13 13:16:47.18056,2026-01-13 13:16:47.180562,f
6364,상옥리,4711335038,경상북도,2026-01-13 13:16:47.184476,2026-01-13 13:16:47.184478,f
6365,하옥리,4711335039,경상북도,2026-01-13 13:16:47.188436,2026-01-13 13:16:47.188438,f
6366,기북면,4711336000,경상북도,2026-01-13 13:16:47.191986,2026-01-13 13:16:47.191988,f
6367,관천리,4711336021,경상북도,2026-01-13 13:16:47.197839,2026-01-13 13:16:47.197842,f
6368,대곡리,4711336022,경상북도,2026-01-13 13:16:47.203132,2026-01-13 13:16:47.203134,f
6369,율산리,4711336023,경상북도,2026-01-13 13:16:47.209521,2026-01-13 13:16:47.209523,f
6370,용기리,4711336024,경상북도,2026-01-13 13:16:47.214707,2026-01-13 13:16:47.21471,f
6371,오덕리,4711336025,경상북도,2026-01-13 13:16:47.218803,2026-01-13 13:16:47.218806,f
6372,탑정리,4711336026,경상북도,2026-01-13 13:16:47.222735,2026-01-13 13:16:47.222737,f
6373,성법리,4711336027,경상북도,2026-01-13 13:16:47.22669,2026-01-13 13:16:47.226692,f
6374,경주시,4713000000,경상북도,2026-01-13 13:16:47.2306,2026-01-13 13:16:47.230602,f
6375,동부동,4713010100,경상북도,2026-01-13 13:16:47.23845,2026-01-13 13:16:47.238452,f
6376,서부동,4713010200,경상북도,2026-01-13 13:16:47.243828,2026-01-13 13:16:47.243831,f
6377,북부동,4713010300,경상북도,2026-01-13 13:16:47.249659,2026-01-13 13:16:47.249661,f
6378,성동동,4713010400,경상북도,2026-01-13 13:16:47.255624,2026-01-13 13:16:47.255627,f
6379,황오동,4713010500,경상북도,2026-01-13 13:16:47.259454,2026-01-13 13:16:47.259455,f
6380,노동동,4713010600,경상북도,2026-01-13 13:16:47.263148,2026-01-13 13:16:47.263151,f
6381,노서동,4713010700,경상북도,2026-01-13 13:16:47.27202,2026-01-13 13:16:47.272027,f
6382,성건동,4713010800,경상북도,2026-01-13 13:16:47.280093,2026-01-13 13:16:47.280096,f
6383,사정동,4713010900,경상북도,2026-01-13 13:16:47.289136,2026-01-13 13:16:47.289138,f
6384,황남동,4713011000,경상북도,2026-01-13 13:16:47.296185,2026-01-13 13:16:47.296189,f
6385,교동,4713011100,경상북도,2026-01-13 13:16:47.301833,2026-01-13 13:16:47.301835,f
6386,인왕동,4713011200,경상북도,2026-01-13 13:16:47.306457,2026-01-13 13:16:47.30646,f
6387,탑동,4713011300,경상북도,2026-01-13 13:16:47.312446,2026-01-13 13:16:47.312451,f
6388,충효동,4713011400,경상북도,2026-01-13 13:16:47.320348,2026-01-13 13:16:47.320351,f
6389,서악동,4713011500,경상북도,2026-01-13 13:16:47.325508,2026-01-13 13:16:47.325511,f
6390,효현동,4713011600,경상북도,2026-01-13 13:16:47.330468,2026-01-13 13:16:47.33047,f
6391,광명동,4713011700,경상북도,2026-01-13 13:16:47.338003,2026-01-13 13:16:47.338005,f
6392,동방동,4713011800,경상북도,2026-01-13 13:16:47.345971,2026-01-13 13:16:47.345977,f
6393,도지동,4713011900,경상북도,2026-01-13 13:16:47.35634,2026-01-13 13:16:47.356347,f
6394,남산동,4713012000,경상북도,2026-01-13 13:16:47.367956,2026-01-13 13:16:47.367959,f
6395,배반동,4713012100,경상북도,2026-01-13 13:16:47.379968,2026-01-13 13:16:47.379972,f
6396,구황동,4713012200,경상북도,2026-01-13 13:16:47.390259,2026-01-13 13:16:47.390262,f
6397,보문동,4713012300,경상북도,2026-01-13 13:16:47.402003,2026-01-13 13:16:47.402007,f
6398,황성동,4713012400,경상북도,2026-01-13 13:16:47.409513,2026-01-13 13:16:47.409518,f
6399,용강동,4713012500,경상북도,2026-01-13 13:16:47.420537,2026-01-13 13:16:47.420541,f
6400,동천동,4713012600,경상북도,2026-01-13 13:16:47.426931,2026-01-13 13:16:47.426933,f
6401,평동,4713012700,경상북도,2026-01-13 13:16:47.432055,2026-01-13 13:16:47.432057,f
6402,조양동,4713012800,경상북도,2026-01-13 13:16:47.442108,2026-01-13 13:16:47.44211,f
6403,시동,4713012900,경상북도,2026-01-13 13:16:47.447401,2026-01-13 13:16:47.447407,f
6404,시래동,4713013000,경상북도,2026-01-13 13:16:47.453083,2026-01-13 13:16:47.453085,f
6405,구정동,4713013100,경상북도,2026-01-13 13:16:47.458627,2026-01-13 13:16:47.458629,f
6406,마동,4713013200,경상북도,2026-01-13 13:16:47.463151,2026-01-13 13:16:47.463153,f
6407,하동,4713013300,경상북도,2026-01-13 13:16:47.467584,2026-01-13 13:16:47.467588,f
6408,진현동,4713013400,경상북도,2026-01-13 13:16:47.473631,2026-01-13 13:16:47.473633,f
6409,천군동,4713013500,경상북도,2026-01-13 13:16:47.481901,2026-01-13 13:16:47.481904,f
6410,신평동,4713013600,경상북도,2026-01-13 13:16:47.490921,2026-01-13 13:16:47.490924,f
6411,덕동,4713013700,경상북도,2026-01-13 13:16:47.4998,2026-01-13 13:16:47.499803,f
6412,암곡동,4713013800,경상북도,2026-01-13 13:16:47.505723,2026-01-13 13:16:47.505733,f
6413,황용동,4713013900,경상북도,2026-01-13 13:16:47.512708,2026-01-13 13:16:47.51271,f
6414,북군동,4713014000,경상북도,2026-01-13 13:16:47.517485,2026-01-13 13:16:47.517488,f
6415,손곡동,4713014100,경상북도,2026-01-13 13:16:47.523695,2026-01-13 13:16:47.523699,f
6416,율동,4713014200,경상북도,2026-01-13 13:16:47.529079,2026-01-13 13:16:47.529082,f
6417,배동,4713014300,경상북도,2026-01-13 13:16:47.534832,2026-01-13 13:16:47.534834,f
6418,석장동,4713014400,경상북도,2026-01-13 13:16:47.540512,2026-01-13 13:16:47.540514,f
6419,감포읍,4713025000,경상북도,2026-01-13 13:16:47.544858,2026-01-13 13:16:47.54486,f
6420,대본리,4713025021,경상북도,2026-01-13 13:16:47.548782,2026-01-13 13:16:47.548784,f
6421,전동리,4713025022,경상북도,2026-01-13 13:16:47.552976,2026-01-13 13:16:47.552979,f
6422,전촌리,4713025023,경상북도,2026-01-13 13:16:47.556967,2026-01-13 13:16:47.55697,f
6423,나정리,4713025024,경상북도,2026-01-13 13:16:47.563592,2026-01-13 13:16:47.563594,f
6424,오류리,4713025025,경상북도,2026-01-13 13:16:47.569296,2026-01-13 13:16:47.569298,f
6425,노동리,4713025026,경상북도,2026-01-13 13:16:47.5752,2026-01-13 13:16:47.575203,f
6426,팔조리,4713025027,경상북도,2026-01-13 13:16:47.58058,2026-01-13 13:16:47.580582,f
6427,호동리,4713025028,경상북도,2026-01-13 13:16:47.584644,2026-01-13 13:16:47.584647,f
6428,감포리,4713025029,경상북도,2026-01-13 13:16:47.5892,2026-01-13 13:16:47.589203,f
6429,안강읍,4713025300,경상북도,2026-01-13 13:16:47.593185,2026-01-13 13:16:47.593187,f
6430,검단리,4713025321,경상북도,2026-01-13 13:16:47.597418,2026-01-13 13:16:47.59742,f
6431,사방리,4713025322,경상북도,2026-01-13 13:16:47.603998,2026-01-13 13:16:47.603999,f
6432,갑산리,4713025323,경상북도,2026-01-13 13:16:47.609771,2026-01-13 13:16:47.609773,f
6433,대동리,4713025324,경상북도,2026-01-13 13:16:47.615188,2026-01-13 13:16:47.61519,f
6434,근계리,4713025325,경상북도,2026-01-13 13:16:47.621717,2026-01-13 13:16:47.62172,f
6435,육통리,4713025326,경상북도,2026-01-13 13:16:47.625748,2026-01-13 13:16:47.62575,f
6436,노당리,4713025327,경상북도,2026-01-13 13:16:47.629757,2026-01-13 13:16:47.629759,f
6437,옥산리,4713025328,경상북도,2026-01-13 13:16:47.634197,2026-01-13 13:16:47.634199,f
6438,두류리,4713025329,경상북도,2026-01-13 13:16:47.637862,2026-01-13 13:16:47.637864,f
6439,하곡리,4713025330,경상북도,2026-01-13 13:16:47.644724,2026-01-13 13:16:47.644726,f
6440,강교리,4713025331,경상북도,2026-01-13 13:16:47.649901,2026-01-13 13:16:47.649903,f
6441,산대리,4713025332,경상북도,2026-01-13 13:16:47.656146,2026-01-13 13:16:47.656149,f
6442,안강리,4713025333,경상북도,2026-01-13 13:16:47.661697,2026-01-13 13:16:47.6617,f
6443,양월리,4713025334,경상북도,2026-01-13 13:16:47.666561,2026-01-13 13:16:47.666565,f
6444,청령리,4713025335,경상북도,2026-01-13 13:16:47.67131,2026-01-13 13:16:47.671314,f
6445,건천읍,4713025600,경상북도,2026-01-13 13:16:47.676704,2026-01-13 13:16:47.676706,f
6446,대곡리,4713025621,경상북도,2026-01-13 13:16:47.684967,2026-01-13 13:16:47.68497,f
6447,용명리,4713025622,경상북도,2026-01-13 13:16:47.689937,2026-01-13 13:16:47.689939,f
6448,신평리,4713025623,경상북도,2026-01-13 13:16:47.69615,2026-01-13 13:16:47.696152,f
6449,송선리,4713025624,경상북도,2026-01-13 13:16:47.701731,2026-01-13 13:16:47.701734,f
6450,천포리,4713025625,경상북도,2026-01-13 13:16:47.705541,2026-01-13 13:16:47.705542,f
6451,화천리,4713025626,경상북도,2026-01-13 13:16:47.709864,2026-01-13 13:16:47.709866,f
6452,모량리,4713025627,경상북도,2026-01-13 13:16:47.713707,2026-01-13 13:16:47.713709,f
6453,방내리,4713025628,경상북도,2026-01-13 13:16:47.718412,2026-01-13 13:16:47.718414,f
6454,조전리,4713025629,경상북도,2026-01-13 13:16:47.725086,2026-01-13 13:16:47.725089,f
6455,금척리,4713025630,경상북도,2026-01-13 13:16:47.730017,2026-01-13 13:16:47.730018,f
6456,건천리,4713025631,경상북도,2026-01-13 13:16:47.733916,2026-01-13 13:16:47.733918,f
6457,외동읍,4713025900,경상북도,2026-01-13 13:16:47.738159,2026-01-13 13:16:47.738165,f
6458,입실리,4713025921,경상북도,2026-01-13 13:16:47.742797,2026-01-13 13:16:47.7428,f
6459,모화리,4713025922,경상북도,2026-01-13 13:16:47.746791,2026-01-13 13:16:47.746792,f
6460,석계리,4713025923,경상북도,2026-01-13 13:16:47.753898,2026-01-13 13:16:47.7539,f
6461,녹동리,4713025924,경상북도,2026-01-13 13:16:47.758938,2026-01-13 13:16:47.75894,f
6462,냉천리,4713025925,경상북도,2026-01-13 13:16:47.76521,2026-01-13 13:16:47.765212,f
6463,제내리,4713025926,경상북도,2026-01-13 13:16:47.770739,2026-01-13 13:16:47.770742,f
6464,연안리,4713025927,경상북도,2026-01-13 13:16:47.774946,2026-01-13 13:16:47.774948,f
6465,개곡리,4713025928,경상북도,2026-01-13 13:16:47.778972,2026-01-13 13:16:47.778974,f
6466,활성리,4713025929,경상북도,2026-01-13 13:16:47.783267,2026-01-13 13:16:47.783269,f
6467,말방리,4713025930,경상북도,2026-01-13 13:16:47.787251,2026-01-13 13:16:47.787254,f
6468,죽동리,4713025931,경상북도,2026-01-13 13:16:47.794494,2026-01-13 13:16:47.794496,f
6469,구어리,4713025932,경상북도,2026-01-13 13:16:47.799189,2026-01-13 13:16:47.799191,f
6470,방어리,4713025933,경상북도,2026-01-13 13:16:47.805365,2026-01-13 13:16:47.805367,f
6471,괘릉리,4713025934,경상북도,2026-01-13 13:16:47.811086,2026-01-13 13:16:47.811088,f
6472,신계리,4713025935,경상북도,2026-01-13 13:16:47.815034,2026-01-13 13:16:47.815036,f
6473,문산리,4713025936,경상북도,2026-01-13 13:16:47.819195,2026-01-13 13:16:47.819197,f
6474,북토리,4713025937,경상북도,2026-01-13 13:16:47.823352,2026-01-13 13:16:47.823355,f
6475,양남면,4713032000,경상북도,2026-01-13 13:16:47.827027,2026-01-13 13:16:47.827029,f
6476,하서리,4713032021,경상북도,2026-01-13 13:16:47.834476,2026-01-13 13:16:47.834478,f
6477,수렴리,4713032022,경상북도,2026-01-13 13:16:47.839556,2026-01-13 13:16:47.83956,f
6478,신서리,4713032023,경상북도,2026-01-13 13:16:47.846671,2026-01-13 13:16:47.846674,f
6479,서동리,4713032024,경상북도,2026-01-13 13:16:47.852411,2026-01-13 13:16:47.852414,f
6480,효동리,4713032025,경상북도,2026-01-13 13:16:47.857578,2026-01-13 13:16:47.85758,f
6481,상계리,4713032026,경상북도,2026-01-13 13:16:47.862125,2026-01-13 13:16:47.862129,f
6482,신대리,4713032027,경상북도,2026-01-13 13:16:47.867026,2026-01-13 13:16:47.867028,f
6483,읍천리,4713032028,경상북도,2026-01-13 13:16:47.874984,2026-01-13 13:16:47.874986,f
6484,석촌리,4713032029,경상북도,2026-01-13 13:16:47.880302,2026-01-13 13:16:47.880305,f
6485,석읍리,4713032030,경상북도,2026-01-13 13:16:47.886363,2026-01-13 13:16:47.886367,f
6486,기구리,4713032031,경상북도,2026-01-13 13:16:47.892143,2026-01-13 13:16:47.892146,f
6487,환서리,4713032032,경상북도,2026-01-13 13:16:47.897521,2026-01-13 13:16:47.897524,f
6488,상라리,4713032033,경상북도,2026-01-13 13:16:47.902241,2026-01-13 13:16:47.902245,f
6489,나산리,4713032034,경상북도,2026-01-13 13:16:47.907288,2026-01-13 13:16:47.907291,f
6490,나아리,4713032035,경상북도,2026-01-13 13:16:47.915192,2026-01-13 13:16:47.915194,f
6491,일선리,4719034035,경상북도,2026-01-13 13:16:47.920227,2026-01-13 13:16:47.920229,f
6492,내남면,4713033000,경상북도,2026-01-13 13:16:47.924271,2026-01-13 13:16:47.924273,f
6493,명계리,4713033021,경상북도,2026-01-13 13:16:47.928004,2026-01-13 13:16:47.928005,f
6494,노곡리,4713033022,경상북도,2026-01-13 13:16:47.932372,2026-01-13 13:16:47.932374,f
6495,월산리,4713033023,경상북도,2026-01-13 13:16:47.936121,2026-01-13 13:16:47.936122,f
6496,이조리,4713033024,경상북도,2026-01-13 13:16:47.940092,2026-01-13 13:16:47.940094,f
6497,용장리,4713033025,경상북도,2026-01-13 13:16:47.948098,2026-01-13 13:16:47.9481,f
6498,망성리,4713033026,경상북도,2026-01-13 13:16:47.954794,2026-01-13 13:16:47.954796,f
6499,화곡리,4713033027,경상북도,2026-01-13 13:16:47.958727,2026-01-13 13:16:47.958728,f
6500,부지리,4713033028,경상북도,2026-01-13 13:16:47.962487,2026-01-13 13:16:47.96249,f
6501,덕천리,4713033029,경상북도,2026-01-13 13:16:47.966461,2026-01-13 13:16:47.966463,f
6502,상신리,4713033030,경상북도,2026-01-13 13:16:47.970107,2026-01-13 13:16:47.970109,f
6503,안심리,4713033031,경상북도,2026-01-13 13:16:47.978744,2026-01-13 13:16:47.978746,f
6504,박달리,4713033032,경상북도,2026-01-13 13:16:47.983653,2026-01-13 13:16:47.983655,f
6505,비지리,4713033033,경상북도,2026-01-13 13:16:47.989543,2026-01-13 13:16:47.989548,f
6506,산내면,4713034000,경상북도,2026-01-13 13:16:47.99684,2026-01-13 13:16:47.996842,f
6507,감산리,4713034021,경상북도,2026-01-13 13:16:48.000982,2026-01-13 13:16:48.000986,f
6508,내칠리,4713034022,경상북도,2026-01-13 13:16:48.00586,2026-01-13 13:16:48.005862,f
6509,외칠리,4713034023,경상북도,2026-01-13 13:16:48.009652,2026-01-13 13:16:48.009654,f
6510,일부리,4713034024,경상북도,2026-01-13 13:16:48.013472,2026-01-13 13:16:48.013473,f
6511,신원리,4713034025,경상북도,2026-01-13 13:16:48.017152,2026-01-13 13:16:48.017155,f
6512,의곡리,4713034026,경상북도,2026-01-13 13:16:48.024102,2026-01-13 13:16:48.024105,f
6513,내일리,4713034027,경상북도,2026-01-13 13:16:48.02966,2026-01-13 13:16:48.029662,f
6514,우라리,4713034028,경상북도,2026-01-13 13:16:48.03595,2026-01-13 13:16:48.035952,f
6515,대현리,4713034029,경상북도,2026-01-13 13:16:48.041508,2026-01-13 13:16:48.041511,f
6516,서면,4713035000,경상북도,2026-01-13 13:16:48.046018,2026-01-13 13:16:48.046021,f
6517,천촌리,4713035021,경상북도,2026-01-13 13:16:48.050396,2026-01-13 13:16:48.050398,f
6518,아화리,4713035022,경상북도,2026-01-13 13:16:48.054884,2026-01-13 13:16:48.054887,f
6519,도계리,4713035023,경상북도,2026-01-13 13:16:48.063737,2026-01-13 13:16:48.063739,f
6520,도리,4713035024,경상북도,2026-01-13 13:16:48.070857,2026-01-13 13:16:48.07086,f
6521,서오리,4713035025,경상북도,2026-01-13 13:16:48.07623,2026-01-13 13:16:48.076233,f
6522,심곡리,4713035026,경상북도,2026-01-13 13:16:48.082206,2026-01-13 13:16:48.082209,f
6523,사라리,4713035027,경상북도,2026-01-13 13:16:48.086173,2026-01-13 13:16:48.086175,f
6524,운대리,4713035028,경상북도,2026-01-13 13:16:48.090154,2026-01-13 13:16:48.090156,f
6525,현곡면,4713036000,경상북도,2026-01-13 13:16:48.094,2026-01-13 13:16:48.094001,f
6526,라원리,4713036021,경상북도,2026-01-13 13:16:48.097508,2026-01-13 13:16:48.09751,f
6527,소현리,4713036022,경상북도,2026-01-13 13:16:48.10524,2026-01-13 13:16:48.105242,f
6528,하구리,4713036023,경상북도,2026-01-13 13:16:48.110452,2026-01-13 13:16:48.110454,f
6529,상구리,4713036024,경상북도,2026-01-13 13:16:48.117128,2026-01-13 13:16:48.11713,f
6530,무과리,4713036025,경상북도,2026-01-13 13:16:48.122649,2026-01-13 13:16:48.122652,f
6531,남사리,4713036026,경상북도,2026-01-13 13:16:48.126898,2026-01-13 13:16:48.1269,f
6532,금장리,4713036027,경상북도,2026-01-13 13:16:48.13055,2026-01-13 13:16:48.130551,f
6533,래태리,4713036028,경상북도,2026-01-13 13:16:48.134404,2026-01-13 13:16:48.134407,f
6534,가정리,4713036029,경상북도,2026-01-13 13:16:48.138885,2026-01-13 13:16:48.138888,f
6535,오류리,4713036030,경상북도,2026-01-13 13:16:48.146264,2026-01-13 13:16:48.146267,f
6536,강동면,4713037000,경상북도,2026-01-13 13:16:48.15135,2026-01-13 13:16:48.151353,f
6537,모서리,4713037021,경상북도,2026-01-13 13:16:48.158544,2026-01-13 13:16:48.158546,f
6538,호명리,4713037022,경상북도,2026-01-13 13:16:48.163361,2026-01-13 13:16:48.163364,f
6539,안계리,4713037023,경상북도,2026-01-13 13:16:48.168011,2026-01-13 13:16:48.168014,f
6540,다산리,4713037024,경상북도,2026-01-13 13:16:48.172708,2026-01-13 13:16:48.17271,f
6541,단구리,4713037025,경상북도,2026-01-13 13:16:48.176733,2026-01-13 13:16:48.176736,f
6542,유금리,4713037026,경상북도,2026-01-13 13:16:48.185002,2026-01-13 13:16:48.185004,f
6543,오금리,4713037027,경상북도,2026-01-13 13:16:48.192363,2026-01-13 13:16:48.192365,f
6544,왕신리,4713037028,경상북도,2026-01-13 13:16:48.19674,2026-01-13 13:16:48.196743,f
6545,국당리,4713037029,경상북도,2026-01-13 13:16:48.200618,2026-01-13 13:16:48.20062,f
6546,인동리,4713037030,경상북도,2026-01-13 13:16:48.204946,2026-01-13 13:16:48.204948,f
6547,양동리,4713037031,경상북도,2026-01-13 13:16:48.209079,2026-01-13 13:16:48.209081,f
6548,천북면,4713038000,경상북도,2026-01-13 13:16:48.212966,2026-01-13 13:16:48.212968,f
6549,물천리,4713038021,경상북도,2026-01-13 13:16:48.220737,2026-01-13 13:16:48.220739,f
6550,덕산리,4713038022,경상북도,2026-01-13 13:16:48.226516,2026-01-13 13:16:48.226518,f
6551,갈곡리,4713038023,경상북도,2026-01-13 13:16:48.230479,2026-01-13 13:16:48.230481,f
6552,성지리,4713038024,경상북도,2026-01-13 13:16:48.23418,2026-01-13 13:16:48.234182,f
6553,동산리,4713038025,경상북도,2026-01-13 13:16:48.238434,2026-01-13 13:16:48.238436,f
6554,화산리,4713038026,경상북도,2026-01-13 13:16:48.242298,2026-01-13 13:16:48.2423,f
6555,오야리,4713038027,경상북도,2026-01-13 13:16:48.246106,2026-01-13 13:16:48.246107,f
6556,모아리,4713038028,경상북도,2026-01-13 13:16:48.249857,2026-01-13 13:16:48.249859,f
6557,신당리,4713038029,경상북도,2026-01-13 13:16:48.255057,2026-01-13 13:16:48.255058,f
6558,산양리,4719034032,경상북도,2026-01-13 13:16:48.260969,2026-01-13 13:16:48.260971,f
6559,월곡리,4719034033,경상북도,2026-01-13 13:16:48.264634,2026-01-13 13:16:48.264636,f
6560,낙산리,4719034034,경상북도,2026-01-13 13:16:48.268567,2026-01-13 13:16:48.268569,f
6561,김천시,4715000000,경상북도,2026-01-13 13:16:48.272612,2026-01-13 13:16:48.272615,f
6562,감호동,4715010100,경상북도,2026-01-13 13:16:48.276783,2026-01-13 13:16:48.276785,f
6563,용두동,4715010200,경상북도,2026-01-13 13:16:48.280591,2026-01-13 13:16:48.280593,f
6564,모암동,4715010300,경상북도,2026-01-13 13:16:48.289084,2026-01-13 13:16:48.289086,f
6565,성내동,4715010400,경상북도,2026-01-13 13:16:48.295492,2026-01-13 13:16:48.295494,f
6566,평화동,4715010500,경상북도,2026-01-13 13:16:48.299526,2026-01-13 13:16:48.299528,f
6567,남산동,4715010600,경상북도,2026-01-13 13:16:48.303538,2026-01-13 13:16:48.30354,f
6568,황금동,4715010700,경상북도,2026-01-13 13:16:48.307354,2026-01-13 13:16:48.307355,f
6569,신음동,4715010800,경상북도,2026-01-13 13:16:48.311059,2026-01-13 13:16:48.311061,f
6570,교동,4715010900,경상북도,2026-01-13 13:16:48.314784,2026-01-13 13:16:48.314787,f
6571,삼락동,4715011000,경상북도,2026-01-13 13:16:48.318485,2026-01-13 13:16:48.318487,f
6572,문당동,4715011100,경상북도,2026-01-13 13:16:48.324388,2026-01-13 13:16:48.324389,f
6573,다수동,4715011200,경상북도,2026-01-13 13:16:48.329667,2026-01-13 13:16:48.329668,f
6574,백옥동,4715011300,경상북도,2026-01-13 13:16:48.333492,2026-01-13 13:16:48.333494,f
6575,부곡동,4715011400,경상북도,2026-01-13 13:16:48.337376,2026-01-13 13:16:48.337378,f
6576,지좌동,4715011500,경상북도,2026-01-13 13:16:48.340826,2026-01-13 13:16:48.340827,f
6577,덕곡동,4715011600,경상북도,2026-01-13 13:16:48.34437,2026-01-13 13:16:48.344371,f
6578,대광동,4715011700,경상북도,2026-01-13 13:16:48.34818,2026-01-13 13:16:48.348182,f
6579,응명동,4715011800,경상북도,2026-01-13 13:16:48.352101,2026-01-13 13:16:48.352103,f
6580,양천동,4715011900,경상북도,2026-01-13 13:16:48.358792,2026-01-13 13:16:48.358795,f
6581,율곡동,4715012000,경상북도,2026-01-13 13:16:48.364054,2026-01-13 13:16:48.364056,f
6582,아포읍,4715025000,경상북도,2026-01-13 13:16:48.367992,2026-01-13 13:16:48.367993,f
6583,인리,4715025021,경상북도,2026-01-13 13:16:48.371721,2026-01-13 13:16:48.371722,f
6584,의리,4715025022,경상북도,2026-01-13 13:16:48.37555,2026-01-13 13:16:48.375552,f
6585,예리,4715025023,경상북도,2026-01-13 13:16:48.37976,2026-01-13 13:16:48.379762,f
6586,지리,4715025024,경상북도,2026-01-13 13:16:48.383546,2026-01-13 13:16:48.383548,f
6587,대신리,4715025025,경상북도,2026-01-13 13:16:48.387129,2026-01-13 13:16:48.387131,f
6588,봉산리,4715025026,경상북도,2026-01-13 13:16:48.393374,2026-01-13 13:16:48.393378,f
6589,제석리,4715025027,경상북도,2026-01-13 13:16:48.398518,2026-01-13 13:16:48.39852,f
6590,국사리,4715025028,경상북도,2026-01-13 13:16:48.404827,2026-01-13 13:16:48.404829,f
6591,송천리,4715025029,경상북도,2026-01-13 13:16:48.41028,2026-01-13 13:16:48.410283,f
6592,대성리,4715025030,경상북도,2026-01-13 13:16:48.414462,2026-01-13 13:16:48.414464,f
6593,농소면,4715031000,경상북도,2026-01-13 13:16:48.418495,2026-01-13 13:16:48.418497,f
6594,입석리,4715031021,경상북도,2026-01-13 13:16:48.423848,2026-01-13 13:16:48.423851,f
6595,신촌리,4715031022,경상북도,2026-01-13 13:16:48.428427,2026-01-13 13:16:48.428428,f
6596,월곡리,4715031023,경상북도,2026-01-13 13:16:48.441762,2026-01-13 13:16:48.441769,f
6597,용암리,4715031024,경상북도,2026-01-13 13:16:48.455291,2026-01-13 13:16:48.455294,f
6598,봉곡리,4715031025,경상북도,2026-01-13 13:16:48.465872,2026-01-13 13:16:48.465879,f
6599,연명리,4715031026,경상북도,2026-01-13 13:16:48.4778,2026-01-13 13:16:48.477803,f
6600,노곡리,4715031027,경상북도,2026-01-13 13:16:48.485143,2026-01-13 13:16:48.485148,f
6601,남면,4715032000,경상북도,2026-01-13 13:16:48.490268,2026-01-13 13:16:48.490271,f
6602,옥산리,4715032021,경상북도,2026-01-13 13:16:48.494859,2026-01-13 13:16:48.494861,f
6603,운곡리,4715032022,경상북도,2026-01-13 13:16:48.499135,2026-01-13 13:16:48.499139,f
6604,송곡리,4715032023,경상북도,2026-01-13 13:16:48.503618,2026-01-13 13:16:48.50362,f
6605,월명리,4715032024,경상북도,2026-01-13 13:16:48.50721,2026-01-13 13:16:48.507212,f
6606,부상리,4715032025,경상북도,2026-01-13 13:16:48.511686,2026-01-13 13:16:48.511689,f
6607,오봉리,4715032026,경상북도,2026-01-13 13:16:48.515767,2026-01-13 13:16:48.515769,f
6608,봉천리,4715032027,경상북도,2026-01-13 13:16:48.51965,2026-01-13 13:16:48.519651,f
6609,초곡리,4715032028,경상북도,2026-01-13 13:16:48.523405,2026-01-13 13:16:48.523408,f
6610,운남리,4715032030,경상북도,2026-01-13 13:16:48.527149,2026-01-13 13:16:48.527151,f
6611,금호리,4719034029,경상북도,2026-01-13 13:16:48.531499,2026-01-13 13:16:48.531501,f
6612,창림리,4719034030,경상북도,2026-01-13 13:16:48.535261,2026-01-13 13:16:48.535264,f
6613,송곡리,4719034031,경상북도,2026-01-13 13:16:48.539344,2026-01-13 13:16:48.539345,f
6614,개령면,4715034000,경상북도,2026-01-13 13:16:48.543324,2026-01-13 13:16:48.543325,f
6615,황계리,4715034021,경상북도,2026-01-13 13:16:48.546949,2026-01-13 13:16:48.54695,f
6616,신룡리,4715034022,경상북도,2026-01-13 13:16:48.550887,2026-01-13 13:16:48.550889,f
6617,덕촌리,4715034023,경상북도,2026-01-13 13:16:48.555165,2026-01-13 13:16:48.555167,f
6618,서부리,4715034024,경상북도,2026-01-13 13:16:48.559017,2026-01-13 13:16:48.559018,f
6619,동부리,4715034025,경상북도,2026-01-13 13:16:48.564366,2026-01-13 13:16:48.56437,f
6620,양천리,4715034026,경상북도,2026-01-13 13:16:48.569288,2026-01-13 13:16:48.56929,f
6621,광천리,4715034027,경상북도,2026-01-13 13:16:48.57411,2026-01-13 13:16:48.574113,f
6622,남전리,4715034028,경상북도,2026-01-13 13:16:48.57812,2026-01-13 13:16:48.578122,f
6623,감문면,4715035000,경상북도,2026-01-13 13:16:48.582013,2026-01-13 13:16:48.582015,f
6624,보광리,4715035021,경상북도,2026-01-13 13:16:48.586118,2026-01-13 13:16:48.58612,f
6625,금라리,4715035022,경상북도,2026-01-13 13:16:48.591256,2026-01-13 13:16:48.591258,f
6626,구야리,4715035023,경상북도,2026-01-13 13:16:48.595523,2026-01-13 13:16:48.595526,f
6627,은림리,4715035024,경상북도,2026-01-13 13:16:48.60144,2026-01-13 13:16:48.601443,f
6628,도명리,4715035025,경상북도,2026-01-13 13:16:48.605701,2026-01-13 13:16:48.605705,f
6629,문무리,4715035026,경상북도,2026-01-13 13:16:48.609481,2026-01-13 13:16:48.609482,f
6630,남곡리,4715035027,경상북도,2026-01-13 13:16:48.613469,2026-01-13 13:16:48.613472,f
6631,송북리,4715035028,경상북도,2026-01-13 13:16:48.617306,2026-01-13 13:16:48.617308,f
6632,금곡리,4715035029,경상북도,2026-01-13 13:16:48.621187,2026-01-13 13:16:48.621189,f
6633,삼성리,4715035030,경상북도,2026-01-13 13:16:48.625004,2026-01-13 13:16:48.625006,f
6634,광덕리,4715035031,경상북도,2026-01-13 13:16:48.628606,2026-01-13 13:16:48.628608,f
6635,덕남리,4715035032,경상북도,2026-01-13 13:16:48.632273,2026-01-13 13:16:48.632276,f
6636,태촌리,4715035033,경상북도,2026-01-13 13:16:48.639038,2026-01-13 13:16:48.639041,f
6637,성촌리,4715035034,경상북도,2026-01-13 13:16:48.643791,2026-01-13 13:16:48.643793,f
6638,대양리,4715035035,경상북도,2026-01-13 13:16:48.648053,2026-01-13 13:16:48.648055,f
6639,어모면,4715036000,경상북도,2026-01-13 13:16:48.65254,2026-01-13 13:16:48.652542,f
6640,중왕리,4715036021,경상북도,2026-01-13 13:16:48.656665,2026-01-13 13:16:48.656667,f
6641,옥율리,4715036022,경상북도,2026-01-13 13:16:48.660668,2026-01-13 13:16:48.660671,f
6642,남산리,4715036023,경상북도,2026-01-13 13:16:48.665204,2026-01-13 13:16:48.665207,f
6643,다남리,4715036024,경상북도,2026-01-13 13:16:48.668953,2026-01-13 13:16:48.668955,f
6644,군자리,4715036025,경상북도,2026-01-13 13:16:48.673142,2026-01-13 13:16:48.673144,f
6645,덕마리,4715036026,경상북도,2026-01-13 13:16:48.677162,2026-01-13 13:16:48.677164,f
6646,구례리,4715036027,경상북도,2026-01-13 13:16:48.681094,2026-01-13 13:16:48.681096,f
6647,옥계리,4715036028,경상북도,2026-01-13 13:16:48.685736,2026-01-13 13:16:48.685738,f
6648,능치리,4715036029,경상북도,2026-01-13 13:16:48.690138,2026-01-13 13:16:48.69014,f
6649,도암리,4715036030,경상북도,2026-01-13 13:16:48.694985,2026-01-13 13:16:48.694988,f
6650,은기리,4715036031,경상북도,2026-01-13 13:16:48.699801,2026-01-13 13:16:48.699804,f
6651,동좌리,4715036032,경상북도,2026-01-13 13:16:48.703798,2026-01-13 13:16:48.7038,f
6652,봉산면,4715037000,경상북도,2026-01-13 13:16:48.708577,2026-01-13 13:16:48.708579,f
6653,신리,4715037021,경상북도,2026-01-13 13:16:48.712809,2026-01-13 13:16:48.712812,f
6654,인의리,4715037022,경상북도,2026-01-13 13:16:48.717682,2026-01-13 13:16:48.717685,f
6655,예지리,4715037023,경상북도,2026-01-13 13:16:48.722778,2026-01-13 13:16:48.72278,f
6656,덕천리,4715037024,경상북도,2026-01-13 13:16:48.726554,2026-01-13 13:16:48.726556,f
6657,태화리,4715037025,경상북도,2026-01-13 13:16:48.730668,2026-01-13 13:16:48.730669,f
6658,상금리,4715037026,경상북도,2026-01-13 13:16:48.73478,2026-01-13 13:16:48.734781,f
6659,신암리,4715037027,경상북도,2026-01-13 13:16:48.738827,2026-01-13 13:16:48.738829,f
6660,광천리,4715037028,경상북도,2026-01-13 13:16:48.742928,2026-01-13 13:16:48.742931,f
6661,대항면,4715038000,경상북도,2026-01-13 13:16:48.746666,2026-01-13 13:16:48.746668,f
6662,향천리,4715038021,경상북도,2026-01-13 13:16:48.751349,2026-01-13 13:16:48.751351,f
6663,운수리,4715038022,경상북도,2026-01-13 13:16:48.755471,2026-01-13 13:16:48.755473,f
6664,주례리,4715038023,경상북도,2026-01-13 13:16:48.759016,2026-01-13 13:16:48.759018,f
6665,대성리,4715038024,경상북도,2026-01-13 13:16:48.763902,2026-01-13 13:16:48.763905,f
6666,덕전리,4715038025,경상북도,2026-01-13 13:16:48.767893,2026-01-13 13:16:48.767895,f
6667,대룡리,4715038026,경상북도,2026-01-13 13:16:48.771483,2026-01-13 13:16:48.771485,f
6668,복전리,4715038027,경상북도,2026-01-13 13:16:48.775966,2026-01-13 13:16:48.775969,f
6669,감천면,4715039000,경상북도,2026-01-13 13:16:48.779851,2026-01-13 13:16:48.779853,f
6670,용호리,4715039021,경상북도,2026-01-13 13:16:48.784296,2026-01-13 13:16:48.784298,f
6671,무안리,4715039022,경상북도,2026-01-13 13:16:48.788238,2026-01-13 13:16:48.788239,f
6672,도평리,4715039023,경상북도,2026-01-13 13:16:48.792107,2026-01-13 13:16:48.792109,f
6673,광기리,4715039024,경상북도,2026-01-13 13:16:48.796327,2026-01-13 13:16:48.796329,f
6674,금송리,4715039025,경상북도,2026-01-13 13:16:48.800332,2026-01-13 13:16:48.800334,f
6675,조마면,4715040000,경상북도,2026-01-13 13:16:48.804511,2026-01-13 13:16:48.804513,f
6676,신안리,4715040021,경상북도,2026-01-13 13:16:48.80917,2026-01-13 13:16:48.809173,f
6677,장암리,4715040022,경상북도,2026-01-13 13:16:48.812999,2026-01-13 13:16:48.813001,f
6678,금산리,4719034026,경상북도,2026-01-13 13:16:48.816832,2026-01-13 13:16:48.816834,f
6679,도문리,4719034027,경상북도,2026-01-13 13:16:48.820951,2026-01-13 13:16:48.820954,f
6680,월호리,4719034028,경상북도,2026-01-13 13:16:48.825703,2026-01-13 13:16:48.825706,f
6681,강곡리,4715040023,경상북도,2026-01-13 13:16:48.830775,2026-01-13 13:16:48.830777,f
6682,신곡리,4715040024,경상북도,2026-01-13 13:16:48.835717,2026-01-13 13:16:48.835719,f
6683,삼산리,4715040025,경상북도,2026-01-13 13:16:48.840325,2026-01-13 13:16:48.840328,f
6684,신왕리,4715040026,경상북도,2026-01-13 13:16:48.844419,2026-01-13 13:16:48.844422,f
6685,대방리,4715040027,경상북도,2026-01-13 13:16:48.848959,2026-01-13 13:16:48.848962,f
6686,구성면,4715041000,경상북도,2026-01-13 13:16:48.85276,2026-01-13 13:16:48.852762,f
6687,하강리,4715041021,경상북도,2026-01-13 13:16:48.857016,2026-01-13 13:16:48.857018,f
6688,양각리,4715041022,경상북도,2026-01-13 13:16:48.861021,2026-01-13 13:16:48.861023,f
6689,흥평리,4715041023,경상북도,2026-01-13 13:16:48.865452,2026-01-13 13:16:48.865455,f
6690,송죽리,4715041024,경상북도,2026-01-13 13:16:48.869663,2026-01-13 13:16:48.869664,f
6691,광명리,4715041025,경상북도,2026-01-13 13:16:48.873691,2026-01-13 13:16:48.873692,f
6692,금평리,4715041026,경상북도,2026-01-13 13:16:48.877351,2026-01-13 13:16:48.877353,f
6693,구미리,4715041027,경상북도,2026-01-13 13:16:48.880913,2026-01-13 13:16:48.880916,f
6694,임평리,4715041028,경상북도,2026-01-13 13:16:48.885475,2026-01-13 13:16:48.885478,f
6695,임천리,4715041029,경상북도,2026-01-13 13:16:48.889273,2026-01-13 13:16:48.889274,f
6696,월계리,4715041030,경상북도,2026-01-13 13:16:48.893085,2026-01-13 13:16:48.893088,f
6697,마산리,4715041031,경상북도,2026-01-13 13:16:48.896688,2026-01-13 13:16:48.896689,f
6698,작내리,4715041032,경상북도,2026-01-13 13:16:48.90022,2026-01-13 13:16:48.900222,f
6699,용호리,4715041033,경상북도,2026-01-13 13:16:48.903844,2026-01-13 13:16:48.903845,f
6700,상거리,4715041034,경상북도,2026-01-13 13:16:48.907697,2026-01-13 13:16:48.907699,f
6701,상원리,4715041035,경상북도,2026-01-13 13:16:48.911773,2026-01-13 13:16:48.911775,f
6702,미평리,4715041036,경상북도,2026-01-13 13:16:48.915558,2026-01-13 13:16:48.91556,f
6703,상좌원리,4715041037,경상북도,2026-01-13 13:16:48.919478,2026-01-13 13:16:48.91948,f
6704,지례면,4715042000,경상북도,2026-01-13 13:16:48.92327,2026-01-13 13:16:48.923271,f
6705,교리,4715042021,경상북도,2026-01-13 13:16:48.926941,2026-01-13 13:16:48.926942,f
6706,상부리,4715042022,경상북도,2026-01-13 13:16:48.93081,2026-01-13 13:16:48.930811,f
6707,대율리,4715042023,경상북도,2026-01-13 13:16:48.934757,2026-01-13 13:16:48.934759,f
6708,거물리,4715042024,경상북도,2026-01-13 13:16:48.938453,2026-01-13 13:16:48.938455,f
6709,도곡리,4715042025,경상북도,2026-01-13 13:16:48.942099,2026-01-13 13:16:48.942101,f
6710,관덕리,4715042026,경상북도,2026-01-13 13:16:48.945841,2026-01-13 13:16:48.945843,f
6711,신평리,4715042027,경상북도,2026-01-13 13:16:48.949459,2026-01-13 13:16:48.949461,f
6712,이전리,4715042028,경상북도,2026-01-13 13:16:48.953136,2026-01-13 13:16:48.953138,f
6713,울곡리,4715042029,경상북도,2026-01-13 13:16:48.957058,2026-01-13 13:16:48.95706,f
6714,여배리,4715042030,경상북도,2026-01-13 13:16:48.960776,2026-01-13 13:16:48.960778,f
6715,부항면,4715043000,경상북도,2026-01-13 13:16:48.964976,2026-01-13 13:16:48.964977,f
6716,신옥리,4715043021,경상북도,2026-01-13 13:16:48.968708,2026-01-13 13:16:48.968709,f
6717,유촌리,4715043022,경상북도,2026-01-13 13:16:48.973321,2026-01-13 13:16:48.973323,f
6718,지좌리,4715043023,경상북도,2026-01-13 13:16:48.97743,2026-01-13 13:16:48.977432,f
6719,사등리,4715043024,경상북도,2026-01-13 13:16:48.981052,2026-01-13 13:16:48.981054,f
6720,월곡리,4715043025,경상북도,2026-01-13 13:16:48.985127,2026-01-13 13:16:48.985128,f
6721,어전리,4715043026,경상북도,2026-01-13 13:16:48.990661,2026-01-13 13:16:48.990665,f
6722,하대리,4715043027,경상북도,2026-01-13 13:16:49.000511,2026-01-13 13:16:49.000515,f
6723,해인리,4715043028,경상북도,2026-01-13 13:16:49.005569,2026-01-13 13:16:49.005571,f
6724,대야리,4715043029,경상북도,2026-01-13 13:16:49.009584,2026-01-13 13:16:49.009587,f
6725,파천리,4715043030,경상북도,2026-01-13 13:16:49.014191,2026-01-13 13:16:49.014194,f
6726,안간리,4715043031,경상북도,2026-01-13 13:16:49.019466,2026-01-13 13:16:49.019469,f
6727,두산리,4715043032,경상북도,2026-01-13 13:16:49.024422,2026-01-13 13:16:49.024424,f
6728,희곡리,4715043033,경상북도,2026-01-13 13:16:49.029263,2026-01-13 13:16:49.029266,f
6729,대덕면,4715044000,경상북도,2026-01-13 13:16:49.033926,2026-01-13 13:16:49.033929,f
6730,연화리,4715044021,경상북도,2026-01-13 13:16:49.038587,2026-01-13 13:16:49.038589,f
6731,덕산리,4715044022,경상북도,2026-01-13 13:16:49.042955,2026-01-13 13:16:49.042957,f
6732,외감리,4715044023,경상북도,2026-01-13 13:16:49.047102,2026-01-13 13:16:49.047104,f
6733,내감리,4715044024,경상북도,2026-01-13 13:16:49.050981,2026-01-13 13:16:49.050983,f
6734,가례리,4715044025,경상북도,2026-01-13 13:16:49.05489,2026-01-13 13:16:49.054892,f
6735,조룡리,4715044026,경상북도,2026-01-13 13:16:49.058617,2026-01-13 13:16:49.058619,f
6736,추량리,4715044027,경상북도,2026-01-13 13:16:49.062521,2026-01-13 13:16:49.062524,f
6737,관기리,4715044028,경상북도,2026-01-13 13:16:49.066167,2026-01-13 13:16:49.066168,f
6738,화전리,4715044029,경상북도,2026-01-13 13:16:49.076122,2026-01-13 13:16:49.076128,f
6739,문의리,4715044030,경상북도,2026-01-13 13:16:49.084506,2026-01-13 13:16:49.084509,f
6740,대리,4715044031,경상북도,2026-01-13 13:16:49.090615,2026-01-13 13:16:49.090618,f
6741,중산리,4715044032,경상북도,2026-01-13 13:16:49.094825,2026-01-13 13:16:49.094827,f
6742,증산면,4715045000,경상북도,2026-01-13 13:16:49.098957,2026-01-13 13:16:49.098959,f
6743,황항리,4715045021,경상북도,2026-01-13 13:16:49.10282,2026-01-13 13:16:49.102822,f
6744,부항리,4715045022,경상북도,2026-01-13 13:16:49.106775,2026-01-13 13:16:49.106777,f
6745,동안리,4715045023,경상북도,2026-01-13 13:16:49.110631,2026-01-13 13:16:49.110633,f
6746,황정리,4715045024,경상북도,2026-01-13 13:16:49.11481,2026-01-13 13:16:49.114812,f
6747,평촌리,4715045025,경상북도,2026-01-13 13:16:49.118608,2026-01-13 13:16:49.11861,f
6748,수도리,4715045026,경상북도,2026-01-13 13:16:49.123827,2026-01-13 13:16:49.123829,f
6749,오상리,4719034023,경상북도,2026-01-13 13:16:49.12792,2026-01-13 13:16:49.127923,f
6750,문량리,4719034024,경상북도,2026-01-13 13:16:49.131698,2026-01-13 13:16:49.1317,f
6751,괴곡리,4719034025,경상북도,2026-01-13 13:16:49.136575,2026-01-13 13:16:49.136577,f
6752,유성리,4715045027,경상북도,2026-01-13 13:16:49.140428,2026-01-13 13:16:49.14043,f
6753,금곡리,4715045028,경상북도,2026-01-13 13:16:49.144445,2026-01-13 13:16:49.144447,f
6754,장전리,4715045029,경상북도,2026-01-13 13:16:49.149012,2026-01-13 13:16:49.149016,f
6755,황점리,4715045030,경상북도,2026-01-13 13:16:49.152956,2026-01-13 13:16:49.152958,f
6756,안동시,4717000000,경상북도,2026-01-13 13:16:49.156959,2026-01-13 13:16:49.156961,f
6757,삼산동,4717010100,경상북도,2026-01-13 13:16:49.160787,2026-01-13 13:16:49.160789,f
6758,서부동,4717010200,경상북도,2026-01-13 13:16:49.164381,2026-01-13 13:16:49.164383,f
6759,북문동,4717010300,경상북도,2026-01-13 13:16:49.168775,2026-01-13 13:16:49.168778,f
6760,명륜동,4717010400,경상북도,2026-01-13 13:16:49.172622,2026-01-13 13:16:49.172624,f
6761,신안동,4717010500,경상북도,2026-01-13 13:16:49.176366,2026-01-13 13:16:49.176368,f
6762,율세동,4717010600,경상북도,2026-01-13 13:16:49.179991,2026-01-13 13:16:49.179992,f
6763,옥정동,4717010700,경상북도,2026-01-13 13:16:49.183536,2026-01-13 13:16:49.183539,f
6764,신세동,4717010800,경상북도,2026-01-13 13:16:49.187194,2026-01-13 13:16:49.187197,f
6765,법흥동,4717010900,경상북도,2026-01-13 13:16:49.191236,2026-01-13 13:16:49.191238,f
6766,용상동,4717011000,경상북도,2026-01-13 13:16:49.194988,2026-01-13 13:16:49.194989,f
6767,동문동,4717011100,경상북도,2026-01-13 13:16:49.198742,2026-01-13 13:16:49.198744,f
6768,동부동,4717011200,경상북도,2026-01-13 13:16:49.202803,2026-01-13 13:16:49.202805,f
6769,운흥동,4717011300,경상북도,2026-01-13 13:16:49.206519,2026-01-13 13:16:49.206521,f
6770,천리동,4717011400,경상북도,2026-01-13 13:16:49.210135,2026-01-13 13:16:49.210137,f
6771,남부동,4717011500,경상북도,2026-01-13 13:16:49.214573,2026-01-13 13:16:49.214576,f
6772,남문동,4717011600,경상북도,2026-01-13 13:16:49.218384,2026-01-13 13:16:49.218387,f
6773,안흥동,4717011700,경상북도,2026-01-13 13:16:49.222147,2026-01-13 13:16:49.22215,f
6774,대석동,4717011800,경상북도,2026-01-13 13:16:49.225971,2026-01-13 13:16:49.225972,f
6775,옥야동,4717011900,경상북도,2026-01-13 13:16:49.229583,2026-01-13 13:16:49.229585,f
6776,광석동,4717012000,경상북도,2026-01-13 13:16:49.233779,2026-01-13 13:16:49.233782,f
6777,당북동,4717012100,경상북도,2026-01-13 13:16:49.2376,2026-01-13 13:16:49.237604,f
6778,태화동,4717012200,경상북도,2026-01-13 13:16:49.241449,2026-01-13 13:16:49.24145,f
6779,화성동,4717012300,경상북도,2026-01-13 13:16:49.245098,2026-01-13 13:16:49.2451,f
6780,목성동,4717012400,경상북도,2026-01-13 13:16:49.249,2026-01-13 13:16:49.249003,f
6781,법상동,4717012500,경상북도,2026-01-13 13:16:49.252547,2026-01-13 13:16:49.252548,f
6782,금곡동,4717012600,경상북도,2026-01-13 13:16:49.256444,2026-01-13 13:16:49.256445,f
6783,평화동,4717012700,경상북도,2026-01-13 13:16:49.260102,2026-01-13 13:16:49.260104,f
6784,안기동,4717012800,경상북도,2026-01-13 13:16:49.263687,2026-01-13 13:16:49.263688,f
6785,운안동,4717012900,경상북도,2026-01-13 13:16:49.267916,2026-01-13 13:16:49.267917,f
6786,성곡동,4717013000,경상북도,2026-01-13 13:16:49.271868,2026-01-13 13:16:49.27187,f
6787,상아동,4717013100,경상북도,2026-01-13 13:16:49.276016,2026-01-13 13:16:49.276018,f
6788,안막동,4717013200,경상북도,2026-01-13 13:16:49.280261,2026-01-13 13:16:49.280264,f
6789,옥동,4717013300,경상북도,2026-01-13 13:16:49.284336,2026-01-13 13:16:49.284338,f
6790,이천동,4717013400,경상북도,2026-01-13 13:16:49.288264,2026-01-13 13:16:49.288266,f
6791,노하동,4717013500,경상북도,2026-01-13 13:16:49.2922,2026-01-13 13:16:49.292202,f
6792,송현동,4717013600,경상북도,2026-01-13 13:16:49.296083,2026-01-13 13:16:49.296085,f
6793,송천동,4717013700,경상북도,2026-01-13 13:16:49.299745,2026-01-13 13:16:49.299746,f
6794,석동동,4717013800,경상북도,2026-01-13 13:16:49.30405,2026-01-13 13:16:49.304051,f
6795,정상동,4717013900,경상북도,2026-01-13 13:16:49.308056,2026-01-13 13:16:49.308058,f
6796,정하동,4717014000,경상북도,2026-01-13 13:16:49.312537,2026-01-13 13:16:49.312541,f
6797,수상동,4717014100,경상북도,2026-01-13 13:16:49.316937,2026-01-13 13:16:49.316938,f
6798,수하동,4717014200,경상북도,2026-01-13 13:16:49.320914,2026-01-13 13:16:49.320916,f
6799,풍산읍,4717025000,경상북도,2026-01-13 13:16:49.325182,2026-01-13 13:16:49.325183,f
6800,안교리,4717025021,경상북도,2026-01-13 13:16:49.328839,2026-01-13 13:16:49.32884,f
6801,상리리,4717025022,경상북도,2026-01-13 13:16:49.332414,2026-01-13 13:16:49.332416,f
6802,하리리,4717025023,경상북도,2026-01-13 13:16:49.336518,2026-01-13 13:16:49.33652,f
6803,마애리,4717025024,경상북도,2026-01-13 13:16:49.340723,2026-01-13 13:16:49.340725,f
6804,수리,4717025025,경상북도,2026-01-13 13:16:49.345765,2026-01-13 13:16:49.345768,f
6805,회곡리,4717025026,경상북도,2026-01-13 13:16:49.350314,2026-01-13 13:16:49.350316,f
6806,계평리,4717025027,경상북도,2026-01-13 13:16:49.354284,2026-01-13 13:16:49.354286,f
6807,막곡리,4717025028,경상북도,2026-01-13 13:16:49.358614,2026-01-13 13:16:49.358617,f
6808,수곡리,4717025029,경상북도,2026-01-13 13:16:49.363296,2026-01-13 13:16:49.363298,f
6809,노리,4717025030,경상북도,2026-01-13 13:16:49.367323,2026-01-13 13:16:49.367325,f
6810,죽전리,4717025031,경상북도,2026-01-13 13:16:49.371143,2026-01-13 13:16:49.371146,f
6811,만운리,4717025032,경상북도,2026-01-13 13:16:49.37481,2026-01-13 13:16:49.374812,f
6812,서미리,4717025033,경상북도,2026-01-13 13:16:49.378728,2026-01-13 13:16:49.37873,f
6813,신양리,4717025034,경상북도,2026-01-13 13:16:49.382845,2026-01-13 13:16:49.382847,f
6814,현애리,4717025035,경상북도,2026-01-13 13:16:49.386435,2026-01-13 13:16:49.386437,f
6815,오미리,4717025036,경상북도,2026-01-13 13:16:49.389924,2026-01-13 13:16:49.389926,f
6816,괴정리,4717025037,경상북도,2026-01-13 13:16:49.39391,2026-01-13 13:16:49.393912,f
6817,매곡리,4717025038,경상북도,2026-01-13 13:16:49.397513,2026-01-13 13:16:49.397514,f
6818,해평면,4719034000,경상북도,2026-01-13 13:16:49.401364,2026-01-13 13:16:49.401366,f
6819,낙성리,4719034021,경상북도,2026-01-13 13:16:49.40536,2026-01-13 13:16:49.405363,f
6820,해평리,4719034022,경상북도,2026-01-13 13:16:49.409938,2026-01-13 13:16:49.409941,f
6821,소산리,4717025039,경상북도,2026-01-13 13:16:49.415639,2026-01-13 13:16:49.415643,f
6822,와룡면,4717031000,경상북도,2026-01-13 13:16:49.420824,2026-01-13 13:16:49.420827,f
6823,중가구리,4717031021,경상북도,2026-01-13 13:16:49.426577,2026-01-13 13:16:49.426581,f
6824,가구리,4717031022,경상북도,2026-01-13 13:16:49.431392,2026-01-13 13:16:49.431394,f
6825,산야리,4717031023,경상북도,2026-01-13 13:16:49.435423,2026-01-13 13:16:49.435425,f
6826,주계리,4717031024,경상북도,2026-01-13 13:16:49.439199,2026-01-13 13:16:49.439201,f
6827,가야리,4717031025,경상북도,2026-01-13 13:16:49.443035,2026-01-13 13:16:49.443036,f
6828,지내리,4717031026,경상북도,2026-01-13 13:16:49.447291,2026-01-13 13:16:49.447294,f
6829,태리,4717031027,경상북도,2026-01-13 13:16:49.451084,2026-01-13 13:16:49.451086,f
6830,서지리,4717031028,경상북도,2026-01-13 13:16:49.454699,2026-01-13 13:16:49.454701,f
6831,이하리,4717031029,경상북도,2026-01-13 13:16:49.458647,2026-01-13 13:16:49.458649,f
6832,이상리,4717031030,경상북도,2026-01-13 13:16:49.462682,2026-01-13 13:16:49.462685,f
6833,주하리,4717031031,경상북도,2026-01-13 13:16:49.467021,2026-01-13 13:16:49.467023,f
6834,감애리,4717031032,경상북도,2026-01-13 13:16:49.471094,2026-01-13 13:16:49.471096,f
6835,서현리,4717031033,경상북도,2026-01-13 13:16:49.475017,2026-01-13 13:16:49.475019,f
6836,라소리,4717031034,경상북도,2026-01-13 13:16:49.478984,2026-01-13 13:16:49.478986,f
6837,가류리,4717031035,경상북도,2026-01-13 13:16:49.482484,2026-01-13 13:16:49.482485,f
6838,도곡리,4717031036,경상북도,2026-01-13 13:16:49.487046,2026-01-13 13:16:49.487049,f
6839,절강리,4717031037,경상북도,2026-01-13 13:16:49.491728,2026-01-13 13:16:49.49173,f
6840,오천리,4717031038,경상북도,2026-01-13 13:16:49.496215,2026-01-13 13:16:49.496218,f
6841,북후면,4717032000,경상북도,2026-01-13 13:16:49.500247,2026-01-13 13:16:49.500249,f
6842,옹천리,4717032021,경상북도,2026-01-13 13:16:49.503904,2026-01-13 13:16:49.503906,f
6843,장기리,4717032022,경상북도,2026-01-13 13:16:49.507543,2026-01-13 13:16:49.507544,f
6844,도촌리,4717032023,경상북도,2026-01-13 13:16:49.511585,2026-01-13 13:16:49.511589,f
6845,오산리,4717032024,경상북도,2026-01-13 13:16:49.515559,2026-01-13 13:16:49.515561,f
6846,도진리,4717032025,경상북도,2026-01-13 13:16:49.519177,2026-01-13 13:16:49.519179,f
6847,물한리,4717032026,경상북도,2026-01-13 13:16:49.52279,2026-01-13 13:16:49.522791,f
6848,연곡리,4717032027,경상북도,2026-01-13 13:16:49.526291,2026-01-13 13:16:49.526293,f
6849,두산리,4717032028,경상북도,2026-01-13 13:16:49.530038,2026-01-13 13:16:49.53004,f
6850,신전리,4717032029,경상북도,2026-01-13 13:16:49.533854,2026-01-13 13:16:49.533856,f
6851,월전리,4717032030,경상북도,2026-01-13 13:16:49.537447,2026-01-13 13:16:49.537449,f
6852,석탑리,4717032031,경상북도,2026-01-13 13:16:49.541222,2026-01-13 13:16:49.541225,f
6853,대현리,4717032032,경상북도,2026-01-13 13:16:49.544987,2026-01-13 13:16:49.544989,f
6854,서후면,4717033000,경상북도,2026-01-13 13:16:49.548709,2026-01-13 13:16:49.548711,f
6855,광평리,4717033021,경상북도,2026-01-13 13:16:49.552527,2026-01-13 13:16:49.552529,f
6856,저전리,4717033022,경상북도,2026-01-13 13:16:49.556199,2026-01-13 13:16:49.556201,f
6857,태장리,4717033023,경상북도,2026-01-13 13:16:49.559523,2026-01-13 13:16:49.559525,f
6858,이송천리,4717033024,경상북도,2026-01-13 13:16:49.56369,2026-01-13 13:16:49.563693,f
6859,금계리,4717033025,경상북도,2026-01-13 13:16:49.567326,2026-01-13 13:16:49.567328,f
6860,성곡리,4717033026,경상북도,2026-01-13 13:16:49.570817,2026-01-13 13:16:49.570819,f
6861,이개리,4717033027,경상북도,2026-01-13 13:16:49.575177,2026-01-13 13:16:49.57518,f
6862,교리,4717033028,경상북도,2026-01-13 13:16:49.57902,2026-01-13 13:16:49.579022,f
6863,명리,4717033029,경상북도,2026-01-13 13:16:49.582687,2026-01-13 13:16:49.58269,f
6864,대두서리,4717033030,경상북도,2026-01-13 13:16:49.586452,2026-01-13 13:16:49.586454,f
6865,재품리,4717033032,경상북도,2026-01-13 13:16:49.595675,2026-01-13 13:16:49.595677,f
6866,풍천면,4717034000,경상북도,2026-01-13 13:16:49.601185,2026-01-13 13:16:49.601188,f
6867,갈전리,4717034021,경상북도,2026-01-13 13:16:49.606908,2026-01-13 13:16:49.60691,f
6868,도양리,4717034022,경상북도,2026-01-13 13:16:49.611116,2026-01-13 13:16:49.611119,f
6869,구담리,4717034023,경상북도,2026-01-13 13:16:49.61496,2026-01-13 13:16:49.614962,f
6870,광덕리,4717034024,경상북도,2026-01-13 13:16:49.618891,2026-01-13 13:16:49.618893,f
6871,기산리,4717034025,경상북도,2026-01-13 13:16:49.622727,2026-01-13 13:16:49.622729,f
6872,신성리,4717034026,경상북도,2026-01-13 13:16:49.626209,2026-01-13 13:16:49.626211,f
6873,금계리,4717034027,경상북도,2026-01-13 13:16:49.630088,2026-01-13 13:16:49.630089,f
6874,구호리,4717034028,경상북도,2026-01-13 13:16:49.634367,2026-01-13 13:16:49.634369,f
6875,어담리,4717034029,경상북도,2026-01-13 13:16:49.638031,2026-01-13 13:16:49.638034,f
6876,인금리,4717034030,경상북도,2026-01-13 13:16:49.641981,2026-01-13 13:16:49.641984,f
6877,가곡리,4717034031,경상북도,2026-01-13 13:16:49.645888,2026-01-13 13:16:49.645891,f
6878,병산리,4717034032,경상북도,2026-01-13 13:16:49.650525,2026-01-13 13:16:49.650531,f
6879,하회리,4717034033,경상북도,2026-01-13 13:16:49.662793,2026-01-13 13:16:49.662797,f
6880,일직면,4717035000,경상북도,2026-01-13 13:16:49.671342,2026-01-13 13:16:49.671346,f
6881,귀미리,4717035021,경상북도,2026-01-13 13:16:49.676718,2026-01-13 13:16:49.67672,f
6882,구천리,4717035022,경상북도,2026-01-13 13:16:49.6819,2026-01-13 13:16:49.681903,f
6883,망호리,4717035023,경상북도,2026-01-13 13:16:49.686795,2026-01-13 13:16:49.686797,f
6884,원리,4717035024,경상북도,2026-01-13 13:16:49.690973,2026-01-13 13:16:49.690975,f
6885,광연리,4717035025,경상북도,2026-01-13 13:16:49.695161,2026-01-13 13:16:49.695163,f
6886,명진리,4717035026,경상북도,2026-01-13 13:16:49.699261,2026-01-13 13:16:49.699264,f
6887,평팔리,4717035027,경상북도,2026-01-13 13:16:49.703244,2026-01-13 13:16:49.703246,f
6888,도개리,4719033027,경상북도,2026-01-13 13:16:49.70724,2026-01-13 13:16:49.707242,f
6889,다곡리,4719033028,경상북도,2026-01-13 13:16:49.711111,2026-01-13 13:16:49.711113,f
6890,용산리,4719033029,경상북도,2026-01-13 13:16:49.715159,2026-01-13 13:16:49.715161,f
6891,용각리,4717035028,경상북도,2026-01-13 13:16:49.719442,2026-01-13 13:16:49.719445,f
6892,국곡리,4717035029,경상북도,2026-01-13 13:16:49.724353,2026-01-13 13:16:49.724355,f
6893,조탑리,4717035030,경상북도,2026-01-13 13:16:49.728355,2026-01-13 13:16:49.728357,f
6894,송리리,4717035031,경상북도,2026-01-13 13:16:49.732104,2026-01-13 13:16:49.732107,f
6895,원호리,4717035032,경상북도,2026-01-13 13:16:49.736149,2026-01-13 13:16:49.73615,f
6896,운산리,4717035033,경상북도,2026-01-13 13:16:49.739992,2026-01-13 13:16:49.739994,f
6897,남후면,4717036000,경상북도,2026-01-13 13:16:49.744216,2026-01-13 13:16:49.744221,f
6898,광음리,4717036021,경상북도,2026-01-13 13:16:49.748194,2026-01-13 13:16:49.748196,f
6899,무릉리,4717036022,경상북도,2026-01-13 13:16:49.751965,2026-01-13 13:16:49.751967,f
6900,개곡리,4717036023,경상북도,2026-01-13 13:16:49.756213,2026-01-13 13:16:49.756217,f
6901,검암리,4717036024,경상북도,2026-01-13 13:16:49.760382,2026-01-13 13:16:49.760384,f
6902,고하리,4717036025,경상북도,2026-01-13 13:16:49.765042,2026-01-13 13:16:49.765045,f
6903,고상리,4717036026,경상북도,2026-01-13 13:16:49.769848,2026-01-13 13:16:49.76985,f
6904,상아리,4717036027,경상북도,2026-01-13 13:16:49.774331,2026-01-13 13:16:49.774333,f
6905,하아리,4717036028,경상북도,2026-01-13 13:16:49.778438,2026-01-13 13:16:49.77844,f
6906,단호리,4717036029,경상북도,2026-01-13 13:16:49.782079,2026-01-13 13:16:49.782081,f
6907,남선면,4717037000,경상북도,2026-01-13 13:16:49.785797,2026-01-13 13:16:49.785799,f
6908,이천리,4717037021,경상북도,2026-01-13 13:16:49.789604,2026-01-13 13:16:49.789606,f
6909,신석리,4717037022,경상북도,2026-01-13 13:16:49.793772,2026-01-13 13:16:49.793774,f
6910,구미리,4717037023,경상북도,2026-01-13 13:16:49.797415,2026-01-13 13:16:49.797416,f
6911,신흥리,4717037024,경상북도,2026-01-13 13:16:49.802109,2026-01-13 13:16:49.802112,f
6912,도로리,4717037025,경상북도,2026-01-13 13:16:49.8062,2026-01-13 13:16:49.806201,f
6913,현내리,4717037026,경상북도,2026-01-13 13:16:49.810149,2026-01-13 13:16:49.810152,f
6914,원림리,4717037027,경상북도,2026-01-13 13:16:49.814019,2026-01-13 13:16:49.814021,f
6915,외하리,4717037028,경상북도,2026-01-13 13:16:49.82295,2026-01-13 13:16:49.822952,f
6916,임하면,4717038000,경상북도,2026-01-13 13:16:49.82677,2026-01-13 13:16:49.826772,f
6917,임하리,4717038021,경상북도,2026-01-13 13:16:49.830635,2026-01-13 13:16:49.830637,f
6918,천전리,4717038022,경상북도,2026-01-13 13:16:49.834846,2026-01-13 13:16:49.834848,f
6919,추목리,4717038023,경상북도,2026-01-13 13:16:49.838648,2026-01-13 13:16:49.838649,f
6920,신덕리,4717038024,경상북도,2026-01-13 13:16:49.843415,2026-01-13 13:16:49.843417,f
6921,금소리,4717038025,경상북도,2026-01-13 13:16:49.847454,2026-01-13 13:16:49.847456,f
6922,고곡리,4717038026,경상북도,2026-01-13 13:16:49.851329,2026-01-13 13:16:49.851331,f
6923,오대리,4717038027,경상북도,2026-01-13 13:16:49.85523,2026-01-13 13:16:49.855231,f
6924,노산리,4717038028,경상북도,2026-01-13 13:16:49.858667,2026-01-13 13:16:49.858668,f
6925,길안면,4717039000,경상북도,2026-01-13 13:16:49.862566,2026-01-13 13:16:49.862568,f
6926,천지리,4717039021,경상북도,2026-01-13 13:16:49.866564,2026-01-13 13:16:49.866565,f
6927,만음리,4717039022,경상북도,2026-01-13 13:16:49.870165,2026-01-13 13:16:49.870167,f
6928,백자리,4717039023,경상북도,2026-01-13 13:16:49.874984,2026-01-13 13:16:49.874987,f
6929,금곡리,4717039024,경상북도,2026-01-13 13:16:49.879019,2026-01-13 13:16:49.879021,f
6930,송사리,4717039025,경상북도,2026-01-13 13:16:49.883778,2026-01-13 13:16:49.88378,f
6931,대사리,4717039026,경상북도,2026-01-13 13:16:49.88753,2026-01-13 13:16:49.887532,f
6932,고란리,4717039027,경상북도,2026-01-13 13:16:49.891789,2026-01-13 13:16:49.891792,f
6933,묵계리,4717039028,경상북도,2026-01-13 13:16:49.896395,2026-01-13 13:16:49.896397,f
6934,구수리,4717039029,경상북도,2026-01-13 13:16:49.899961,2026-01-13 13:16:49.899963,f
6935,배방리,4717039030,경상북도,2026-01-13 13:16:49.904084,2026-01-13 13:16:49.904087,f
6936,용계리,4717039031,경상북도,2026-01-13 13:16:49.908019,2026-01-13 13:16:49.90802,f
6937,대곡리,4717039032,경상북도,2026-01-13 13:16:49.912149,2026-01-13 13:16:49.912151,f
6938,현하리,4717039033,경상북도,2026-01-13 13:16:49.917751,2026-01-13 13:16:49.917753,f
6939,임동면,4717040000,경상북도,2026-01-13 13:16:49.923285,2026-01-13 13:16:49.923287,f
6940,중평리,4717040021,경상북도,2026-01-13 13:16:49.928709,2026-01-13 13:16:49.928711,f
6941,수곡리,4717040022,경상북도,2026-01-13 13:16:49.934351,2026-01-13 13:16:49.934353,f
6942,고천리,4717040023,경상북도,2026-01-13 13:16:49.938527,2026-01-13 13:16:49.938529,f
6943,갈전리,4717040024,경상북도,2026-01-13 13:16:49.942386,2026-01-13 13:16:49.942388,f
6944,마령리,4717040025,경상북도,2026-01-13 13:16:49.946417,2026-01-13 13:16:49.946419,f
6945,위리,4717040026,경상북도,2026-01-13 13:16:49.950203,2026-01-13 13:16:49.950204,f
6946,대곡리,4717040027,경상북도,2026-01-13 13:16:49.958447,2026-01-13 13:16:49.958449,f
6947,박곡리,4717040028,경상북도,2026-01-13 13:16:49.962227,2026-01-13 13:16:49.962229,f
6948,마리,4717040029,경상북도,2026-01-13 13:16:49.966043,2026-01-13 13:16:49.966047,f
6949,사월리,4717040030,경상북도,2026-01-13 13:16:49.970248,2026-01-13 13:16:49.97025,f
6950,지리,4717040031,경상북도,2026-01-13 13:16:49.974003,2026-01-13 13:16:49.974005,f
6951,망천리,4717040032,경상북도,2026-01-13 13:16:49.979146,2026-01-13 13:16:49.979149,f
6952,예안면,4717041000,경상북도,2026-01-13 13:16:49.986841,2026-01-13 13:16:49.986844,f
6953,천전리,4717041021,경상북도,2026-01-13 13:16:49.99191,2026-01-13 13:16:49.991912,f
6954,부포리,4717041022,경상북도,2026-01-13 13:16:49.996265,2026-01-13 13:16:49.996267,f
6955,귀단리,4717041023,경상북도,2026-01-13 13:16:50.00041,2026-01-13 13:16:50.000412,f
6956,태곡리,4717041024,경상북도,2026-01-13 13:16:50.004146,2026-01-13 13:16:50.004147,f
6957,신곡리,4719033024,경상북도,2026-01-13 13:16:50.007611,2026-01-13 13:16:50.007613,f
6958,궁기리,4719033025,경상북도,2026-01-13 13:16:50.015497,2026-01-13 13:16:50.015499,f
6959,신림리,4719033026,경상북도,2026-01-13 13:16:50.020568,2026-01-13 13:16:50.020572,f
6960,인계리,4717041025,경상북도,2026-01-13 13:16:50.025465,2026-01-13 13:16:50.025467,f
6961,삼계리,4717041026,경상북도,2026-01-13 13:16:50.029108,2026-01-13 13:16:50.02911,f
6962,도촌리,4717041027,경상북도,2026-01-13 13:16:50.032704,2026-01-13 13:16:50.032706,f
6963,동천리,4717041028,경상북도,2026-01-13 13:16:50.036555,2026-01-13 13:16:50.036557,f
6964,신남리,4717041029,경상북도,2026-01-13 13:16:50.040389,2026-01-13 13:16:50.04039,f
6965,기사리,4717041030,경상북도,2026-01-13 13:16:50.044817,2026-01-13 13:16:50.04482,f
6966,도목리,4717041031,경상북도,2026-01-13 13:16:50.050933,2026-01-13 13:16:50.050936,f
6967,주진리,4717041032,경상북도,2026-01-13 13:16:50.056558,2026-01-13 13:16:50.05656,f
6968,계곡리,4717041033,경상북도,2026-01-13 13:16:50.062225,2026-01-13 13:16:50.062228,f
6969,정산리,4717041034,경상북도,2026-01-13 13:16:50.068437,2026-01-13 13:16:50.06844,f
6970,구룡리,4717041035,경상북도,2026-01-13 13:16:50.073872,2026-01-13 13:16:50.073875,f
6971,미질리,4717041036,경상북도,2026-01-13 13:16:50.080257,2026-01-13 13:16:50.08026,f
6972,도산면,4717042000,경상북도,2026-01-13 13:16:50.08553,2026-01-13 13:16:50.085533,f
6973,토계리,4717042021,경상북도,2026-01-13 13:16:50.090189,2026-01-13 13:16:50.090192,f
6974,분천리,4717042022,경상북도,2026-01-13 13:16:50.095339,2026-01-13 13:16:50.09534,f
6975,의촌리,4717042023,경상북도,2026-01-13 13:16:50.098984,2026-01-13 13:16:50.098986,f
6976,원천리,4717042024,경상북도,2026-01-13 13:16:50.103507,2026-01-13 13:16:50.103511,f
6977,단천리,4717042025,경상북도,2026-01-13 13:16:50.108012,2026-01-13 13:16:50.108014,f
6978,가송리,4717042026,경상북도,2026-01-13 13:16:50.114154,2026-01-13 13:16:50.114158,f
6979,태자리,4717042027,경상북도,2026-01-13 13:16:50.12173,2026-01-13 13:16:50.121734,f
6980,온혜리,4717042028,경상북도,2026-01-13 13:16:50.13017,2026-01-13 13:16:50.130172,f
6981,운곡리,4717042029,경상북도,2026-01-13 13:16:50.136636,2026-01-13 13:16:50.136641,f
6982,의일리,4717042030,경상북도,2026-01-13 13:16:50.144782,2026-01-13 13:16:50.144786,f
6983,동부리,4717042031,경상북도,2026-01-13 13:16:50.149558,2026-01-13 13:16:50.149562,f
6984,서부리,4717042032,경상북도,2026-01-13 13:16:50.154275,2026-01-13 13:16:50.154277,f
6985,선양리,4717042033,경상북도,2026-01-13 13:16:50.1603,2026-01-13 13:16:50.160302,f
6986,녹전면,4717043000,경상북도,2026-01-13 13:16:50.164116,2026-01-13 13:16:50.164118,f
6987,신평리,4717043021,경상북도,2026-01-13 13:16:50.168039,2026-01-13 13:16:50.168042,f
6988,갈현리,4717043022,경상북도,2026-01-13 13:16:50.172834,2026-01-13 13:16:50.172837,f
6989,매정리,4717043023,경상북도,2026-01-13 13:16:50.177262,2026-01-13 13:16:50.177264,f
6990,원천리,4717043024,경상북도,2026-01-13 13:16:50.181213,2026-01-13 13:16:50.181215,f
6991,사천리,4717043025,경상북도,2026-01-13 13:16:50.189556,2026-01-13 13:16:50.189559,f
6992,녹래리,4717043026,경상북도,2026-01-13 13:16:50.194996,2026-01-13 13:16:50.194998,f
6993,죽송리,4717043027,경상북도,2026-01-13 13:16:50.199964,2026-01-13 13:16:50.199966,f
6994,구송리,4717043028,경상북도,2026-01-13 13:16:50.205927,2026-01-13 13:16:50.205928,f
6995,사신리,4717043029,경상북도,2026-01-13 13:16:50.21188,2026-01-13 13:16:50.211883,f
6996,서삼리,4717043030,경상북도,2026-01-13 13:16:50.216947,2026-01-13 13:16:50.21695,f
6997,구미시,4719000000,경상북도,2026-01-13 13:16:50.221345,2026-01-13 13:16:50.221347,f
6998,원평동,4719010100,경상북도,2026-01-13 13:16:50.228039,2026-01-13 13:16:50.228041,f
6999,지산동,4719010200,경상북도,2026-01-13 13:16:50.231841,2026-01-13 13:16:50.231843,f
7000,도량동,4719010300,경상북도,2026-01-13 13:16:50.236194,2026-01-13 13:16:50.236197,f
7001,봉곡동,4719010400,경상북도,2026-01-13 13:16:50.244388,2026-01-13 13:16:50.244391,f
7002,부곡동,4719010500,경상북도,2026-01-13 13:16:50.253271,2026-01-13 13:16:50.253276,f
7003,선기동,4719010600,경상북도,2026-01-13 13:16:50.258254,2026-01-13 13:16:50.258256,f
7004,수점동,4719010700,경상북도,2026-01-13 13:16:50.261962,2026-01-13 13:16:50.261964,f
7005,남통동,4719010800,경상북도,2026-01-13 13:16:50.26566,2026-01-13 13:16:50.265661,f
7006,형곡동,4719010900,경상북도,2026-01-13 13:16:50.269651,2026-01-13 13:16:50.269653,f
7007,송정동,4719011000,경상북도,2026-01-13 13:16:50.273342,2026-01-13 13:16:50.273344,f
7008,신평동,4719011100,경상북도,2026-01-13 13:16:50.281291,2026-01-13 13:16:50.281294,f
7009,비산동,4719011200,경상북도,2026-01-13 13:16:50.285285,2026-01-13 13:16:50.285287,f
7010,공단동,4719011300,경상북도,2026-01-13 13:16:50.289086,2026-01-13 13:16:50.289087,f
7011,광평동,4719011400,경상북도,2026-01-13 13:16:50.293298,2026-01-13 13:16:50.2933,f
7012,사곡동,4719011500,경상북도,2026-01-13 13:16:50.29738,2026-01-13 13:16:50.297383,f
7013,상모동,4719011600,경상북도,2026-01-13 13:16:50.301563,2026-01-13 13:16:50.301565,f
7014,임은동,4719011700,경상북도,2026-01-13 13:16:50.309693,2026-01-13 13:16:50.309696,f
7015,오태동,4719011800,경상북도,2026-01-13 13:16:50.317397,2026-01-13 13:16:50.317399,f
7016,신동,4719011900,경상북도,2026-01-13 13:16:50.322949,2026-01-13 13:16:50.322952,f
7017,구평동,4719012000,경상북도,2026-01-13 13:16:50.327345,2026-01-13 13:16:50.327347,f
7018,황상동,4719012100,경상북도,2026-01-13 13:16:50.331241,2026-01-13 13:16:50.331243,f
7019,인의동,4719012200,경상북도,2026-01-13 13:16:50.335359,2026-01-13 13:16:50.335361,f
7020,동산리,4719033022,경상북도,2026-01-13 13:16:50.339061,2026-01-13 13:16:50.339063,f
7021,월림리,4719033023,경상북도,2026-01-13 13:16:50.342839,2026-01-13 13:16:50.342841,f
7022,진평동,4719012300,경상북도,2026-01-13 13:16:50.349559,2026-01-13 13:16:50.349562,f
7023,시미동,4719012400,경상북도,2026-01-13 13:16:50.353318,2026-01-13 13:16:50.35332,f
7024,임수동,4719012500,경상북도,2026-01-13 13:16:50.357196,2026-01-13 13:16:50.357198,f
7025,양호동,4719012600,경상북도,2026-01-13 13:16:50.360867,2026-01-13 13:16:50.360869,f
7026,거의동,4719012700,경상북도,2026-01-13 13:16:50.364422,2026-01-13 13:16:50.364424,f
7027,옥계동,4719012800,경상북도,2026-01-13 13:16:50.368144,2026-01-13 13:16:50.368146,f
7028,구포동,4719012900,경상북도,2026-01-13 13:16:50.374816,2026-01-13 13:16:50.374818,f
7029,금전동,4719013000,경상북도,2026-01-13 13:16:50.378766,2026-01-13 13:16:50.378768,f
7030,선산읍,4719025000,경상북도,2026-01-13 13:16:50.382522,2026-01-13 13:16:50.382524,f
7031,완전리,4719025021,경상북도,2026-01-13 13:16:50.386595,2026-01-13 13:16:50.386598,f
7032,동부리,4719025022,경상북도,2026-01-13 13:16:50.390544,2026-01-13 13:16:50.390546,f
7033,노상리,4719025023,경상북도,2026-01-13 13:16:50.394211,2026-01-13 13:16:50.394212,f
7034,이문리,4719025024,경상북도,2026-01-13 13:16:50.397832,2026-01-13 13:16:50.397833,f
7035,죽장리,4719025025,경상북도,2026-01-13 13:16:50.403701,2026-01-13 13:16:50.403703,f
7036,내고리,4719025026,경상북도,2026-01-13 13:16:50.407601,2026-01-13 13:16:50.407603,f
7037,북산리,4719025027,경상북도,2026-01-13 13:16:50.411164,2026-01-13 13:16:50.411165,f
7038,습례리,4719025028,경상북도,2026-01-13 13:16:50.415214,2026-01-13 13:16:50.415216,f
7039,교리,4719025029,경상북도,2026-01-13 13:16:50.418822,2026-01-13 13:16:50.418823,f
7040,화조리,4719025030,경상북도,2026-01-13 13:16:50.422716,2026-01-13 13:16:50.42272,f
7041,원리,4719025031,경상북도,2026-01-13 13:16:50.426439,2026-01-13 13:16:50.42644,f
7042,독동리,4719025032,경상북도,2026-01-13 13:16:50.431988,2026-01-13 13:16:50.431991,f
7043,생곡리,4719025033,경상북도,2026-01-13 13:16:50.43592,2026-01-13 13:16:50.435922,f
7044,신기리,4719025034,경상북도,2026-01-13 13:16:50.439591,2026-01-13 13:16:50.439593,f
7045,봉곡리,4719025035,경상북도,2026-01-13 13:16:50.443053,2026-01-13 13:16:50.443056,f
7046,포상리,4719025036,경상북도,2026-01-13 13:16:50.447047,2026-01-13 13:16:50.447048,f
7047,소재리,4719025037,경상북도,2026-01-13 13:16:50.451034,2026-01-13 13:16:50.451036,f
7048,봉남리,4719025038,경상북도,2026-01-13 13:16:50.454771,2026-01-13 13:16:50.454772,f
7049,고아읍,4719025300,경상북도,2026-01-13 13:16:50.46112,2026-01-13 13:16:50.461123,f
7050,관심리,4719025321,경상북도,2026-01-13 13:16:50.464856,2026-01-13 13:16:50.464858,f
7051,이례리,4719025322,경상북도,2026-01-13 13:16:50.469223,2026-01-13 13:16:50.469226,f
7052,오로리,4719025323,경상북도,2026-01-13 13:16:50.4731,2026-01-13 13:16:50.473102,f
7053,대망리,4719025324,경상북도,2026-01-13 13:16:50.477343,2026-01-13 13:16:50.477345,f
7054,파산리,4719025325,경상북도,2026-01-13 13:16:50.481185,2026-01-13 13:16:50.481187,f
7055,신촌리,4719025326,경상북도,2026-01-13 13:16:50.484999,2026-01-13 13:16:50.485,f
7056,황산리,4719025327,경상북도,2026-01-13 13:16:50.490157,2026-01-13 13:16:50.49016,f
7057,횡산리,4719025328,경상북도,2026-01-13 13:16:50.49527,2026-01-13 13:16:50.495273,f
7058,외예리,4719025329,경상북도,2026-01-13 13:16:50.499719,2026-01-13 13:16:50.49972,f
7059,내예리,4719025330,경상북도,2026-01-13 13:16:50.503807,2026-01-13 13:16:50.503809,f
7060,원호리,4719025331,경상북도,2026-01-13 13:16:50.507445,2026-01-13 13:16:50.507447,f
7061,문성리,4719025332,경상북도,2026-01-13 13:16:50.511281,2026-01-13 13:16:50.511282,f
7062,다식리,4719025333,경상북도,2026-01-13 13:16:50.514734,2026-01-13 13:16:50.514736,f
7063,괴평리,4719025334,경상북도,2026-01-13 13:16:50.518789,2026-01-13 13:16:50.518791,f
7064,송림리,4719025335,경상북도,2026-01-13 13:16:50.52267,2026-01-13 13:16:50.522671,f
7065,봉한리,4719025336,경상북도,2026-01-13 13:16:50.526321,2026-01-13 13:16:50.526322,f
7066,항곡리,4719025337,경상북도,2026-01-13 13:16:50.530056,2026-01-13 13:16:50.530058,f
7067,예강리,4719025338,경상북도,2026-01-13 13:16:50.536495,2026-01-13 13:16:50.536498,f
7068,산동읍,4719025600,경상북도,2026-01-13 13:16:50.540716,2026-01-13 13:16:50.540718,f
7069,동곡리,4719025621,경상북도,2026-01-13 13:16:50.544631,2026-01-13 13:16:50.544633,f
7070,도중리,4719025622,경상북도,2026-01-13 13:16:50.548495,2026-01-13 13:16:50.548497,f
7071,적림리,4719025623,경상북도,2026-01-13 13:16:50.552684,2026-01-13 13:16:50.552686,f
7072,성수리,4719025624,경상북도,2026-01-13 13:16:50.556876,2026-01-13 13:16:50.556878,f
7073,신당리,4719025625,경상북도,2026-01-13 13:16:50.566534,2026-01-13 13:16:50.566537,f
7074,봉산리,4719025626,경상북도,2026-01-13 13:16:50.571493,2026-01-13 13:16:50.571495,f
7075,임천리,4719025627,경상북도,2026-01-13 13:16:50.576593,2026-01-13 13:16:50.576596,f
7076,인덕리,4719025628,경상북도,2026-01-13 13:16:50.580625,2026-01-13 13:16:50.580627,f
7077,백현리,4719025629,경상북도,2026-01-13 13:16:50.584239,2026-01-13 13:16:50.584241,f
7078,송산리,4719025630,경상북도,2026-01-13 13:16:50.588383,2026-01-13 13:16:50.588385,f
7079,무을면,4719031000,경상북도,2026-01-13 13:16:50.592859,2026-01-13 13:16:50.592861,f
7080,송삼리,4719031021,경상북도,2026-01-13 13:16:50.597178,2026-01-13 13:16:50.59718,f
7081,무수리,4719031022,경상북도,2026-01-13 13:16:50.600972,2026-01-13 13:16:50.600973,f
7082,오가리,4719031023,경상북도,2026-01-13 13:16:50.605398,2026-01-13 13:16:50.6054,f
7083,상송리,4719031024,경상북도,2026-01-13 13:16:50.609124,2026-01-13 13:16:50.609125,f
7084,안곡리,4719031025,경상북도,2026-01-13 13:16:50.612717,2026-01-13 13:16:50.612719,f
7085,무등리,4719031026,경상북도,2026-01-13 13:16:50.617519,2026-01-13 13:16:50.617521,f
7086,원리,4719031027,경상북도,2026-01-13 13:16:50.622657,2026-01-13 13:16:50.622659,f
7087,백자리,4719031028,경상북도,2026-01-13 13:16:50.62798,2026-01-13 13:16:50.627983,f
7088,웅곡리,4719031029,경상북도,2026-01-13 13:16:50.632923,2026-01-13 13:16:50.632925,f
7089,무이리,4719031030,경상북도,2026-01-13 13:16:50.636951,2026-01-13 13:16:50.636953,f
7090,옥성면,4719032000,경상북도,2026-01-13 13:16:50.642688,2026-01-13 13:16:50.64269,f
7091,도개면,4719033000,경상북도,2026-01-13 13:16:50.646606,2026-01-13 13:16:50.646608,f
7092,가산리,4719033021,경상북도,2026-01-13 13:16:50.650329,2026-01-13 13:16:50.650331,f
7093,남촌리,4729033032,경상북도,2026-01-13 13:16:50.654475,2026-01-13 13:16:50.654479,f
7094,초곡리,4719032021,경상북도,2026-01-13 13:16:50.658171,2026-01-13 13:16:50.658173,f
7095,농소리,4719032022,경상북도,2026-01-13 13:16:50.662691,2026-01-13 13:16:50.662693,f
7096,주아리,4719032023,경상북도,2026-01-13 13:16:50.666554,2026-01-13 13:16:50.666556,f
7097,구봉리,4719032024,경상북도,2026-01-13 13:16:50.672696,2026-01-13 13:16:50.672698,f
7098,옥관리,4719032025,경상북도,2026-01-13 13:16:50.677277,2026-01-13 13:16:50.677279,f
7099,산촌리,4719032026,경상북도,2026-01-13 13:16:50.682101,2026-01-13 13:16:50.682105,f
7100,태봉리,4719032027,경상북도,2026-01-13 13:16:50.689263,2026-01-13 13:16:50.689266,f
7101,덕촌리,4719032028,경상북도,2026-01-13 13:16:50.694693,2026-01-13 13:16:50.694698,f
7102,대원리,4719032029,경상북도,2026-01-13 13:16:50.701933,2026-01-13 13:16:50.701935,f
7103,영주시,4721000000,경상북도,2026-01-13 13:16:50.706853,2026-01-13 13:16:50.706855,f
7104,영주동,4721010100,경상북도,2026-01-13 13:16:50.712235,2026-01-13 13:16:50.71225,f
7105,상망동,4721010200,경상북도,2026-01-13 13:16:50.716304,2026-01-13 13:16:50.716306,f
7106,하망동,4721010300,경상북도,2026-01-13 13:16:50.720469,2026-01-13 13:16:50.720471,f
7107,휴천동,4721010400,경상북도,2026-01-13 13:16:50.724463,2026-01-13 13:16:50.724465,f
7108,가흥동,4721010500,경상북도,2026-01-13 13:16:50.728403,2026-01-13 13:16:50.728405,f
7109,문정동,4721010600,경상북도,2026-01-13 13:16:50.732409,2026-01-13 13:16:50.732411,f
7110,고현동,4721010700,경상북도,2026-01-13 13:16:50.73609,2026-01-13 13:16:50.736091,f
7111,창진동,4721010800,경상북도,2026-01-13 13:16:50.741905,2026-01-13 13:16:50.741908,f
7112,상줄동,4721010900,경상북도,2026-01-13 13:16:50.745888,2026-01-13 13:16:50.74589,f
7113,조와동,4721011000,경상북도,2026-01-13 13:16:50.750022,2026-01-13 13:16:50.750026,f
7114,조암동,4721011100,경상북도,2026-01-13 13:16:50.753983,2026-01-13 13:16:50.753985,f
7115,적서동,4721011200,경상북도,2026-01-13 13:16:50.757742,2026-01-13 13:16:50.757744,f
7116,아지동,4721011300,경상북도,2026-01-13 13:16:50.76143,2026-01-13 13:16:50.761432,f
7117,풍기읍,4721025000,경상북도,2026-01-13 13:16:50.766033,2026-01-13 13:16:50.766036,f
7118,성내리,4721025021,경상북도,2026-01-13 13:16:50.772035,2026-01-13 13:16:50.772039,f
7119,동부리,4721025022,경상북도,2026-01-13 13:16:50.777258,2026-01-13 13:16:50.777261,f
7120,산법리,4721025023,경상북도,2026-01-13 13:16:50.782708,2026-01-13 13:16:50.78271,f
7121,미곡리,4721025024,경상북도,2026-01-13 13:16:50.788934,2026-01-13 13:16:50.78894,f
7122,삼가리,4721025025,경상북도,2026-01-13 13:16:50.795447,2026-01-13 13:16:50.795451,f
7123,욱금리,4721025026,경상북도,2026-01-13 13:16:50.801688,2026-01-13 13:16:50.801695,f
7124,금계리,4721025027,경상북도,2026-01-13 13:16:50.812972,2026-01-13 13:16:50.812977,f
7125,교촌리,4721025028,경상북도,2026-01-13 13:16:50.819358,2026-01-13 13:16:50.819362,f
7126,서부리,4721025029,경상북도,2026-01-13 13:16:50.825626,2026-01-13 13:16:50.825629,f
7127,백리,4721025030,경상북도,2026-01-13 13:16:50.834695,2026-01-13 13:16:50.834699,f
7128,백신리,4721025031,경상북도,2026-01-13 13:16:50.841883,2026-01-13 13:16:50.841889,f
7129,창락리,4721025032,경상북도,2026-01-13 13:16:50.848281,2026-01-13 13:16:50.848285,f
7130,수철리,4721025033,경상북도,2026-01-13 13:16:50.861626,2026-01-13 13:16:50.861633,f
7131,전구리,4721025034,경상북도,2026-01-13 13:16:50.875682,2026-01-13 13:16:50.875685,f
7132,이산면,4721031000,경상북도,2026-01-13 13:16:50.882153,2026-01-13 13:16:50.882155,f
7133,원리,4721031021,경상북도,2026-01-13 13:16:50.887343,2026-01-13 13:16:50.887346,f
7134,신암리,4721031022,경상북도,2026-01-13 13:16:50.890994,2026-01-13 13:16:50.890996,f
7135,지동리,4721031023,경상북도,2026-01-13 13:16:50.895104,2026-01-13 13:16:50.895107,f
7136,석포리,4721031024,경상북도,2026-01-13 13:16:50.899145,2026-01-13 13:16:50.899146,f
7137,용상리,4721031025,경상북도,2026-01-13 13:16:50.903054,2026-01-13 13:16:50.903057,f
7138,신천리,4721031026,경상북도,2026-01-13 13:16:50.907086,2026-01-13 13:16:50.907088,f
7139,운문리,4721031027,경상북도,2026-01-13 13:16:50.915684,2026-01-13 13:16:50.915687,f
7140,내림리,4721031028,경상북도,2026-01-13 13:16:50.92249,2026-01-13 13:16:50.922494,f
7141,두월리,4721031029,경상북도,2026-01-13 13:16:50.92739,2026-01-13 13:16:50.927391,f
7142,평은면,4721032000,경상북도,2026-01-13 13:16:50.931678,2026-01-13 13:16:50.931681,f
7143,강동리,4721032021,경상북도,2026-01-13 13:16:50.937175,2026-01-13 13:16:50.937178,f
7144,지곡리,4721032022,경상북도,2026-01-13 13:16:50.94172,2026-01-13 13:16:50.941722,f
7145,원당리,4729033030,경상북도,2026-01-13 13:16:50.946461,2026-01-13 13:16:50.946464,f
7146,계남리,4729033031,경상북도,2026-01-13 13:16:50.950928,2026-01-13 13:16:50.95093,f
7147,오운리,4721032023,경상북도,2026-01-13 13:16:50.954916,2026-01-13 13:16:50.954919,f
7148,천본리,4721032024,경상북도,2026-01-13 13:16:50.959275,2026-01-13 13:16:50.959278,f
7149,금광리,4721032025,경상북도,2026-01-13 13:16:50.963199,2026-01-13 13:16:50.963201,f
7150,용혈리,4721032026,경상북도,2026-01-13 13:16:50.967189,2026-01-13 13:16:50.967192,f
7151,평은리,4721032027,경상북도,2026-01-13 13:16:50.971124,2026-01-13 13:16:50.971126,f
7152,문수면,4721033000,경상북도,2026-01-13 13:16:50.975062,2026-01-13 13:16:50.975065,f
7153,승문리,4721033021,경상북도,2026-01-13 13:16:50.981028,2026-01-13 13:16:50.981031,f
7154,만방리,4721033022,경상북도,2026-01-13 13:16:50.985508,2026-01-13 13:16:50.985511,f
7155,적동리,4721033023,경상북도,2026-01-13 13:16:50.991965,2026-01-13 13:16:50.99197,f
7156,권선리,4721033024,경상북도,2026-01-13 13:16:50.99754,2026-01-13 13:16:50.997542,f
7157,월호리,4721033025,경상북도,2026-01-13 13:16:51.001875,2026-01-13 13:16:51.001878,f
7158,탄산리,4721033027,경상북도,2026-01-13 13:16:51.009437,2026-01-13 13:16:51.009439,f
7159,조제리,4721033028,경상북도,2026-01-13 13:16:51.015755,2026-01-13 13:16:51.015757,f
7160,수도리,4721033029,경상북도,2026-01-13 13:16:51.020093,2026-01-13 13:16:51.020095,f
7161,대양리,4721033030,경상북도,2026-01-13 13:16:51.024113,2026-01-13 13:16:51.024115,f
7162,장수면,4721034000,경상북도,2026-01-13 13:16:51.027983,2026-01-13 13:16:51.027985,f
7163,반구리,4721034021,경상북도,2026-01-13 13:16:51.031739,2026-01-13 13:16:51.03174,f
7164,두전리,4721034022,경상북도,2026-01-13 13:16:51.035426,2026-01-13 13:16:51.035428,f
7165,갈산리,4721034023,경상북도,2026-01-13 13:16:51.03962,2026-01-13 13:16:51.039622,f
7166,성곡리,4721034024,경상북도,2026-01-13 13:16:51.044739,2026-01-13 13:16:51.044741,f
7167,화기리,4721034025,경상북도,2026-01-13 13:16:51.048731,2026-01-13 13:16:51.048733,f
7168,소룡리,4721034026,경상북도,2026-01-13 13:16:51.053122,2026-01-13 13:16:51.053124,f
7169,호문리,4721034027,경상북도,2026-01-13 13:16:51.056827,2026-01-13 13:16:51.056829,f
7170,파지리,4721034028,경상북도,2026-01-13 13:16:51.060406,2026-01-13 13:16:51.060407,f
7171,안정면,4721035000,경상북도,2026-01-13 13:16:51.064624,2026-01-13 13:16:51.064626,f
7172,신전리,4721035021,경상북도,2026-01-13 13:16:51.0687,2026-01-13 13:16:51.068701,f
7173,생현리,4721035022,경상북도,2026-01-13 13:16:51.074299,2026-01-13 13:16:51.074301,f
7174,봉암리,4721035023,경상북도,2026-01-13 13:16:51.078126,2026-01-13 13:16:51.078129,f
7175,용산리,4721035024,경상북도,2026-01-13 13:16:51.081861,2026-01-13 13:16:51.081863,f
7176,여륵리,4721035025,경상북도,2026-01-13 13:16:51.08597,2026-01-13 13:16:51.085972,f
7177,묵리,4721035026,경상북도,2026-01-13 13:16:51.090101,2026-01-13 13:16:51.090102,f
7178,내줄리,4721035027,경상북도,2026-01-13 13:16:51.094052,2026-01-13 13:16:51.094054,f
7179,일원리,4721035028,경상북도,2026-01-13 13:16:51.097983,2026-01-13 13:16:51.097984,f
7180,안심리,4721035029,경상북도,2026-01-13 13:16:51.103081,2026-01-13 13:16:51.103082,f
7181,옹암리,4721035030,경상북도,2026-01-13 13:16:51.109565,2026-01-13 13:16:51.109567,f
7182,단촌리,4721035031,경상북도,2026-01-13 13:16:51.113568,2026-01-13 13:16:51.11357,f
7183,대평리,4721035032,경상북도,2026-01-13 13:16:51.117983,2026-01-13 13:16:51.117984,f
7184,오계리,4721035033,경상북도,2026-01-13 13:16:51.122011,2026-01-13 13:16:51.122014,f
7185,동촌리,4721035034,경상북도,2026-01-13 13:16:51.125608,2026-01-13 13:16:51.125609,f
7186,봉현면,4721036000,경상북도,2026-01-13 13:16:51.129562,2026-01-13 13:16:51.129565,f
7187,두산리,4721036021,경상북도,2026-01-13 13:16:51.133992,2026-01-13 13:16:51.133993,f
7188,오현리,4721036022,경상북도,2026-01-13 13:16:51.139145,2026-01-13 13:16:51.139148,f
7189,대촌리,4721036023,경상북도,2026-01-13 13:16:51.146887,2026-01-13 13:16:51.146893,f
7190,한천리,4721036024,경상북도,2026-01-13 13:16:51.159635,2026-01-13 13:16:51.159637,f
7191,유전리,4721036025,경상북도,2026-01-13 13:16:51.164386,2026-01-13 13:16:51.164391,f
7192,노좌리,4721036026,경상북도,2026-01-13 13:16:51.168788,2026-01-13 13:16:51.16879,f
7193,하촌리,4721036027,경상북도,2026-01-13 13:16:51.172947,2026-01-13 13:16:51.172949,f
7194,순흥면,4721037000,경상북도,2026-01-13 13:16:51.179562,2026-01-13 13:16:51.179565,f
7195,태장리,4721037021,경상북도,2026-01-13 13:16:51.18331,2026-01-13 13:16:51.183312,f
7196,지동리,4721037022,경상북도,2026-01-13 13:16:51.187658,2026-01-13 13:16:51.18766,f
7197,석교리,4721037023,경상북도,2026-01-13 13:16:51.191612,2026-01-13 13:16:51.191613,f
7198,읍내리,4721037024,경상북도,2026-01-13 13:16:51.197137,2026-01-13 13:16:51.197139,f
7199,내죽리,4721037025,경상북도,2026-01-13 13:16:51.201325,2026-01-13 13:16:51.201327,f
7200,청구리,4721037026,경상북도,2026-01-13 13:16:51.209393,2026-01-13 13:16:51.209396,f
7201,배점리,4721037027,경상북도,2026-01-13 13:16:51.214357,2026-01-13 13:16:51.214359,f
7202,덕현리,4721037028,경상북도,2026-01-13 13:16:51.219088,2026-01-13 13:16:51.21909,f
7203,단산면,4721038000,경상북도,2026-01-13 13:16:51.223305,2026-01-13 13:16:51.223307,f
7204,동원리,4721038021,경상북도,2026-01-13 13:16:51.227423,2026-01-13 13:16:51.227426,f
7205,사천리,4721038022,경상북도,2026-01-13 13:16:51.231317,2026-01-13 13:16:51.231319,f
7206,구구리,4721038023,경상북도,2026-01-13 13:16:51.236783,2026-01-13 13:16:51.236785,f
7207,병산리,4721038024,경상북도,2026-01-13 13:16:51.242472,2026-01-13 13:16:51.242474,f
7208,옥대리,4721038025,경상북도,2026-01-13 13:16:51.24652,2026-01-13 13:16:51.246523,f
7209,단곡리,4721038026,경상북도,2026-01-13 13:16:51.250449,2026-01-13 13:16:51.25045,f
7210,좌석리,4721038027,경상북도,2026-01-13 13:16:51.254119,2026-01-13 13:16:51.254121,f
7211,마락리,4721038028,경상북도,2026-01-13 13:16:51.258005,2026-01-13 13:16:51.258007,f
7212,부석면,4721039000,경상북도,2026-01-13 13:16:51.266315,2026-01-13 13:16:51.266317,f
7213,남대리,4721039021,경상북도,2026-01-13 13:16:51.271031,2026-01-13 13:16:51.271033,f
7214,북지리,4721039022,경상북도,2026-01-13 13:16:51.277383,2026-01-13 13:16:51.277385,f
7215,울옥리,4729033028,경상북도,2026-01-13 13:16:51.282477,2026-01-13 13:16:51.282479,f
7216,옥천리,4729033029,경상북도,2026-01-13 13:16:51.286879,2026-01-13 13:16:51.286882,f
7217,임곡리,4721039023,경상북도,2026-01-13 13:16:51.290744,2026-01-13 13:16:51.290745,f
7218,소천리,4721039024,경상북도,2026-01-13 13:16:51.294869,2026-01-13 13:16:51.29487,f
7219,노곡리,4721039025,경상북도,2026-01-13 13:16:51.298715,2026-01-13 13:16:51.298716,f
7220,용암리,4721039026,경상북도,2026-01-13 13:16:51.306496,2026-01-13 13:16:51.306499,f
7221,우곡리,4721039027,경상북도,2026-01-13 13:16:51.310997,2026-01-13 13:16:51.310999,f
7222,상석리,4721039028,경상북도,2026-01-13 13:16:51.317221,2026-01-13 13:16:51.317223,f
7223,감곡리,4721039029,경상북도,2026-01-13 13:16:51.322299,2026-01-13 13:16:51.322302,f
7224,보계리,4721039030,경상북도,2026-01-13 13:16:51.327041,2026-01-13 13:16:51.327045,f
7225,영천시,4723000000,경상북도,2026-01-13 13:16:51.332944,2026-01-13 13:16:51.332948,f
7226,조교동,4723010100,경상북도,2026-01-13 13:16:51.341127,2026-01-13 13:16:51.341133,f
7227,망정동,4723010200,경상북도,2026-01-13 13:16:51.350787,2026-01-13 13:16:51.350791,f
7228,야사동,4723010300,경상북도,2026-01-13 13:16:51.359134,2026-01-13 13:16:51.359138,f
7229,문내동,4723010400,경상북도,2026-01-13 13:16:51.370283,2026-01-13 13:16:51.370287,f
7230,문외동,4723010500,경상북도,2026-01-13 13:16:51.377883,2026-01-13 13:16:51.377886,f
7231,창구동,4723010600,경상북도,2026-01-13 13:16:51.383404,2026-01-13 13:16:51.383407,f
7232,교촌동,4723010700,경상북도,2026-01-13 13:16:51.387757,2026-01-13 13:16:51.387759,f
7233,과전동,4723010800,경상북도,2026-01-13 13:16:51.392158,2026-01-13 13:16:51.392161,f
7234,성내동,4723010900,경상북도,2026-01-13 13:16:51.397597,2026-01-13 13:16:51.397599,f
7235,화룡동,4723011000,경상북도,2026-01-13 13:16:51.402395,2026-01-13 13:16:51.402398,f
7236,도동,4723011100,경상북도,2026-01-13 13:16:51.408828,2026-01-13 13:16:51.40883,f
7237,금노동,4723011200,경상북도,2026-01-13 13:16:51.417949,2026-01-13 13:16:51.417952,f
7238,완산동,4723011300,경상북도,2026-01-13 13:16:51.423854,2026-01-13 13:16:51.423858,f
7239,범어동,4723011400,경상북도,2026-01-13 13:16:51.432052,2026-01-13 13:16:51.432056,f
7240,작산동,4723011500,경상북도,2026-01-13 13:16:51.439338,2026-01-13 13:16:51.439344,f
7241,봉동,4723011600,경상북도,2026-01-13 13:16:51.446566,2026-01-13 13:16:51.44657,f
7242,본촌동,4723011700,경상북도,2026-01-13 13:16:51.455354,2026-01-13 13:16:51.455358,f
7243,채신동,4723011800,경상북도,2026-01-13 13:16:51.462862,2026-01-13 13:16:51.462865,f
7244,괴연동,4723011900,경상북도,2026-01-13 13:16:51.470506,2026-01-13 13:16:51.470514,f
7245,대전동,4723012000,경상북도,2026-01-13 13:16:51.489918,2026-01-13 13:16:51.489925,f
7246,녹전동,4723012100,경상북도,2026-01-13 13:16:51.50306,2026-01-13 13:16:51.503064,f
7247,도림동,4723012200,경상북도,2026-01-13 13:16:51.51094,2026-01-13 13:16:51.510943,f
7248,오미동,4723012300,경상북도,2026-01-13 13:16:51.519181,2026-01-13 13:16:51.519183,f
7249,오수동,4723012400,경상북도,2026-01-13 13:16:51.52403,2026-01-13 13:16:51.524032,f
7250,쌍계동,4723012500,경상북도,2026-01-13 13:16:51.527886,2026-01-13 13:16:51.527887,f
7251,도남동,4723012600,경상북도,2026-01-13 13:16:51.531566,2026-01-13 13:16:51.531569,f
7252,매산동,4723012700,경상북도,2026-01-13 13:16:51.535232,2026-01-13 13:16:51.535234,f
7253,언하동,4723012800,경상북도,2026-01-13 13:16:51.539209,2026-01-13 13:16:51.539211,f
7254,신기동,4723012900,경상북도,2026-01-13 13:16:51.543058,2026-01-13 13:16:51.54306,f
7255,서산동,4723013000,경상북도,2026-01-13 13:16:51.54872,2026-01-13 13:16:51.548722,f
7256,금호읍,4723025000,경상북도,2026-01-13 13:16:51.55331,2026-01-13 13:16:51.553313,f
7257,교대리,4723025021,경상북도,2026-01-13 13:16:51.557521,2026-01-13 13:16:51.557524,f
7258,덕성리,4723025022,경상북도,2026-01-13 13:16:51.56488,2026-01-13 13:16:51.564882,f
7259,성천리,4723025023,경상북도,2026-01-13 13:16:51.570203,2026-01-13 13:16:51.570206,f
7260,대미리,4723025024,경상북도,2026-01-13 13:16:51.576198,2026-01-13 13:16:51.5762,f
7261,석섬리,4723025025,경상북도,2026-01-13 13:16:51.580452,2026-01-13 13:16:51.580454,f
7262,원제리,4723025026,경상북도,2026-01-13 13:16:51.584476,2026-01-13 13:16:51.584478,f
7263,냉천리,4723025027,경상북도,2026-01-13 13:16:51.5883,2026-01-13 13:16:51.588302,f
7264,신월리,4723025028,경상북도,2026-01-13 13:16:51.592773,2026-01-13 13:16:51.59278,f
7265,봉죽리,4723025029,경상북도,2026-01-13 13:16:51.60035,2026-01-13 13:16:51.600354,f
7266,관정리,4723025030,경상북도,2026-01-13 13:16:51.606665,2026-01-13 13:16:51.606668,f
7267,구암리,4723025031,경상북도,2026-01-13 13:16:51.611626,2026-01-13 13:16:51.611629,f
7268,약남리,4723025032,경상북도,2026-01-13 13:16:51.615627,2026-01-13 13:16:51.61563,f
7269,대곡리,4723025033,경상북도,2026-01-13 13:16:51.624515,2026-01-13 13:16:51.624518,f
7270,호남리,4723025034,경상북도,2026-01-13 13:16:51.629353,2026-01-13 13:16:51.629355,f
7271,어은리,4723025035,경상북도,2026-01-13 13:16:51.633877,2026-01-13 13:16:51.63388,f
7272,오계리,4723025036,경상북도,2026-01-13 13:16:51.637788,2026-01-13 13:16:51.63779,f
7273,원기리,4723025037,경상북도,2026-01-13 13:16:51.641408,2026-01-13 13:16:51.641409,f
7274,신도리,4729033026,경상북도,2026-01-13 13:16:51.645434,2026-01-13 13:16:51.645437,f
7275,신관리,4729033027,경상북도,2026-01-13 13:16:51.652003,2026-01-13 13:16:51.652005,f
7276,신대리,4723025038,경상북도,2026-01-13 13:16:51.657779,2026-01-13 13:16:51.657781,f
7277,남성리,4723025039,경상북도,2026-01-13 13:16:51.663998,2026-01-13 13:16:51.664002,f
7278,삼호리,4723025040,경상북도,2026-01-13 13:16:51.672282,2026-01-13 13:16:51.672286,f
7279,황정리,4723025041,경상북도,2026-01-13 13:16:51.679156,2026-01-13 13:16:51.679163,f
7280,청통면,4723031000,경상북도,2026-01-13 13:16:51.686763,2026-01-13 13:16:51.686766,f
7281,호당리,4723031021,경상북도,2026-01-13 13:16:51.692895,2026-01-13 13:16:51.692899,f
7282,우천리,4723031022,경상북도,2026-01-13 13:16:51.697886,2026-01-13 13:16:51.697888,f
7283,보성리,4723031023,경상북도,2026-01-13 13:16:51.702955,2026-01-13 13:16:51.702962,f
7284,신덕리,4723031024,경상북도,2026-01-13 13:16:51.710276,2026-01-13 13:16:51.710279,f
7285,대평리,4723031025,경상북도,2026-01-13 13:16:51.715118,2026-01-13 13:16:51.71512,f
7286,죽정리,4723031026,경상북도,2026-01-13 13:16:51.71894,2026-01-13 13:16:51.718941,f
7287,송천리,4723031027,경상북도,2026-01-13 13:16:51.722959,2026-01-13 13:16:51.722961,f
7288,원촌리,4723031028,경상북도,2026-01-13 13:16:51.726796,2026-01-13 13:16:51.726799,f
7289,신학리,4723031029,경상북도,2026-01-13 13:16:51.730665,2026-01-13 13:16:51.730667,f
7290,치일리,4723031030,경상북도,2026-01-13 13:16:51.738779,2026-01-13 13:16:51.738781,f
7291,애련리,4723031031,경상북도,2026-01-13 13:16:51.742697,2026-01-13 13:16:51.742699,f
7292,계포리,4723031032,경상북도,2026-01-13 13:16:51.747027,2026-01-13 13:16:51.747029,f
7293,계지리,4723031033,경상북도,2026-01-13 13:16:51.751079,2026-01-13 13:16:51.751081,f
7294,신원리,4723031034,경상북도,2026-01-13 13:16:51.754744,2026-01-13 13:16:51.754746,f
7295,용천리,4723031035,경상북도,2026-01-13 13:16:51.758836,2026-01-13 13:16:51.758837,f
7296,신녕면,4723032000,경상북도,2026-01-13 13:16:51.762723,2026-01-13 13:16:51.762724,f
7297,치산리,4723032021,경상북도,2026-01-13 13:16:51.768431,2026-01-13 13:16:51.768432,f
7298,부산리,4723032022,경상북도,2026-01-13 13:16:51.773715,2026-01-13 13:16:51.773717,f
7299,화서리,4723032023,경상북도,2026-01-13 13:16:51.779623,2026-01-13 13:16:51.779624,f
7300,화남리,4723032024,경상북도,2026-01-13 13:16:51.783609,2026-01-13 13:16:51.783612,f
7301,왕산리,4723032025,경상북도,2026-01-13 13:16:51.787609,2026-01-13 13:16:51.787611,f
7302,매양리,4723032026,경상북도,2026-01-13 13:16:51.791753,2026-01-13 13:16:51.791755,f
7303,화성리,4723032027,경상북도,2026-01-13 13:16:51.795763,2026-01-13 13:16:51.795765,f
7304,완전리,4723032028,경상북도,2026-01-13 13:16:51.799351,2026-01-13 13:16:51.799352,f
7305,신덕리,4723032029,경상북도,2026-01-13 13:16:51.803328,2026-01-13 13:16:51.80333,f
7306,연정리,4723032030,경상북도,2026-01-13 13:16:51.808558,2026-01-13 13:16:51.808559,f
7307,가천리,4723032031,경상북도,2026-01-13 13:16:51.814589,2026-01-13 13:16:51.814591,f
7308,화산면,4723033000,경상북도,2026-01-13 13:16:51.819866,2026-01-13 13:16:51.819867,f
7309,연계리,4723033021,경상북도,2026-01-13 13:16:51.824051,2026-01-13 13:16:51.824055,f
7310,덕암리,4723033022,경상북도,2026-01-13 13:16:51.827978,2026-01-13 13:16:51.827979,f
7311,대안리,4723033023,경상북도,2026-01-13 13:16:51.831834,2026-01-13 13:16:51.831835,f
7312,효정리,4723033024,경상북도,2026-01-13 13:16:51.835585,2026-01-13 13:16:51.835587,f
7313,당지리,4723033025,경상북도,2026-01-13 13:16:51.839581,2026-01-13 13:16:51.839583,f
7314,화산리,4723033026,경상북도,2026-01-13 13:16:51.843377,2026-01-13 13:16:51.843378,f
7315,가상리,4723033027,경상북도,2026-01-13 13:16:51.849383,2026-01-13 13:16:51.849385,f
7316,대기리,4723033028,경상북도,2026-01-13 13:16:51.853617,2026-01-13 13:16:51.853619,f
7317,암기리,4723033029,경상북도,2026-01-13 13:16:51.859376,2026-01-13 13:16:51.859379,f
7318,삼부리,4723033030,경상북도,2026-01-13 13:16:51.865582,2026-01-13 13:16:51.865585,f
7319,석촌리,4723033031,경상북도,2026-01-13 13:16:51.870895,2026-01-13 13:16:51.870897,f
7320,당곡리,4723033032,경상북도,2026-01-13 13:16:51.880623,2026-01-13 13:16:51.880626,f
7321,유성리,4723033033,경상북도,2026-01-13 13:16:51.887277,2026-01-13 13:16:51.887279,f
7322,부계리,4723033034,경상북도,2026-01-13 13:16:51.892561,2026-01-13 13:16:51.892564,f
7323,용평리,4723033035,경상북도,2026-01-13 13:16:51.899167,2026-01-13 13:16:51.899173,f
7324,화북면,4723034000,경상북도,2026-01-13 13:16:51.906812,2026-01-13 13:16:51.906815,f
7325,자천리,4723034021,경상북도,2026-01-13 13:16:51.914543,2026-01-13 13:16:51.914546,f
7326,옥계리,4723034022,경상북도,2026-01-13 13:16:51.919817,2026-01-13 13:16:51.91982,f
7327,입석리,4723034023,경상북도,2026-01-13 13:16:51.92435,2026-01-13 13:16:51.924352,f
7328,용소리,4723034024,경상북도,2026-01-13 13:16:51.928419,2026-01-13 13:16:51.928421,f
7329,법화리,4723034025,경상북도,2026-01-13 13:16:51.933049,2026-01-13 13:16:51.933052,f
7330,하송리,4723034026,경상북도,2026-01-13 13:16:51.941681,2026-01-13 13:16:51.941683,f
7331,상송리,4723034027,경상북도,2026-01-13 13:16:51.947422,2026-01-13 13:16:51.947424,f
7332,죽전리,4723034028,경상북도,2026-01-13 13:16:51.951519,2026-01-13 13:16:51.951521,f
7333,정각리,4723034029,경상북도,2026-01-13 13:16:51.955754,2026-01-13 13:16:51.955757,f
7334,횡계리,4723034030,경상북도,2026-01-13 13:16:51.95977,2026-01-13 13:16:51.959772,f
7335,공덕리,4723034031,경상북도,2026-01-13 13:16:51.963733,2026-01-13 13:16:51.963735,f
7336,오산리,4723034032,경상북도,2026-01-13 13:16:51.967701,2026-01-13 13:16:51.967704,f
7337,오동리,4723034034,경상북도,2026-01-13 13:16:51.976617,2026-01-13 13:16:51.976621,f
7338,화남면,4723035000,경상북도,2026-01-13 13:16:51.981049,2026-01-13 13:16:51.981051,f
7339,금호리,4723035021,경상북도,2026-01-13 13:16:51.985037,2026-01-13 13:16:51.98504,f
7340,죽곡리,4723035022,경상북도,2026-01-13 13:16:51.990521,2026-01-13 13:16:51.990524,f
7341,신호리,4723035023,경상북도,2026-01-13 13:16:51.994912,2026-01-13 13:16:51.994914,f
7342,사천리,4723035024,경상북도,2026-01-13 13:16:51.998931,2026-01-13 13:16:51.998933,f
7343,교촌리,4729033024,경상북도,2026-01-13 13:16:52.002994,2026-01-13 13:16:52.002996,f
7344,읍천리,4729033025,경상북도,2026-01-13 13:16:52.009933,2026-01-13 13:16:52.009935,f
7345,대천리,4723035025,경상북도,2026-01-13 13:16:52.015591,2026-01-13 13:16:52.015593,f
7346,선천리,4723035026,경상북도,2026-01-13 13:16:52.019407,2026-01-13 13:16:52.019409,f
7347,삼창리,4723035027,경상북도,2026-01-13 13:16:52.023552,2026-01-13 13:16:52.023555,f
7348,귀호리,4723035028,경상북도,2026-01-13 13:16:52.02775,2026-01-13 13:16:52.027752,f
7349,안천리,4723035029,경상북도,2026-01-13 13:16:52.032509,2026-01-13 13:16:52.032512,f
7350,온천리,4723035030,경상북도,2026-01-13 13:16:52.039485,2026-01-13 13:16:52.03949,f
7351,구전리,4723035031,경상북도,2026-01-13 13:16:52.046365,2026-01-13 13:16:52.046369,f
7352,용계리,4723035032,경상북도,2026-01-13 13:16:52.05452,2026-01-13 13:16:52.054523,f
7353,월곡리,4723035033,경상북도,2026-01-13 13:16:52.059529,2026-01-13 13:16:52.059532,f
7354,자양면,4723036000,경상북도,2026-01-13 13:16:52.064001,2026-01-13 13:16:52.064003,f
7355,보현리,4723036021,경상북도,2026-01-13 13:16:52.068388,2026-01-13 13:16:52.068391,f
7356,도일리,4723036022,경상북도,2026-01-13 13:16:52.072303,2026-01-13 13:16:52.072304,f
7357,충효리,4723036023,경상북도,2026-01-13 13:16:52.081203,2026-01-13 13:16:52.081207,f
7358,삼귀리,4723036024,경상북도,2026-01-13 13:16:52.092808,2026-01-13 13:16:52.092814,f
7359,용산리,4723036025,경상북도,2026-01-13 13:16:52.102759,2026-01-13 13:16:52.102762,f
7360,신방리,4723036026,경상북도,2026-01-13 13:16:52.112302,2026-01-13 13:16:52.112308,f
7361,노항리,4723036027,경상북도,2026-01-13 13:16:52.121127,2026-01-13 13:16:52.121131,f
7362,성곡리,4723036028,경상북도,2026-01-13 13:16:52.12627,2026-01-13 13:16:52.126273,f
7363,용화리,4723036029,경상북도,2026-01-13 13:16:52.130637,2026-01-13 13:16:52.130639,f
7364,임고면,4723037000,경상북도,2026-01-13 13:16:52.135259,2026-01-13 13:16:52.135261,f
7365,양항리,4723037021,경상북도,2026-01-13 13:16:52.14361,2026-01-13 13:16:52.143613,f
7366,선원리,4723037022,경상북도,2026-01-13 13:16:52.150835,2026-01-13 13:16:52.150838,f
7367,덕연리,4723037023,경상북도,2026-01-13 13:16:52.155967,2026-01-13 13:16:52.15597,f
7368,삼매리,4723037024,경상북도,2026-01-13 13:16:52.171375,2026-01-13 13:16:52.171384,f
7369,평천리,4723037025,경상북도,2026-01-13 13:16:52.192799,2026-01-13 13:16:52.192806,f
7370,황강리,4723037026,경상북도,2026-01-13 13:16:52.207766,2026-01-13 13:16:52.207774,f
7371,효리,4723037027,경상북도,2026-01-13 13:16:52.224235,2026-01-13 13:16:52.224246,f
7372,금대리,4723037028,경상북도,2026-01-13 13:16:52.234865,2026-01-13 13:16:52.234873,f
7373,사리,4723037029,경상북도,2026-01-13 13:16:52.242358,2026-01-13 13:16:52.24236,f
7374,수성리,4723037030,경상북도,2026-01-13 13:16:52.246529,2026-01-13 13:16:52.246532,f
7375,우항리,4723037031,경상북도,2026-01-13 13:16:52.250388,2026-01-13 13:16:52.25039,f
7376,고천리,4723037032,경상북도,2026-01-13 13:16:52.254597,2026-01-13 13:16:52.254599,f
7377,매호리,4723037033,경상북도,2026-01-13 13:16:52.259352,2026-01-13 13:16:52.259354,f
7378,양평리,4723037034,경상북도,2026-01-13 13:16:52.265802,2026-01-13 13:16:52.265805,f
7379,고경면,4723038000,경상북도,2026-01-13 13:16:52.270758,2026-01-13 13:16:52.27076,f
7380,단포리,4723038021,경상북도,2026-01-13 13:16:52.274734,2026-01-13 13:16:52.274736,f
7381,창하리,4723038022,경상북도,2026-01-13 13:16:52.278783,2026-01-13 13:16:52.278785,f
7382,창상리,4723038023,경상북도,2026-01-13 13:16:52.282762,2026-01-13 13:16:52.282765,f
7383,대의리,4723038024,경상북도,2026-01-13 13:16:52.286578,2026-01-13 13:16:52.286581,f
7384,대성리,4723038025,경상북도,2026-01-13 13:16:52.290738,2026-01-13 13:16:52.29074,f
7385,오류리,4723038026,경상북도,2026-01-13 13:16:52.298657,2026-01-13 13:16:52.29866,f
7386,고도리,4723038027,경상북도,2026-01-13 13:16:52.305729,2026-01-13 13:16:52.305731,f
7387,부리,4723038028,경상북도,2026-01-13 13:16:52.310917,2026-01-13 13:16:52.310922,f
7388,용전리,4723038029,경상북도,2026-01-13 13:16:52.317736,2026-01-13 13:16:52.317739,f
7389,도암리,4723038030,경상북도,2026-01-13 13:16:52.326357,2026-01-13 13:16:52.326362,f
7390,상리리,4723038031,경상북도,2026-01-13 13:16:52.337489,2026-01-13 13:16:52.337492,f
7391,학리,4723038032,경상북도,2026-01-13 13:16:52.343886,2026-01-13 13:16:52.343889,f
7392,해선리,4723038033,경상북도,2026-01-13 13:16:52.349658,2026-01-13 13:16:52.34966,f
7393,전사리,4723038034,경상북도,2026-01-13 13:16:52.354455,2026-01-13 13:16:52.354458,f
7394,동도리,4723038035,경상북도,2026-01-13 13:16:52.358979,2026-01-13 13:16:52.358981,f
7395,차당리,4723038036,경상북도,2026-01-13 13:16:52.364408,2026-01-13 13:16:52.36441,f
7396,삼귀리,4723038037,경상북도,2026-01-13 13:16:52.369938,2026-01-13 13:16:52.36994,f
7397,초일리,4723038038,경상북도,2026-01-13 13:16:52.375251,2026-01-13 13:16:52.375254,f
7398,상덕리,4723038039,경상북도,2026-01-13 13:16:52.384459,2026-01-13 13:16:52.384461,f
7399,가수리,4723038040,경상북도,2026-01-13 13:16:52.390322,2026-01-13 13:16:52.390324,f
7400,석계리,4723038041,경상북도,2026-01-13 13:16:52.398987,2026-01-13 13:16:52.39899,f
7401,삼산리,4723038042,경상북도,2026-01-13 13:16:52.407343,2026-01-13 13:16:52.407347,f
7402,삼포리,4723038043,경상북도,2026-01-13 13:16:52.415555,2026-01-13 13:16:52.415559,f
7403,오룡리,4723038044,경상북도,2026-01-13 13:16:52.423528,2026-01-13 13:16:52.423536,f
7404,덕암리,4723038045,경상북도,2026-01-13 13:16:52.437555,2026-01-13 13:16:52.437559,f
7405,청정리,4723038046,경상북도,2026-01-13 13:16:52.445652,2026-01-13 13:16:52.445659,f
7406,파계리,4723038047,경상북도,2026-01-13 13:16:52.452705,2026-01-13 13:16:52.452709,f
7407,칠전리,4723038048,경상북도,2026-01-13 13:16:52.458597,2026-01-13 13:16:52.4586,f
7408,덕정리,4723038049,경상북도,2026-01-13 13:16:52.463882,2026-01-13 13:16:52.463885,f
7409,논실리,4723038051,경상북도,2026-01-13 13:16:52.469619,2026-01-13 13:16:52.469622,f
7410,북안면,4723039000,경상북도,2026-01-13 13:16:52.473988,2026-01-13 13:16:52.473991,f
7411,상리,4723039021,경상북도,2026-01-13 13:16:52.478347,2026-01-13 13:16:52.478349,f
7412,동부리,4729033021,경상북도,2026-01-13 13:16:52.482327,2026-01-13 13:16:52.482328,f
7413,서부리,4729033022,경상북도,2026-01-13 13:16:52.485785,2026-01-13 13:16:52.485787,f
7414,북사리,4729033023,경상북도,2026-01-13 13:16:52.490228,2026-01-13 13:16:52.490231,f
7415,당리,4723039022,경상북도,2026-01-13 13:16:52.498396,2026-01-13 13:16:52.498398,f
7416,북리,4723039023,경상북도,2026-01-13 13:16:52.503335,2026-01-13 13:16:52.503337,f
7417,도유리,4723039024,경상북도,2026-01-13 13:16:52.50731,2026-01-13 13:16:52.507311,f
7418,명주리,4723039025,경상북도,2026-01-13 13:16:52.511005,2026-01-13 13:16:52.511007,f
7419,용계리,4723039026,경상북도,2026-01-13 13:16:52.515479,2026-01-13 13:16:52.51548,f
7420,신대리,4723039027,경상북도,2026-01-13 13:16:52.519535,2026-01-13 13:16:52.519538,f
7421,신리리,4723039028,경상북도,2026-01-13 13:16:52.526724,2026-01-13 13:16:52.526727,f
7422,효리,4723039029,경상북도,2026-01-13 13:16:52.531956,2026-01-13 13:16:52.531958,f
7423,도천리,4723039030,경상북도,2026-01-13 13:16:52.535718,2026-01-13 13:16:52.53572,f
7424,옥천리,4723039031,경상북도,2026-01-13 13:16:52.540164,2026-01-13 13:16:52.540166,f
7425,서당리,4723039032,경상북도,2026-01-13 13:16:52.543953,2026-01-13 13:16:52.543954,f
7426,고지리,4723039033,경상북도,2026-01-13 13:16:52.547718,2026-01-13 13:16:52.54772,f
7427,임포리,4723039034,경상북도,2026-01-13 13:16:52.556485,2026-01-13 13:16:52.556487,f
7428,반계리,4723039035,경상북도,2026-01-13 13:16:52.561379,2026-01-13 13:16:52.561382,f
7429,자포리,4723039036,경상북도,2026-01-13 13:16:52.56661,2026-01-13 13:16:52.566612,f
7430,신촌리,4723039037,경상북도,2026-01-13 13:16:52.571342,2026-01-13 13:16:52.571344,f
7431,관리,4723039038,경상북도,2026-01-13 13:16:52.579043,2026-01-13 13:16:52.579045,f
7432,원당리,4723039039,경상북도,2026-01-13 13:16:52.58473,2026-01-13 13:16:52.584733,f
7433,내포리,4723039040,경상북도,2026-01-13 13:16:52.590332,2026-01-13 13:16:52.590335,f
7434,반정리,4723039041,경상북도,2026-01-13 13:16:52.595244,2026-01-13 13:16:52.595247,f
7435,송포리,4723039042,경상북도,2026-01-13 13:16:52.599793,2026-01-13 13:16:52.599795,f
7436,유하리,4723039043,경상북도,2026-01-13 13:16:52.604051,2026-01-13 13:16:52.604053,f
7437,유상리,4723039044,경상북도,2026-01-13 13:16:52.612415,2026-01-13 13:16:52.612418,f
7438,대창면,4723040000,경상북도,2026-01-13 13:16:52.619463,2026-01-13 13:16:52.619465,f
7439,직천리,4723040021,경상북도,2026-01-13 13:16:52.624007,2026-01-13 13:16:52.624009,f
7440,운천리,4723040022,경상북도,2026-01-13 13:16:52.627986,2026-01-13 13:16:52.627989,f
7441,용전리,4723040023,경상북도,2026-01-13 13:16:52.632109,2026-01-13 13:16:52.63211,f
7442,어방리,4723040024,경상북도,2026-01-13 13:16:52.636199,2026-01-13 13:16:52.636201,f
7443,오길리,4723040025,경상북도,2026-01-13 13:16:52.640237,2026-01-13 13:16:52.640239,f
7444,용호리,4723040026,경상북도,2026-01-13 13:16:52.647693,2026-01-13 13:16:52.647695,f
7445,신광리,4723040027,경상북도,2026-01-13 13:16:52.654174,2026-01-13 13:16:52.654176,f
7446,조곡리,4723040028,경상북도,2026-01-13 13:16:52.658295,2026-01-13 13:16:52.658297,f
7447,대재리,4723040029,경상북도,2026-01-13 13:16:52.66415,2026-01-13 13:16:52.664152,f
7448,구지리,4723040030,경상북도,2026-01-13 13:16:52.669729,2026-01-13 13:16:52.669732,f
7449,사리리,4723040031,경상북도,2026-01-13 13:16:52.674552,2026-01-13 13:16:52.674555,f
7450,대창리,4723040032,경상북도,2026-01-13 13:16:52.683452,2026-01-13 13:16:52.683456,f
7451,강회리,4723040033,경상북도,2026-01-13 13:16:52.688241,2026-01-13 13:16:52.688244,f
7452,병암리,4723040034,경상북도,2026-01-13 13:16:52.692264,2026-01-13 13:16:52.692265,f
7453,상주시,4725000000,경상북도,2026-01-13 13:16:52.696344,2026-01-13 13:16:52.696346,f
7454,성하동,4725010100,경상북도,2026-01-13 13:16:52.700419,2026-01-13 13:16:52.700421,f
7455,성동동,4725010200,경상북도,2026-01-13 13:16:52.704014,2026-01-13 13:16:52.704016,f
7456,인봉동,4725010300,경상북도,2026-01-13 13:16:52.711672,2026-01-13 13:16:52.711675,f
7457,복룡동,4725010400,경상북도,2026-01-13 13:16:52.722217,2026-01-13 13:16:52.722222,f
7458,냉림동,4725010500,경상북도,2026-01-13 13:16:52.72901,2026-01-13 13:16:52.729014,f
7459,서성동,4725010600,경상북도,2026-01-13 13:16:52.73522,2026-01-13 13:16:52.735221,f
7460,남성동,4725010700,경상북도,2026-01-13 13:16:52.73915,2026-01-13 13:16:52.739151,f
7461,서문동,4725010800,경상북도,2026-01-13 13:16:52.746013,2026-01-13 13:16:52.746014,f
7462,무양동,4725010900,경상북도,2026-01-13 13:16:52.751437,2026-01-13 13:16:52.75144,f
7463,낙양동,4725011000,경상북도,2026-01-13 13:16:52.755823,2026-01-13 13:16:52.755825,f
7464,개운동,4725011100,경상북도,2026-01-13 13:16:52.759834,2026-01-13 13:16:52.759835,f
7465,신봉동,4725011200,경상북도,2026-01-13 13:16:52.763734,2026-01-13 13:16:52.763735,f
7466,가장동,4725011300,경상북도,2026-01-13 13:16:52.767829,2026-01-13 13:16:52.767831,f
7467,양촌동,4725011400,경상북도,2026-01-13 13:16:52.774859,2026-01-13 13:16:52.774862,f
7468,지천동,4725011500,경상북도,2026-01-13 13:16:52.780114,2026-01-13 13:16:52.780116,f
7469,오대동,4725011600,경상북도,2026-01-13 13:16:52.783981,2026-01-13 13:16:52.783983,f
7470,흥각동,4725011700,경상북도,2026-01-13 13:16:52.787787,2026-01-13 13:16:52.787789,f
7471,거동동,4725011800,경상북도,2026-01-13 13:16:52.792027,2026-01-13 13:16:52.792029,f
7472,인평동,4725011900,경상북도,2026-01-13 13:16:52.795673,2026-01-13 13:16:52.795675,f
7473,서곡동,4725012000,경상북도,2026-01-13 13:16:52.799259,2026-01-13 13:16:52.799261,f
7474,화개동,4725012100,경상북도,2026-01-13 13:16:52.803734,2026-01-13 13:16:52.803736,f
7475,외답동,4725012200,경상북도,2026-01-13 13:16:52.808766,2026-01-13 13:16:52.808767,f
7476,헌신동,4725012300,경상북도,2026-01-13 13:16:52.815096,2026-01-13 13:16:52.815099,f
7477,자인면,4729033000,경상북도,2026-01-13 13:16:52.819388,2026-01-13 13:16:52.819391,f
7478,병성동,4725012400,경상북도,2026-01-13 13:16:52.823716,2026-01-13 13:16:52.823719,f
7479,도남동,4725012500,경상북도,2026-01-13 13:16:52.827594,2026-01-13 13:16:52.827596,f
7480,낙상동,4725012600,경상북도,2026-01-13 13:16:52.831334,2026-01-13 13:16:52.831336,f
7481,중덕동,4725012700,경상북도,2026-01-13 13:16:52.835651,2026-01-13 13:16:52.835654,f
7482,초산동,4725012800,경상북도,2026-01-13 13:16:52.843715,2026-01-13 13:16:52.843717,f
7483,화산동,4725012900,경상북도,2026-01-13 13:16:52.849184,2026-01-13 13:16:52.849187,f
7484,계산동,4725013000,경상북도,2026-01-13 13:16:52.852966,2026-01-13 13:16:52.852967,f
7485,부원동,4725013100,경상북도,2026-01-13 13:16:52.857392,2026-01-13 13:16:52.857395,f
7486,죽전동,4725013200,경상북도,2026-01-13 13:16:52.861595,2026-01-13 13:16:52.861597,f
7487,만산동,4725013300,경상북도,2026-01-13 13:16:52.865484,2026-01-13 13:16:52.865487,f
7488,연원동,4725013400,경상북도,2026-01-13 13:16:52.869467,2026-01-13 13:16:52.869469,f
7489,남장동,4725013500,경상북도,2026-01-13 13:16:52.878004,2026-01-13 13:16:52.878007,f
7490,남적동,4725013600,경상북도,2026-01-13 13:16:52.884636,2026-01-13 13:16:52.884638,f
7491,함창읍,4725025000,경상북도,2026-01-13 13:16:52.889744,2026-01-13 13:16:52.889746,f
7492,구향리,4725025021,경상북도,2026-01-13 13:16:52.894934,2026-01-13 13:16:52.894937,f
7493,오동리,4725025022,경상북도,2026-01-13 13:16:52.900696,2026-01-13 13:16:52.900699,f
7494,오사리,4725025023,경상북도,2026-01-13 13:16:52.906041,2026-01-13 13:16:52.906043,f
7495,증촌리,4725025024,경상북도,2026-01-13 13:16:52.913983,2026-01-13 13:16:52.913986,f
7496,교촌리,4725025025,경상북도,2026-01-13 13:16:52.918675,2026-01-13 13:16:52.918677,f
7497,나한리,4725025026,경상북도,2026-01-13 13:16:52.923006,2026-01-13 13:16:52.923008,f
7498,대조리,4725025027,경상북도,2026-01-13 13:16:52.926883,2026-01-13 13:16:52.926884,f
7499,윤직리,4725025028,경상북도,2026-01-13 13:16:52.93052,2026-01-13 13:16:52.930522,f
7500,덕통리,4725025029,경상북도,2026-01-13 13:16:52.934784,2026-01-13 13:16:52.934786,f
7501,척동리,4725025030,경상북도,2026-01-13 13:16:52.938981,2026-01-13 13:16:52.938983,f
7502,태봉리,4725025031,경상북도,2026-01-13 13:16:52.943676,2026-01-13 13:16:52.943679,f
7503,신흥리,4725025032,경상북도,2026-01-13 13:16:52.949642,2026-01-13 13:16:52.949646,f
7504,신덕리,4725025033,경상북도,2026-01-13 13:16:52.954762,2026-01-13 13:16:52.954765,f
7505,금곡리,4725025034,경상북도,2026-01-13 13:16:52.960057,2026-01-13 13:16:52.960059,f
7506,하갈리,4725025035,경상북도,2026-01-13 13:16:52.964818,2026-01-13 13:16:52.964821,f
7507,중동면,4725031000,경상북도,2026-01-13 13:16:52.969347,2026-01-13 13:16:52.969349,f
7508,회상리,4725031021,경상북도,2026-01-13 13:16:52.978286,2026-01-13 13:16:52.978288,f
7509,오상리,4725031022,경상북도,2026-01-13 13:16:52.98285,2026-01-13 13:16:52.982851,f
7510,죽암리,4725031023,경상북도,2026-01-13 13:16:52.986835,2026-01-13 13:16:52.986837,f
7511,간상리,4725031024,경상북도,2026-01-13 13:16:52.994688,2026-01-13 13:16:52.994693,f
7512,신암리,4725031025,경상북도,2026-01-13 13:16:53.000422,2026-01-13 13:16:53.000424,f
7513,금당리,4725031026,경상북도,2026-01-13 13:16:53.004365,2026-01-13 13:16:53.004368,f
7514,우물리,4725031027,경상북도,2026-01-13 13:16:53.012776,2026-01-13 13:16:53.01278,f
7515,사벌국면,4725032500,경상북도,2026-01-13 13:16:53.017978,2026-01-13 13:16:53.01798,f
7516,덕담리,4725032521,경상북도,2026-01-13 13:16:53.022094,2026-01-13 13:16:53.022095,f
7517,원흥리,4725032522,경상북도,2026-01-13 13:16:53.026288,2026-01-13 13:16:53.02629,f
7518,두릉리,4725032523,경상북도,2026-01-13 13:16:53.031467,2026-01-13 13:16:53.031471,f
7519,목가리,4725032524,경상북도,2026-01-13 13:16:53.03715,2026-01-13 13:16:53.037153,f
7520,덕가리,4725032525,경상북도,2026-01-13 13:16:53.047392,2026-01-13 13:16:53.047395,f
7521,용담리,4725032526,경상북도,2026-01-13 13:16:53.057415,2026-01-13 13:16:53.057417,f
7522,묵상리,4725032527,경상북도,2026-01-13 13:16:53.06233,2026-01-13 13:16:53.062333,f
7523,묵하리,4725032528,경상북도,2026-01-13 13:16:53.067604,2026-01-13 13:16:53.067606,f
7524,매협리,4725032529,경상북도,2026-01-13 13:16:53.072263,2026-01-13 13:16:53.072267,f
7525,매호리,4725032530,경상북도,2026-01-13 13:16:53.078512,2026-01-13 13:16:53.078514,f
7526,퇴강리,4725032531,경상북도,2026-01-13 13:16:53.085604,2026-01-13 13:16:53.085607,f
7527,엄암리,4725032532,경상북도,2026-01-13 13:16:53.090539,2026-01-13 13:16:53.090543,f
7528,금흔리,4725032533,경상북도,2026-01-13 13:16:53.096434,2026-01-13 13:16:53.096438,f
7529,화달리,4725032534,경상북도,2026-01-13 13:16:53.101604,2026-01-13 13:16:53.101606,f
7530,삼덕리,4725032535,경상북도,2026-01-13 13:16:53.108031,2026-01-13 13:16:53.108033,f
7531,낙동면,4725033000,경상북도,2026-01-13 13:16:53.112772,2026-01-13 13:16:53.112774,f
7532,상촌리,4725033021,경상북도,2026-01-13 13:16:53.120267,2026-01-13 13:16:53.120269,f
7533,낙동리,4725033022,경상북도,2026-01-13 13:16:53.125259,2026-01-13 13:16:53.125262,f
7534,장곡리,4725033023,경상북도,2026-01-13 13:16:53.129602,2026-01-13 13:16:53.129604,f
7535,구잠리,4725033024,경상북도,2026-01-13 13:16:53.134163,2026-01-13 13:16:53.134165,f
7536,물량리,4725033025,경상북도,2026-01-13 13:16:53.138413,2026-01-13 13:16:53.138416,f
7537,분황리,4725033026,경상북도,2026-01-13 13:16:53.142592,2026-01-13 13:16:53.142594,f
7538,성동리,4725033027,경상북도,2026-01-13 13:16:53.146521,2026-01-13 13:16:53.146524,f
7539,신상리,4725033028,경상북도,2026-01-13 13:16:53.154333,2026-01-13 13:16:53.154336,f
7540,화산리,4725033029,경상북도,2026-01-13 13:16:53.158989,2026-01-13 13:16:53.158992,f
7541,내곡리,4725033030,경상북도,2026-01-13 13:16:53.163447,2026-01-13 13:16:53.163449,f
7542,운평리,4725033031,경상북도,2026-01-13 13:16:53.16745,2026-01-13 13:16:53.167452,f
7543,승곡리,4725033032,경상북도,2026-01-13 13:16:53.171254,2026-01-13 13:16:53.171257,f
7544,비룡리,4725033033,경상북도,2026-01-13 13:16:53.175367,2026-01-13 13:16:53.175369,f
7545,용포리,4725033034,경상북도,2026-01-13 13:16:53.17989,2026-01-13 13:16:53.179892,f
7546,수정리,4725033035,경상북도,2026-01-13 13:16:53.183916,2026-01-13 13:16:53.183917,f
7547,신오리,4725033036,경상북도,2026-01-13 13:16:53.189124,2026-01-13 13:16:53.189126,f
7548,유곡리,4725033037,경상북도,2026-01-13 13:16:53.195232,2026-01-13 13:16:53.195234,f
7549,청리면,4725034000,경상북도,2026-01-13 13:16:53.202932,2026-01-13 13:16:53.202937,f
7550,원장리,4725034021,경상북도,2026-01-13 13:16:53.210927,2026-01-13 13:16:53.21093,f
7551,월로리,4725034022,경상북도,2026-01-13 13:16:53.215484,2026-01-13 13:16:53.215486,f
7552,청하리,4725034023,경상북도,2026-01-13 13:16:53.223978,2026-01-13 13:16:53.22398,f
7553,청상리,4725034024,경상북도,2026-01-13 13:16:53.230324,2026-01-13 13:16:53.230326,f
7554,마공리,4725034025,경상북도,2026-01-13 13:16:53.234989,2026-01-13 13:16:53.234992,f
7555,가천리,4725034026,경상북도,2026-01-13 13:16:53.239593,2026-01-13 13:16:53.239596,f
7556,하초리,4725034027,경상북도,2026-01-13 13:16:53.243771,2026-01-13 13:16:53.243773,f
7557,수상리,4725034028,경상북도,2026-01-13 13:16:53.247644,2026-01-13 13:16:53.247646,f
7558,덕산리,4725034029,경상북도,2026-01-13 13:16:53.253834,2026-01-13 13:16:53.253836,f
7559,율리,4725034030,경상북도,2026-01-13 13:16:53.260486,2026-01-13 13:16:53.260489,f
7560,삼괴리,4725034031,경상북도,2026-01-13 13:16:53.265555,2026-01-13 13:16:53.265568,f
7561,학하리,4725034032,경상북도,2026-01-13 13:16:53.26975,2026-01-13 13:16:53.269754,f
7562,공성면,4725035000,경상북도,2026-01-13 13:16:53.27387,2026-01-13 13:16:53.273873,f
7563,옥산리,4725035021,경상북도,2026-01-13 13:16:53.277745,2026-01-13 13:16:53.277748,f
7564,금계리,4725035022,경상북도,2026-01-13 13:16:53.282157,2026-01-13 13:16:53.282159,f
7565,장동리,4725035023,경상북도,2026-01-13 13:16:53.288345,2026-01-13 13:16:53.288348,f
7566,거창리,4725035024,경상북도,2026-01-13 13:16:53.293555,2026-01-13 13:16:53.293567,f
7567,영오리,4725035025,경상북도,2026-01-13 13:16:53.29746,2026-01-13 13:16:53.297463,f
7568,이화리,4725035026,경상북도,2026-01-13 13:16:53.301439,2026-01-13 13:16:53.301441,f
7569,산현리,4725035027,경상북도,2026-01-13 13:16:53.305386,2026-01-13 13:16:53.305389,f
7570,평천리,4725035028,경상북도,2026-01-13 13:16:53.309219,2026-01-13 13:16:53.309221,f
7571,무곡리,4725035029,경상북도,2026-01-13 13:16:53.313134,2026-01-13 13:16:53.313136,f
7572,용안리,4725035030,경상북도,2026-01-13 13:16:53.322286,2026-01-13 13:16:53.322296,f
7573,초오리,4725035031,경상북도,2026-01-13 13:16:53.331928,2026-01-13 13:16:53.331931,f
7574,인창리,4725035032,경상북도,2026-01-13 13:16:53.338381,2026-01-13 13:16:53.338385,f
7575,용신리,4725035033,경상북도,2026-01-13 13:16:53.343048,2026-01-13 13:16:53.343051,f
7576,효곡리,4725035034,경상북도,2026-01-13 13:16:53.347372,2026-01-13 13:16:53.347374,f
7577,봉산리,4725035035,경상북도,2026-01-13 13:16:53.35293,2026-01-13 13:16:53.352932,f
7578,오광리,4725035036,경상북도,2026-01-13 13:16:53.35764,2026-01-13 13:16:53.357643,f
7579,우하리,4725035037,경상북도,2026-01-13 13:16:53.361893,2026-01-13 13:16:53.361896,f
7580,신곡리,4725035038,경상북도,2026-01-13 13:16:53.366284,2026-01-13 13:16:53.366285,f
7581,도곡리,4725035039,경상북도,2026-01-13 13:16:53.370531,2026-01-13 13:16:53.370534,f
7582,외남면,4725036000,경상북도,2026-01-13 13:16:53.374992,2026-01-13 13:16:53.374994,f
7583,구서리,4725036021,경상북도,2026-01-13 13:16:53.381399,2026-01-13 13:16:53.381402,f
7584,소상리,4725036022,경상북도,2026-01-13 13:16:53.386985,2026-01-13 13:16:53.386986,f
7585,신촌리,4725036023,경상북도,2026-01-13 13:16:53.390795,2026-01-13 13:16:53.390797,f
7586,송지리,4725036024,경상북도,2026-01-13 13:16:53.394771,2026-01-13 13:16:53.394773,f
7587,신상리,4725036025,경상북도,2026-01-13 13:16:53.398963,2026-01-13 13:16:53.398965,f
7588,흔평리,4725036026,경상북도,2026-01-13 13:16:53.403146,2026-01-13 13:16:53.403148,f
7589,소은리,4725036027,경상북도,2026-01-13 13:16:53.407352,2026-01-13 13:16:53.407354,f
7590,지사리,4725036028,경상북도,2026-01-13 13:16:53.416067,2026-01-13 13:16:53.416081,f
7591,내서면,4725037000,경상북도,2026-01-13 13:16:53.421985,2026-01-13 13:16:53.421987,f
7592,능암리,4725037021,경상북도,2026-01-13 13:16:53.426005,2026-01-13 13:16:53.426007,f
7593,신촌리,4725037022,경상북도,2026-01-13 13:16:53.430138,2026-01-13 13:16:53.43014,f
7594,북장리,4725037023,경상북도,2026-01-13 13:16:53.434927,2026-01-13 13:16:53.434929,f
7595,고곡리,4725037024,경상북도,2026-01-13 13:16:53.439279,2026-01-13 13:16:53.439281,f
7596,서만리,4725037025,경상북도,2026-01-13 13:16:53.446222,2026-01-13 13:16:53.446227,f
7597,서원리,4725037026,경상북도,2026-01-13 13:16:53.451353,2026-01-13 13:16:53.451355,f
7598,낙서리,4725037027,경상북도,2026-01-13 13:16:53.455871,2026-01-13 13:16:53.455874,f
7599,평지리,4725037028,경상북도,2026-01-13 13:16:53.461138,2026-01-13 13:16:53.46114,f
7600,노류리,4725037029,경상북도,2026-01-13 13:16:53.465605,2026-01-13 13:16:53.465609,f
7601,모동면,4725038000,경상북도,2026-01-13 13:16:53.474208,2026-01-13 13:16:53.47421,f
7602,덕곡리,4725038021,경상북도,2026-01-13 13:16:53.481182,2026-01-13 13:16:53.481184,f
7603,이동리,4725038022,경상북도,2026-01-13 13:16:53.485355,2026-01-13 13:16:53.485357,f
7604,용호리,4725038023,경상북도,2026-01-13 13:16:53.489188,2026-01-13 13:16:53.489189,f
7605,금천리,4725038024,경상북도,2026-01-13 13:16:53.494854,2026-01-13 13:16:53.494858,f
7606,신천리,4725038025,경상북도,2026-01-13 13:16:53.500179,2026-01-13 13:16:53.500182,f
7607,상판리,4725038026,경상북도,2026-01-13 13:16:53.508939,2026-01-13 13:16:53.508942,f
7608,반계리,4725038027,경상북도,2026-01-13 13:16:53.51582,2026-01-13 13:16:53.515826,f
7609,정양리,4725038028,경상북도,2026-01-13 13:16:53.521147,2026-01-13 13:16:53.52115,f
7610,신흥리,4725038029,경상북도,2026-01-13 13:16:53.525347,2026-01-13 13:16:53.525348,f
7611,수봉리,4725038030,경상북도,2026-01-13 13:16:53.52912,2026-01-13 13:16:53.529122,f
7612,모서면,4725039000,경상북도,2026-01-13 13:16:53.532946,2026-01-13 13:16:53.532948,f
7613,삼포리,4725039021,경상북도,2026-01-13 13:16:53.537695,2026-01-13 13:16:53.537697,f
7614,도안리,4725039022,경상북도,2026-01-13 13:16:53.545201,2026-01-13 13:16:53.545205,f
7615,소정리,4725039023,경상북도,2026-01-13 13:16:53.549826,2026-01-13 13:16:53.549828,f
7616,대포리,4725039024,경상북도,2026-01-13 13:16:53.554961,2026-01-13 13:16:53.554964,f
7617,석산리,4725039025,경상북도,2026-01-13 13:16:53.559167,2026-01-13 13:16:53.55917,f
7618,가막리,4725039026,경상북도,2026-01-13 13:16:53.563662,2026-01-13 13:16:53.563664,f
7619,지산리,4725039027,경상북도,2026-01-13 13:16:53.567707,2026-01-13 13:16:53.567709,f
7620,화현리,4725039028,경상북도,2026-01-13 13:16:53.573149,2026-01-13 13:16:53.573151,f
7621,득수리,4725039029,경상북도,2026-01-13 13:16:53.578343,2026-01-13 13:16:53.578344,f
7622,백학리,4725039030,경상북도,2026-01-13 13:16:53.58192,2026-01-13 13:16:53.581922,f
7623,정산리,4725039031,경상북도,2026-01-13 13:16:53.586491,2026-01-13 13:16:53.586493,f
7624,호음리,4725039032,경상북도,2026-01-13 13:16:53.590699,2026-01-13 13:16:53.590702,f
7625,화동면,4725040000,경상북도,2026-01-13 13:16:53.595142,2026-01-13 13:16:53.595144,f
7626,이소리,4725040021,경상북도,2026-01-13 13:16:53.599196,2026-01-13 13:16:53.599198,f
7627,선교리,4725040022,경상북도,2026-01-13 13:16:53.607588,2026-01-13 13:16:53.60759,f
7628,판곡리,4725040023,경상북도,2026-01-13 13:16:53.614642,2026-01-13 13:16:53.614646,f
7629,어산리,4725040024,경상북도,2026-01-13 13:16:53.619535,2026-01-13 13:16:53.619538,f
7630,신촌리,4725040025,경상북도,2026-01-13 13:16:53.626336,2026-01-13 13:16:53.626342,f
7631,반곡리,4725040026,경상북도,2026-01-13 13:16:53.631794,2026-01-13 13:16:53.631797,f
7632,보미리,4725040027,경상북도,2026-01-13 13:16:53.636763,2026-01-13 13:16:53.636765,f
7633,양지리,4725040028,경상북도,2026-01-13 13:16:53.643375,2026-01-13 13:16:53.643378,f
7634,평산리,4725040029,경상북도,2026-01-13 13:16:53.64948,2026-01-13 13:16:53.649483,f
7635,화서면,4725041000,경상북도,2026-01-13 13:16:53.653434,2026-01-13 13:16:53.653436,f
7636,신봉리,4725041021,경상북도,2026-01-13 13:16:53.657512,2026-01-13 13:16:53.657514,f
7637,상현리,4725041022,경상북도,2026-01-13 13:16:53.661368,2026-01-13 13:16:53.661369,f
7638,달천리,4725041023,경상북도,2026-01-13 13:16:53.665097,2026-01-13 13:16:53.665099,f
7639,상용리,4725041024,경상북도,2026-01-13 13:16:53.669523,2026-01-13 13:16:53.669524,f
7640,금산리,4725041025,경상북도,2026-01-13 13:16:53.678488,2026-01-13 13:16:53.67849,f
7641,사산리,4725041026,경상북도,2026-01-13 13:16:53.684765,2026-01-13 13:16:53.684767,f
7642,율림리,4725041027,경상북도,2026-01-13 13:16:53.68915,2026-01-13 13:16:53.689152,f
7643,봉촌리,4725041028,경상북도,2026-01-13 13:16:53.693712,2026-01-13 13:16:53.693714,f
7644,지산리,4725041029,경상북도,2026-01-13 13:16:53.697304,2026-01-13 13:16:53.697306,f
7645,상곡리,4725041030,경상북도,2026-01-13 13:16:53.701327,2026-01-13 13:16:53.701329,f
7646,하송리,4725041031,경상북도,2026-01-13 13:16:53.705034,2026-01-13 13:16:53.705036,f
7647,화북면,4725042000,경상북도,2026-01-13 13:16:53.708884,2026-01-13 13:16:53.708886,f
7648,용유리,4725042021,경상북도,2026-01-13 13:16:53.714721,2026-01-13 13:16:53.714724,f
7649,장암리,4725042022,경상북도,2026-01-13 13:16:53.720584,2026-01-13 13:16:53.720586,f
7650,상오리,4725042023,경상북도,2026-01-13 13:16:53.72548,2026-01-13 13:16:53.725482,f
7651,입석리,4725042024,경상북도,2026-01-13 13:16:53.729517,2026-01-13 13:16:53.729519,f
7652,중벌리,4725042025,경상북도,2026-01-13 13:16:53.733438,2026-01-13 13:16:53.73344,f
7653,운흥리,4725042026,경상북도,2026-01-13 13:16:53.738063,2026-01-13 13:16:53.738065,f
7654,외서면,4725043000,경상북도,2026-01-13 13:16:53.742098,2026-01-13 13:16:53.7421,f
7655,연봉리,4725043021,경상북도,2026-01-13 13:16:53.749178,2026-01-13 13:16:53.749181,f
7656,관동리,4725043022,경상북도,2026-01-13 13:16:53.754278,2026-01-13 13:16:53.75428,f
7657,개곡리,4725043023,경상북도,2026-01-13 13:16:53.758868,2026-01-13 13:16:53.75887,f
7658,이천리,4725043024,경상북도,2026-01-13 13:16:53.762984,2026-01-13 13:16:53.762986,f
7659,봉강리,4725043025,경상북도,2026-01-13 13:16:53.767106,2026-01-13 13:16:53.767109,f
7660,백전리,4725043026,경상북도,2026-01-13 13:16:53.771165,2026-01-13 13:16:53.771168,f
7661,가곡리,4725043027,경상북도,2026-01-13 13:16:53.774872,2026-01-13 13:16:53.774874,f
7662,관현리,4725043028,경상북도,2026-01-13 13:16:53.783329,2026-01-13 13:16:53.783331,f
7663,우산리,4725043029,경상북도,2026-01-13 13:16:53.789868,2026-01-13 13:16:53.78987,f
7664,이촌리,4725043030,경상북도,2026-01-13 13:16:53.793961,2026-01-13 13:16:53.793964,f
7665,대전리,4725043031,경상북도,2026-01-13 13:16:53.798117,2026-01-13 13:16:53.798119,f
7666,예의리,4725043032,경상북도,2026-01-13 13:16:53.802032,2026-01-13 13:16:53.802033,f
7667,은척면,4725044000,경상북도,2026-01-13 13:16:53.805978,2026-01-13 13:16:53.80598,f
7668,봉중리,4725044021,경상북도,2026-01-13 13:16:53.809776,2026-01-13 13:16:53.809779,f
7669,봉상리,4725044022,경상북도,2026-01-13 13:16:53.818488,2026-01-13 13:16:53.818493,f
7670,우기리,4725044023,경상북도,2026-01-13 13:16:53.825708,2026-01-13 13:16:53.82571,f
7671,남곡리,4725044024,경상북도,2026-01-13 13:16:53.830617,2026-01-13 13:16:53.83062,f
7672,문암리,4725044025,경상북도,2026-01-13 13:16:53.835357,2026-01-13 13:16:53.83538,f
7673,두곡리,4725044026,경상북도,2026-01-13 13:16:53.839732,2026-01-13 13:16:53.839735,f
7674,장암리,4725044027,경상북도,2026-01-13 13:16:53.845914,2026-01-13 13:16:53.845916,f
7675,무릉리,4725044028,경상북도,2026-01-13 13:16:53.854346,2026-01-13 13:16:53.854348,f
7676,황령리,4725044029,경상북도,2026-01-13 13:16:53.859347,2026-01-13 13:16:53.85935,f
7677,하흘리,4725044030,경상북도,2026-01-13 13:16:53.864168,2026-01-13 13:16:53.86417,f
7678,공검면,4725045000,경상북도,2026-01-13 13:16:53.868488,2026-01-13 13:16:53.868491,f
7679,부곡리,4725045021,경상북도,2026-01-13 13:16:53.872805,2026-01-13 13:16:53.872808,f
7680,동막리,4725045022,경상북도,2026-01-13 13:16:53.876852,2026-01-13 13:16:53.876855,f
7681,병암리,4725045023,경상북도,2026-01-13 13:16:53.881133,2026-01-13 13:16:53.881136,f
7682,오태리,4725045024,경상북도,2026-01-13 13:16:53.888706,2026-01-13 13:16:53.888709,f
7683,양정리,4725045025,경상북도,2026-01-13 13:16:53.893209,2026-01-13 13:16:53.893211,f
7684,화동리,4725045026,경상북도,2026-01-13 13:16:53.899415,2026-01-13 13:16:53.899417,f
7685,역곡리,4725045027,경상북도,2026-01-13 13:16:53.904197,2026-01-13 13:16:53.904199,f
7686,율곡리,4725045028,경상북도,2026-01-13 13:16:53.909496,2026-01-13 13:16:53.909499,f
7687,예주리,4725045029,경상북도,2026-01-13 13:16:53.913694,2026-01-13 13:16:53.913696,f
7688,지평리,4725045030,경상북도,2026-01-13 13:16:53.922164,2026-01-13 13:16:53.922166,f
7689,중소리,4725045031,경상북도,2026-01-13 13:16:53.936579,2026-01-13 13:16:53.936585,f
7690,이안면,4725046000,경상북도,2026-01-13 13:16:53.94732,2026-01-13 13:16:53.947324,f
7691,양범리,4725046021,경상북도,2026-01-13 13:16:53.960281,2026-01-13 13:16:53.960286,f
7692,문창리,4725046022,경상북도,2026-01-13 13:16:53.966176,2026-01-13 13:16:53.966179,f
7693,안용리,4725046023,경상북도,2026-01-13 13:16:53.971343,2026-01-13 13:16:53.971345,f
7694,구미리,4725046024,경상북도,2026-01-13 13:16:53.976148,2026-01-13 13:16:53.97615,f
7695,대현리,4725046025,경상북도,2026-01-13 13:16:53.980526,2026-01-13 13:16:53.980529,f
7696,아천리,4725046026,경상북도,2026-01-13 13:16:53.985438,2026-01-13 13:16:53.98544,f
7697,지산리,4725046027,경상북도,2026-01-13 13:16:53.992027,2026-01-13 13:16:53.99203,f
7698,흑암리,4725046028,경상북도,2026-01-13 13:16:53.999696,2026-01-13 13:16:53.999699,f
7699,소암리,4725046029,경상북도,2026-01-13 13:16:54.00494,2026-01-13 13:16:54.004943,f
7700,여물리,4725046030,경상북도,2026-01-13 13:16:54.009062,2026-01-13 13:16:54.009064,f
7701,가장리,4725046031,경상북도,2026-01-13 13:16:54.016194,2026-01-13 13:16:54.016197,f
7702,이안리,4725046033,경상북도,2026-01-13 13:16:54.02119,2026-01-13 13:16:54.021192,f
7703,화남면,4725047000,경상북도,2026-01-13 13:16:54.025696,2026-01-13 13:16:54.025699,f
7704,동관리,4725047021,경상북도,2026-01-13 13:16:54.030385,2026-01-13 13:16:54.030389,f
7705,평온리,4725047022,경상북도,2026-01-13 13:16:54.036639,2026-01-13 13:16:54.036641,f
7706,임곡리,4725047023,경상북도,2026-01-13 13:16:54.040545,2026-01-13 13:16:54.040547,f
7707,중눌리,4725047024,경상북도,2026-01-13 13:16:54.044903,2026-01-13 13:16:54.044906,f
7708,소곡리,4725047025,경상북도,2026-01-13 13:16:54.050197,2026-01-13 13:16:54.050199,f
7709,문경시,4728000000,경상북도,2026-01-13 13:16:54.055216,2026-01-13 13:16:54.055221,f
7710,점촌동,4728010100,경상북도,2026-01-13 13:16:54.059494,2026-01-13 13:16:54.059496,f
7711,영신동,4728010200,경상북도,2026-01-13 13:16:54.06295,2026-01-13 13:16:54.062951,f
7712,흥덕동,4728010300,경상북도,2026-01-13 13:16:54.066752,2026-01-13 13:16:54.066755,f
7713,우지동,4728010400,경상북도,2026-01-13 13:16:54.07042,2026-01-13 13:16:54.070422,f
7714,창동,4728010500,경상북도,2026-01-13 13:16:54.074827,2026-01-13 13:16:54.074831,f
7715,신기동,4728010600,경상북도,2026-01-13 13:16:54.079045,2026-01-13 13:16:54.079047,f
7716,불정동,4728010700,경상북도,2026-01-13 13:16:54.083013,2026-01-13 13:16:54.083016,f
7717,유곡동,4728010800,경상북도,2026-01-13 13:16:54.08693,2026-01-13 13:16:54.086931,f
7718,공평동,4728010900,경상북도,2026-01-13 13:16:54.090979,2026-01-13 13:16:54.090982,f
7719,모전동,4728011000,경상북도,2026-01-13 13:16:54.096548,2026-01-13 13:16:54.096556,f
7720,윤직동,4728011100,경상북도,2026-01-13 13:16:54.10061,2026-01-13 13:16:54.100613,f
7721,문경읍,4728025000,경상북도,2026-01-13 13:16:54.105097,2026-01-13 13:16:54.1051,f
7722,상리,4728025021,경상북도,2026-01-13 13:16:54.109121,2026-01-13 13:16:54.109123,f
7723,하리,4728025022,경상북도,2026-01-13 13:16:54.11445,2026-01-13 13:16:54.114452,f
7724,교촌리,4728025023,경상북도,2026-01-13 13:16:54.118644,2026-01-13 13:16:54.118646,f
7725,요성리,4728025024,경상북도,2026-01-13 13:16:54.122506,2026-01-13 13:16:54.122508,f
7726,지곡리,4728025025,경상북도,2026-01-13 13:16:54.127571,2026-01-13 13:16:54.127574,f
7727,마원리,4728025026,경상북도,2026-01-13 13:16:54.131923,2026-01-13 13:16:54.131926,f
7728,진안리,4728025027,경상북도,2026-01-13 13:16:54.136678,2026-01-13 13:16:54.136681,f
7729,각서리,4728025028,경상북도,2026-01-13 13:16:54.140595,2026-01-13 13:16:54.140597,f
7730,하초리,4728025029,경상북도,2026-01-13 13:16:54.14415,2026-01-13 13:16:54.144153,f
7731,상초리,4728025030,경상북도,2026-01-13 13:16:54.148178,2026-01-13 13:16:54.148179,f
7732,고요리,4728025031,경상북도,2026-01-13 13:16:54.151874,2026-01-13 13:16:54.151876,f
7733,팔영리,4728025032,경상북도,2026-01-13 13:16:54.15663,2026-01-13 13:16:54.156635,f
7734,당포리,4728025033,경상북도,2026-01-13 13:16:54.161027,2026-01-13 13:16:54.161029,f
7735,용연리,4728025034,경상북도,2026-01-13 13:16:54.16477,2026-01-13 13:16:54.164772,f
7736,평천리,4728025035,경상북도,2026-01-13 13:16:54.168589,2026-01-13 13:16:54.168591,f
7737,갈평리,4728025036,경상북도,2026-01-13 13:16:54.172796,2026-01-13 13:16:54.172798,f
7738,중평리,4728025037,경상북도,2026-01-13 13:16:54.177131,2026-01-13 13:16:54.177133,f
7739,관음리,4728025038,경상북도,2026-01-13 13:16:54.183251,2026-01-13 13:16:54.183254,f
7740,가은읍,4728025300,경상북도,2026-01-13 13:16:54.187655,2026-01-13 13:16:54.187657,f
7741,왕능리,4728025321,경상북도,2026-01-13 13:16:54.191963,2026-01-13 13:16:54.191965,f
7742,갈전리,4728025322,경상북도,2026-01-13 13:16:54.196171,2026-01-13 13:16:54.196173,f
7743,저음리,4728025323,경상북도,2026-01-13 13:16:54.201301,2026-01-13 13:16:54.201304,f
7744,작천리,4728025324,경상북도,2026-01-13 13:16:54.205441,2026-01-13 13:16:54.205443,f
7745,성저리,4728025325,경상북도,2026-01-13 13:16:54.209389,2026-01-13 13:16:54.209392,f
7746,수예리,4728025326,경상북도,2026-01-13 13:16:54.214777,2026-01-13 13:16:54.214781,f
7747,민지리,4728025327,경상북도,2026-01-13 13:16:54.21897,2026-01-13 13:16:54.218971,f
7748,전곡리,4728025328,경상북도,2026-01-13 13:16:54.223787,2026-01-13 13:16:54.223789,f
7749,성유리,4728025329,경상북도,2026-01-13 13:16:54.227875,2026-01-13 13:16:54.227877,f
7750,죽문리,4728025330,경상북도,2026-01-13 13:16:54.23162,2026-01-13 13:16:54.231621,f
7751,완장리,4728025331,경상북도,2026-01-13 13:16:54.23673,2026-01-13 13:16:54.236738,f
7752,원북리,4728025332,경상북도,2026-01-13 13:16:54.241059,2026-01-13 13:16:54.241061,f
7753,상괴리,4728025333,경상북도,2026-01-13 13:16:54.245784,2026-01-13 13:16:54.245786,f
7754,하괴리,4728025334,경상북도,2026-01-13 13:16:54.250033,2026-01-13 13:16:54.250036,f
7755,영순면,4728031000,경상북도,2026-01-13 13:16:54.253995,2026-01-13 13:16:54.253998,f
7756,의곡리,4728031021,경상북도,2026-01-13 13:16:54.258095,2026-01-13 13:16:54.258097,f
7757,김용리,4728031022,경상북도,2026-01-13 13:16:54.261757,2026-01-13 13:16:54.261759,f
7758,포내리,4728031023,경상북도,2026-01-13 13:16:54.265361,2026-01-13 13:16:54.265362,f
7759,사근리,4728031024,경상북도,2026-01-13 13:16:54.269239,2026-01-13 13:16:54.269241,f
7760,왕태리,4728031025,경상북도,2026-01-13 13:16:54.272953,2026-01-13 13:16:54.272955,f
7761,오룡리,4728031026,경상북도,2026-01-13 13:16:54.276957,2026-01-13 13:16:54.276959,f
7762,금림리,4728031027,경상북도,2026-01-13 13:16:54.280978,2026-01-13 13:16:54.28098,f
7763,달지리,4728031028,경상북도,2026-01-13 13:16:54.285131,2026-01-13 13:16:54.285132,f
7764,이목리,4728031029,경상북도,2026-01-13 13:16:54.28961,2026-01-13 13:16:54.289612,f
7765,말응리,4728031030,경상북도,2026-01-13 13:16:54.294439,2026-01-13 13:16:54.294442,f
7766,율곡리,4728031031,경상북도,2026-01-13 13:16:54.298432,2026-01-13 13:16:54.298434,f
7767,산양면,4728032000,경상북도,2026-01-13 13:16:54.30211,2026-01-13 13:16:54.302112,f
7768,녹문리,4728032021,경상북도,2026-01-13 13:16:54.305863,2026-01-13 13:16:54.305866,f
7769,현리,4728032022,경상북도,2026-01-13 13:16:54.309908,2026-01-13 13:16:54.30991,f
7770,부암리,4728032023,경상북도,2026-01-13 13:16:54.313724,2026-01-13 13:16:54.313726,f
7771,과곡리,4728032024,경상북도,2026-01-13 13:16:54.318148,2026-01-13 13:16:54.31815,f
7772,형천리,4728032025,경상북도,2026-01-13 13:16:54.321895,2026-01-13 13:16:54.321897,f
7773,위만리,4728032026,경상북도,2026-01-13 13:16:54.325921,2026-01-13 13:16:54.325923,f
7774,우본리,4728032027,경상북도,2026-01-13 13:16:54.330288,2026-01-13 13:16:54.33029,f
7775,연소리,4728032028,경상북도,2026-01-13 13:16:54.335915,2026-01-13 13:16:54.335918,f
7776,불암리,4728032029,경상북도,2026-01-13 13:16:54.340027,2026-01-13 13:16:54.340029,f
7777,존도리,4728032030,경상북도,2026-01-13 13:16:54.34404,2026-01-13 13:16:54.344041,f
7778,봉정리,4728032031,경상북도,2026-01-13 13:16:54.347838,2026-01-13 13:16:54.34784,f
7779,진정리,4728032032,경상북도,2026-01-13 13:16:54.351594,2026-01-13 13:16:54.351597,f
7780,반곡리,4728032033,경상북도,2026-01-13 13:16:54.356561,2026-01-13 13:16:54.356564,f
7781,평지리,4728032034,경상북도,2026-01-13 13:16:54.3615,2026-01-13 13:16:54.361502,f
7782,송죽리,4728032035,경상북도,2026-01-13 13:16:54.365903,2026-01-13 13:16:54.365907,f
7783,신전리,4728032036,경상북도,2026-01-13 13:16:54.370356,2026-01-13 13:16:54.370359,f
7784,호계면,4728033000,경상북도,2026-01-13 13:16:54.374813,2026-01-13 13:16:54.374815,f
7785,견탄리,4728033021,경상북도,2026-01-13 13:16:54.37973,2026-01-13 13:16:54.379732,f
7786,별암리,4728033022,경상북도,2026-01-13 13:16:54.383733,2026-01-13 13:16:54.383735,f
7787,호계리,4728033023,경상북도,2026-01-13 13:16:54.387461,2026-01-13 13:16:54.387463,f
7788,부곡리,4728033024,경상북도,2026-01-13 13:16:54.391596,2026-01-13 13:16:54.391598,f
7789,선암리,4728033025,경상북도,2026-01-13 13:16:54.395816,2026-01-13 13:16:54.395818,f
7790,지천리,4728033026,경상북도,2026-01-13 13:16:54.400445,2026-01-13 13:16:54.400449,f
7791,가도리,4728033027,경상북도,2026-01-13 13:16:54.404798,2026-01-13 13:16:54.4048,f
7792,구산리,4728033028,경상북도,2026-01-13 13:16:54.40905,2026-01-13 13:16:54.409052,f
7793,우로리,4728033029,경상북도,2026-01-13 13:16:54.414146,2026-01-13 13:16:54.41415,f
7794,막곡리,4728033030,경상북도,2026-01-13 13:16:54.418163,2026-01-13 13:16:54.418164,f
7795,봉서리,4728033031,경상북도,2026-01-13 13:16:54.422306,2026-01-13 13:16:54.422308,f
7796,산북면,4728034000,경상북도,2026-01-13 13:16:54.426121,2026-01-13 13:16:54.426123,f
7797,서중리,4728034021,경상북도,2026-01-13 13:16:54.429841,2026-01-13 13:16:54.429843,f
7798,대상리,4728034022,경상북도,2026-01-13 13:16:54.434156,2026-01-13 13:16:54.434158,f
7799,대하리,4728034023,경상북도,2026-01-13 13:16:54.438936,2026-01-13 13:16:54.43894,f
7800,이곡리,4728034024,경상북도,2026-01-13 13:16:54.442873,2026-01-13 13:16:54.442875,f
7801,우곡리,4728034025,경상북도,2026-01-13 13:16:54.44708,2026-01-13 13:16:54.447083,f
7802,석봉리,4728034026,경상북도,2026-01-13 13:16:54.450879,2026-01-13 13:16:54.45088,f
7803,김용리,4728034027,경상북도,2026-01-13 13:16:54.456267,2026-01-13 13:16:54.456272,f
7804,거산리,4728034028,경상북도,2026-01-13 13:16:54.461295,2026-01-13 13:16:54.461297,f
7805,전두리,4728034029,경상북도,2026-01-13 13:16:54.465437,2026-01-13 13:16:54.46544,f
7806,호암리,4728034030,경상북도,2026-01-13 13:16:54.469504,2026-01-13 13:16:54.469506,f
7807,가좌리,4728034031,경상북도,2026-01-13 13:16:54.473019,2026-01-13 13:16:54.47302,f
7808,창구리,4728034032,경상북도,2026-01-13 13:16:54.478475,2026-01-13 13:16:54.478478,f
7809,소야리,4728034033,경상북도,2026-01-13 13:16:54.483101,2026-01-13 13:16:54.483103,f
7810,종곡리,4728034034,경상북도,2026-01-13 13:16:54.487102,2026-01-13 13:16:54.487104,f
7811,내화리,4728034035,경상북도,2026-01-13 13:16:54.492431,2026-01-13 13:16:54.492433,f
7812,약석리,4728034036,경상북도,2026-01-13 13:16:54.496825,2026-01-13 13:16:54.496827,f
7813,회룡리,4728034037,경상북도,2026-01-13 13:16:54.501534,2026-01-13 13:16:54.501536,f
7814,가곡리,4728034038,경상북도,2026-01-13 13:16:54.505485,2026-01-13 13:16:54.505487,f
7815,월천리,4728034039,경상북도,2026-01-13 13:16:54.50901,2026-01-13 13:16:54.509011,f
7816,지내리,4728034040,경상북도,2026-01-13 13:16:54.513271,2026-01-13 13:16:54.513274,f
7817,흑송리,4728034041,경상북도,2026-01-13 13:16:54.523515,2026-01-13 13:16:54.523524,f
7818,동로면,4728035000,경상북도,2026-01-13 13:16:54.534356,2026-01-13 13:16:54.534365,f
7819,마광리,4728035021,경상북도,2026-01-13 13:16:54.541233,2026-01-13 13:16:54.541235,f
7820,인곡리,4728035022,경상북도,2026-01-13 13:16:54.545471,2026-01-13 13:16:54.545473,f
7821,수평리,4728035023,경상북도,2026-01-13 13:16:54.548985,2026-01-13 13:16:54.548986,f
7822,간송리,4728035024,경상북도,2026-01-13 13:16:54.552786,2026-01-13 13:16:54.552788,f
7823,석항리,4728035025,경상북도,2026-01-13 13:16:54.557693,2026-01-13 13:16:54.557697,f
7824,노은리,4728035026,경상북도,2026-01-13 13:16:54.562877,2026-01-13 13:16:54.562879,f
7825,적성리,4728035027,경상북도,2026-01-13 13:16:54.566936,2026-01-13 13:16:54.566938,f
7826,생달리,4728035028,경상북도,2026-01-13 13:16:54.571227,2026-01-13 13:16:54.57123,f
7827,명전리,4728035029,경상북도,2026-01-13 13:16:54.576099,2026-01-13 13:16:54.576102,f
7828,마성면,4728036000,경상북도,2026-01-13 13:16:54.580005,2026-01-13 13:16:54.580008,f
7829,모곡리,4728036021,경상북도,2026-01-13 13:16:54.58371,2026-01-13 13:16:54.583713,f
7830,정리,4728036022,경상북도,2026-01-13 13:16:54.587906,2026-01-13 13:16:54.587909,f
7831,상내리,4728036023,경상북도,2026-01-13 13:16:54.591599,2026-01-13 13:16:54.591602,f
7832,하내리,4728036024,경상북도,2026-01-13 13:16:54.596019,2026-01-13 13:16:54.596021,f
7833,신현리,4728036025,경상북도,2026-01-13 13:16:54.600416,2026-01-13 13:16:54.600418,f
7834,오천리,4728036026,경상북도,2026-01-13 13:16:54.604197,2026-01-13 13:16:54.6042,f
7835,외어리,4728036027,경상북도,2026-01-13 13:16:54.60883,2026-01-13 13:16:54.608832,f
7836,남호리,4728036028,경상북도,2026-01-13 13:16:54.613542,2026-01-13 13:16:54.613545,f
7837,농암면,4728037000,경상북도,2026-01-13 13:16:54.617842,2026-01-13 13:16:54.617844,f
7838,농암리,4728037021,경상북도,2026-01-13 13:16:54.621697,2026-01-13 13:16:54.621698,f
7839,종곡리,4728037022,경상북도,2026-01-13 13:16:54.625344,2026-01-13 13:16:54.625345,f
7840,연천리,4728037023,경상북도,2026-01-13 13:16:54.629567,2026-01-13 13:16:54.629569,f
7841,궁기리,4728037024,경상북도,2026-01-13 13:16:54.633464,2026-01-13 13:16:54.633466,f
7842,내서리,4728037025,경상북도,2026-01-13 13:16:54.637741,2026-01-13 13:16:54.637744,f
7843,화산리,4728037026,경상북도,2026-01-13 13:16:54.641938,2026-01-13 13:16:54.64194,f
7844,율수리,4728037027,경상북도,2026-01-13 13:16:54.645597,2026-01-13 13:16:54.645598,f
7845,갈동리,4728037028,경상북도,2026-01-13 13:16:54.65058,2026-01-13 13:16:54.650583,f
7846,사현리,4728037029,경상북도,2026-01-13 13:16:54.65498,2026-01-13 13:16:54.654981,f
7847,지동리,4728037030,경상북도,2026-01-13 13:16:54.658759,2026-01-13 13:16:54.658762,f
7848,선곡리,4728037031,경상북도,2026-01-13 13:16:54.662806,2026-01-13 13:16:54.662808,f
7849,경산시,4729000000,경상북도,2026-01-13 13:16:54.666472,2026-01-13 13:16:54.666474,f
7850,삼남동,4729010100,경상북도,2026-01-13 13:16:54.670029,2026-01-13 13:16:54.670031,f
7851,삼북동,4729010200,경상북도,2026-01-13 13:16:54.674651,2026-01-13 13:16:54.674654,f
7852,서상동,4729010300,경상북도,2026-01-13 13:16:54.678953,2026-01-13 13:16:54.678956,f
7853,신교동,4729010400,경상북도,2026-01-13 13:16:54.683295,2026-01-13 13:16:54.683298,f
7854,상방동,4729010500,경상북도,2026-01-13 13:16:54.687198,2026-01-13 13:16:54.687199,f
7855,백천동,4729010600,경상북도,2026-01-13 13:16:54.690928,2026-01-13 13:16:54.690931,f
7856,옥곡동,4729010700,경상북도,2026-01-13 13:16:54.695715,2026-01-13 13:16:54.695718,f
7857,사정동,4729010800,경상북도,2026-01-13 13:16:54.700116,2026-01-13 13:16:54.700118,f
7858,옥산동,4729010900,경상북도,2026-01-13 13:16:54.703783,2026-01-13 13:16:54.703785,f
7859,중산동,4729011000,경상북도,2026-01-13 13:16:54.70784,2026-01-13 13:16:54.707842,f
7860,정평동,4729011100,경상북도,2026-01-13 13:16:54.711557,2026-01-13 13:16:54.711559,f
7861,대평동,4729011200,경상북도,2026-01-13 13:16:54.715112,2026-01-13 13:16:54.715114,f
7862,대정동,4729011300,경상북도,2026-01-13 13:16:54.719581,2026-01-13 13:16:54.719585,f
7863,임당동,4729011400,경상북도,2026-01-13 13:16:54.723541,2026-01-13 13:16:54.723543,f
7864,대동,4729011500,경상북도,2026-01-13 13:16:54.72696,2026-01-13 13:16:54.726962,f
7865,계양동,4729011600,경상북도,2026-01-13 13:16:54.731597,2026-01-13 13:16:54.731601,f
7866,중방동,4729011700,경상북도,2026-01-13 13:16:54.736315,2026-01-13 13:16:54.736317,f
7867,조영동,4729011800,경상북도,2026-01-13 13:16:54.740344,2026-01-13 13:16:54.740346,f
7868,남방동,4729011900,경상북도,2026-01-13 13:16:54.744202,2026-01-13 13:16:54.744204,f
7869,내동,4729012000,경상북도,2026-01-13 13:16:54.747686,2026-01-13 13:16:54.747687,f
7870,여천동,4729012100,경상북도,2026-01-13 13:16:54.751171,2026-01-13 13:16:54.751173,f
7871,유곡동,4729012200,경상북도,2026-01-13 13:16:54.755115,2026-01-13 13:16:54.755118,f
7872,신천동,4729012300,경상북도,2026-01-13 13:16:54.759262,2026-01-13 13:16:54.759264,f
7873,점촌동,4729012400,경상북도,2026-01-13 13:16:54.763262,2026-01-13 13:16:54.763265,f
7874,평산동,4729012500,경상북도,2026-01-13 13:16:54.767067,2026-01-13 13:16:54.767083,f
7875,사동,4729012600,경상북도,2026-01-13 13:16:54.770926,2026-01-13 13:16:54.770929,f
7876,삼풍동,4729012700,경상북도,2026-01-13 13:16:54.775498,2026-01-13 13:16:54.7755,f
7877,갑제동,4729012800,경상북도,2026-01-13 13:16:54.779712,2026-01-13 13:16:54.779714,f
7878,하양읍,4729025000,경상북도,2026-01-13 13:16:54.783654,2026-01-13 13:16:54.783657,f
7879,금락리,4729025021,경상북도,2026-01-13 13:16:54.788065,2026-01-13 13:16:54.78808,f
7880,동서리,4729025022,경상북도,2026-01-13 13:16:54.792034,2026-01-13 13:16:54.792037,f
7881,도리리,4729025023,경상북도,2026-01-13 13:16:54.796566,2026-01-13 13:16:54.796569,f
7882,서사리,4729025024,경상북도,2026-01-13 13:16:54.801056,2026-01-13 13:16:54.801058,f
7883,양지리,4729025025,경상북도,2026-01-13 13:16:54.804893,2026-01-13 13:16:54.804897,f
7884,사기리,4729025026,경상북도,2026-01-13 13:16:54.808927,2026-01-13 13:16:54.80893,f
7885,대곡리,4729025027,경상북도,2026-01-13 13:16:54.813322,2026-01-13 13:16:54.813324,f
7886,교리,4729025028,경상북도,2026-01-13 13:16:54.817814,2026-01-13 13:16:54.817817,f
7887,한사리,4729025029,경상북도,2026-01-13 13:16:54.822039,2026-01-13 13:16:54.822043,f
7888,대학리,4729025030,경상북도,2026-01-13 13:16:54.825715,2026-01-13 13:16:54.825716,f
7889,부호리,4729025031,경상북도,2026-01-13 13:16:54.829563,2026-01-13 13:16:54.829565,f
7890,은호리,4729025032,경상북도,2026-01-13 13:16:54.833427,2026-01-13 13:16:54.833429,f
7891,남하리,4729025033,경상북도,2026-01-13 13:16:54.83762,2026-01-13 13:16:54.837621,f
7892,청천리,4729025034,경상북도,2026-01-13 13:16:54.84169,2026-01-13 13:16:54.841692,f
7893,환상리,4729025035,경상북도,2026-01-13 13:16:54.845802,2026-01-13 13:16:54.845804,f
7894,대조리,4729025036,경상북도,2026-01-13 13:16:54.849498,2026-01-13 13:16:54.8495,f
7895,진량읍,4729025300,경상북도,2026-01-13 13:16:54.853965,2026-01-13 13:16:54.853968,f
7896,신상리,4729025321,경상북도,2026-01-13 13:16:54.858179,2026-01-13 13:16:54.858181,f
7897,선화리,4729025322,경상북도,2026-01-13 13:16:54.861966,2026-01-13 13:16:54.861968,f
7898,보인리,4729025323,경상북도,2026-01-13 13:16:54.865934,2026-01-13 13:16:54.865937,f
7899,봉회리,4729025324,경상북도,2026-01-13 13:16:54.86969,2026-01-13 13:16:54.869692,f
7900,북리,4729025325,경상북도,2026-01-13 13:16:54.873701,2026-01-13 13:16:54.873703,f
7901,부기리,4729025326,경상북도,2026-01-13 13:16:54.878037,2026-01-13 13:16:54.878039,f
7902,양기리,4729025327,경상북도,2026-01-13 13:16:54.882175,2026-01-13 13:16:54.882178,f
7903,상림리,4729025328,경상북도,2026-01-13 13:16:54.886455,2026-01-13 13:16:54.886458,f
7904,내리리,4729025329,경상북도,2026-01-13 13:16:54.890745,2026-01-13 13:16:54.890748,f
7905,문천리,4729025330,경상북도,2026-01-13 13:16:54.895027,2026-01-13 13:16:54.895029,f
7906,평(坪)사리,4729025331,경상북도,2026-01-13 13:16:54.899117,2026-01-13 13:16:54.899119,f
7907,평(平)사리,4729025332,경상북도,2026-01-13 13:16:54.903032,2026-01-13 13:16:54.903034,f
7908,다문리,4729025333,경상북도,2026-01-13 13:16:54.907475,2026-01-13 13:16:54.907478,f
7909,아사리,4729025334,경상북도,2026-01-13 13:16:54.911403,2026-01-13 13:16:54.911405,f
7910,시문리,4729025335,경상북도,2026-01-13 13:16:54.915214,2026-01-13 13:16:54.915217,f
7911,현내리,4729025336,경상북도,2026-01-13 13:16:54.919938,2026-01-13 13:16:54.919941,f
7912,마곡리,4729025337,경상북도,2026-01-13 13:16:54.924056,2026-01-13 13:16:54.924058,f
7913,광석리,4729025338,경상북도,2026-01-13 13:16:54.927981,2026-01-13 13:16:54.927984,f
7914,신제리,4729025339,경상북도,2026-01-13 13:16:54.932505,2026-01-13 13:16:54.932507,f
7915,대원리,4729025340,경상북도,2026-01-13 13:16:54.937249,2026-01-13 13:16:54.937251,f
7916,속초리,4729025341,경상북도,2026-01-13 13:16:54.941765,2026-01-13 13:16:54.941767,f
7917,안촌리,4729025342,경상북도,2026-01-13 13:16:54.945831,2026-01-13 13:16:54.945834,f
7918,황제리,4729025343,경상북도,2026-01-13 13:16:54.949828,2026-01-13 13:16:54.94983,f
7919,당곡리,4729025344,경상북도,2026-01-13 13:16:54.953427,2026-01-13 13:16:54.953429,f
7920,가야리,4729025345,경상북도,2026-01-13 13:16:54.958126,2026-01-13 13:16:54.958128,f
7921,압량읍,4729025600,경상북도,2026-01-13 13:16:54.962423,2026-01-13 13:16:54.962425,f
7922,부적리,4729025621,경상북도,2026-01-13 13:16:54.966119,2026-01-13 13:16:54.966121,f
7923,신대리,4729025622,경상북도,2026-01-13 13:16:54.970565,2026-01-13 13:16:54.970568,f
7924,압량리,4729025623,경상북도,2026-01-13 13:16:54.975424,2026-01-13 13:16:54.975427,f
7925,용암리,4729025624,경상북도,2026-01-13 13:16:54.979902,2026-01-13 13:16:54.979905,f
7926,금구리,4729025625,경상북도,2026-01-13 13:16:54.983746,2026-01-13 13:16:54.983748,f
7927,현흥리,4729025626,경상북도,2026-01-13 13:16:54.987852,2026-01-13 13:16:54.987854,f
7928,인안리,4729025627,경상북도,2026-01-13 13:16:54.993784,2026-01-13 13:16:54.993787,f
7929,의송리,4729025628,경상북도,2026-01-13 13:16:54.999935,2026-01-13 13:16:54.999937,f
7930,신촌리,4729025629,경상북도,2026-01-13 13:16:55.004383,2026-01-13 13:16:55.004386,f
7931,내리,4729025630,경상북도,2026-01-13 13:16:55.00814,2026-01-13 13:16:55.008142,f
7932,가일리,4729025631,경상북도,2026-01-13 13:16:55.013426,2026-01-13 13:16:55.013428,f
7933,당음리,4729025632,경상북도,2026-01-13 13:16:55.018745,2026-01-13 13:16:55.018748,f
7934,신월리,4729025633,경상북도,2026-01-13 13:16:55.022658,2026-01-13 13:16:55.02266,f
7935,백안리,4729025634,경상북도,2026-01-13 13:16:55.026435,2026-01-13 13:16:55.026437,f
7936,강서리,4729025635,경상북도,2026-01-13 13:16:55.030777,2026-01-13 13:16:55.030779,f
7937,당리리,4729025636,경상북도,2026-01-13 13:16:55.035041,2026-01-13 13:16:55.035043,f
7938,와촌면,4729031000,경상북도,2026-01-13 13:16:55.039754,2026-01-13 13:16:55.039756,f
7939,소월리,4729031021,경상북도,2026-01-13 13:16:55.043644,2026-01-13 13:16:55.043646,f
7940,덕촌리,4729031022,경상북도,2026-01-13 13:16:55.047314,2026-01-13 13:16:55.047317,f
7941,시천리,4729031023,경상북도,2026-01-13 13:16:55.052396,2026-01-13 13:16:55.052399,f
7942,용천리,4729031024,경상북도,2026-01-13 13:16:55.057114,2026-01-13 13:16:55.057116,f
7943,계당리,4729031025,경상북도,2026-01-13 13:16:55.061037,2026-01-13 13:16:55.061039,f
7944,상암리,4729031026,경상북도,2026-01-13 13:16:55.064923,2026-01-13 13:16:55.064925,f
7945,계전리,4729031027,경상북도,2026-01-13 13:16:55.068764,2026-01-13 13:16:55.068766,f
7946,동강리,4729031028,경상북도,2026-01-13 13:16:55.072861,2026-01-13 13:16:55.072863,f
7947,박사리,4729031029,경상북도,2026-01-13 13:16:55.077055,2026-01-13 13:16:55.077058,f
7948,대동리,4729031030,경상북도,2026-01-13 13:16:55.081172,2026-01-13 13:16:55.081173,f
7949,대한리,4729031031,경상북도,2026-01-13 13:16:55.085538,2026-01-13 13:16:55.08554,f
7950,신한리,4729031032,경상북도,2026-01-13 13:16:55.090014,2026-01-13 13:16:55.090016,f
7951,강학리,4729031033,경상북도,2026-01-13 13:16:55.094149,2026-01-13 13:16:55.094152,f
7952,음양리,4729031034,경상북도,2026-01-13 13:16:55.099699,2026-01-13 13:16:55.099704,f
7953,용성면,4729034000,경상북도,2026-01-13 13:16:55.108194,2026-01-13 13:16:55.108198,f
7954,당리리,4729034021,경상북도,2026-01-13 13:16:55.113764,2026-01-13 13:16:55.113768,f
7955,덕천리,4729034022,경상북도,2026-01-13 13:16:55.122934,2026-01-13 13:16:55.122937,f
7956,송림리,4729034023,경상북도,2026-01-13 13:16:55.12715,2026-01-13 13:16:55.127153,f
7957,부제리,4729034024,경상북도,2026-01-13 13:16:55.131586,2026-01-13 13:16:55.131591,f
7958,곡신리,4729034025,경상북도,2026-01-13 13:16:55.136011,2026-01-13 13:16:55.136014,f
7959,곡란리,4729034026,경상북도,2026-01-13 13:16:55.140589,2026-01-13 13:16:55.140592,f
7960,용산리,4729034027,경상북도,2026-01-13 13:16:55.145093,2026-01-13 13:16:55.145095,f
7961,매남리,4729034028,경상북도,2026-01-13 13:16:55.148803,2026-01-13 13:16:55.148804,f
7962,내촌리,4729034029,경상북도,2026-01-13 13:16:55.152654,2026-01-13 13:16:55.152656,f
7963,외촌리,4729034030,경상북도,2026-01-13 13:16:55.156715,2026-01-13 13:16:55.156717,f
7964,도덕리,4729034031,경상북도,2026-01-13 13:16:55.161009,2026-01-13 13:16:55.16101,f
7965,고죽리,4729034032,경상북도,2026-01-13 13:16:55.16506,2026-01-13 13:16:55.165062,f
7966,미산리,4729034033,경상북도,2026-01-13 13:16:55.169276,2026-01-13 13:16:55.169278,f
7967,고은리,4729034034,경상북도,2026-01-13 13:16:55.173644,2026-01-13 13:16:55.173646,f
7968,대종리,4729034036,경상북도,2026-01-13 13:16:55.17836,2026-01-13 13:16:55.178362,f
7969,가척리,4729034037,경상북도,2026-01-13 13:16:55.18196,2026-01-13 13:16:55.181962,f
7970,용천리,4729034038,경상북도,2026-01-13 13:16:55.186882,2026-01-13 13:16:55.186884,f
7971,용전리,4729034039,경상북도,2026-01-13 13:16:55.190822,2026-01-13 13:16:55.190823,f
7972,부일리,4729034040,경상북도,2026-01-13 13:16:55.194816,2026-01-13 13:16:55.194819,f
7973,일광리,4729034041,경상북도,2026-01-13 13:16:55.200325,2026-01-13 13:16:55.200327,f
7974,남산면,4729035000,경상북도,2026-01-13 13:16:55.20526,2026-01-13 13:16:55.205265,f
7975,산양리,4729035021,경상북도,2026-01-13 13:16:55.209881,2026-01-13 13:16:55.209884,f
7976,경리,4729035022,경상북도,2026-01-13 13:16:55.214154,2026-01-13 13:16:55.214157,f
7977,남곡리,4729035023,경상북도,2026-01-13 13:16:55.21857,2026-01-13 13:16:55.218572,f
7978,갈지리,4729035024,경상북도,2026-01-13 13:16:55.222738,2026-01-13 13:16:55.22274,f
7979,평기리,4729035025,경상북도,2026-01-13 13:16:55.226473,2026-01-13 13:16:55.226475,f
7980,안심리,4729035026,경상북도,2026-01-13 13:16:55.230658,2026-01-13 13:16:55.23066,f
7981,흥정리,4729035027,경상북도,2026-01-13 13:16:55.234709,2026-01-13 13:16:55.234711,f
7982,사림리,4729035028,경상북도,2026-01-13 13:16:55.239547,2026-01-13 13:16:55.239551,f
7983,연하리,4729035029,경상북도,2026-01-13 13:16:55.243489,2026-01-13 13:16:55.243492,f
7984,우검리,4729035030,경상북도,2026-01-13 13:16:55.247777,2026-01-13 13:16:55.24778,f
7985,사월리,4729035031,경상북도,2026-01-13 13:16:55.252997,2026-01-13 13:16:55.252999,f
7986,송내리,4729035032,경상북도,2026-01-13 13:16:55.257349,2026-01-13 13:16:55.257352,f
7987,조곡리,4729035033,경상북도,2026-01-13 13:16:55.261383,2026-01-13 13:16:55.261385,f
7988,전지리,4729035034,경상북도,2026-01-13 13:16:55.265021,2026-01-13 13:16:55.265024,f
7989,반곡리,4729035035,경상북도,2026-01-13 13:16:55.268784,2026-01-13 13:16:55.268787,f
7990,상대리,4729035036,경상북도,2026-01-13 13:16:55.272803,2026-01-13 13:16:55.272804,f
7991,하대리,4729035037,경상북도,2026-01-13 13:16:55.277609,2026-01-13 13:16:55.277615,f
7992,인흥리,4729035038,경상북도,2026-01-13 13:16:55.281838,2026-01-13 13:16:55.281841,f
7993,남천면,4729037000,경상북도,2026-01-13 13:16:55.285872,2026-01-13 13:16:55.285875,f
7994,구일리,4729037021,경상북도,2026-01-13 13:16:55.291175,2026-01-13 13:16:55.291179,f
7995,협석리,4729037022,경상북도,2026-01-13 13:16:55.296553,2026-01-13 13:16:55.296555,f
7996,산전리,4729037023,경상북도,2026-01-13 13:16:55.300458,2026-01-13 13:16:55.30046,f
7997,대명리,4729037024,경상북도,2026-01-13 13:16:55.304041,2026-01-13 13:16:55.304043,f
7998,신석리,4729037025,경상북도,2026-01-13 13:16:55.307824,2026-01-13 13:16:55.307827,f
7999,삼성리,4729037026,경상북도,2026-01-13 13:16:55.31168,2026-01-13 13:16:55.311682,f
8000,금곡리,4729037027,경상북도,2026-01-13 13:16:55.31558,2026-01-13 13:16:55.315583,f
8001,송백리,4729037028,경상북도,2026-01-13 13:16:55.320097,2026-01-13 13:16:55.3201,f
8002,신방리,4729037029,경상북도,2026-01-13 13:16:55.323734,2026-01-13 13:16:55.323736,f
8003,흥산리,4729037030,경상북도,2026-01-13 13:16:55.327372,2026-01-13 13:16:55.327374,f
8004,원리,4729037031,경상북도,2026-01-13 13:16:55.331993,2026-01-13 13:16:55.331997,f
8005,하도리,4729037032,경상북도,2026-01-13 13:16:55.336908,2026-01-13 13:16:55.33691,f
8006,의성군,4773000000,경상북도,2026-01-13 13:16:55.34121,2026-01-13 13:16:55.341212,f
8007,의성읍,4773025000,경상북도,2026-01-13 13:16:55.344958,2026-01-13 13:16:55.34496,f
8008,후죽리,4773025021,경상북도,2026-01-13 13:16:55.348644,2026-01-13 13:16:55.348646,f
8009,중리리,4773025022,경상북도,2026-01-13 13:16:55.352526,2026-01-13 13:16:55.352528,f
8010,상리리,4773025023,경상북도,2026-01-13 13:16:55.357062,2026-01-13 13:16:55.357065,f
8011,도동리,4773025024,경상북도,2026-01-13 13:16:55.361422,2026-01-13 13:16:55.361425,f
8012,도서리,4773025025,경상북도,2026-01-13 13:16:55.365135,2026-01-13 13:16:55.365136,f
8013,치선리,4773025026,경상북도,2026-01-13 13:16:55.369834,2026-01-13 13:16:55.369837,f
8014,오로리,4773025027,경상북도,2026-01-13 13:16:55.374212,2026-01-13 13:16:55.374215,f
8015,비봉리,4773025028,경상북도,2026-01-13 13:16:55.378302,2026-01-13 13:16:55.378304,f
8016,팔성리,4773025029,경상북도,2026-01-13 13:16:55.382012,2026-01-13 13:16:55.382014,f
8017,용연리,4773025030,경상북도,2026-01-13 13:16:55.386634,2026-01-13 13:16:55.386637,f
8018,원당리,4773025031,경상북도,2026-01-13 13:16:55.390512,2026-01-13 13:16:55.390513,f
8019,철파리,4773025032,경상북도,2026-01-13 13:16:55.395595,2026-01-13 13:16:55.395598,f
8020,업리,4773025033,경상북도,2026-01-13 13:16:55.401458,2026-01-13 13:16:55.401461,f
8021,단촌면,4773031000,경상북도,2026-01-13 13:16:55.407975,2026-01-13 13:16:55.407978,f
8022,세촌리,4773031030,경상북도,2026-01-13 13:16:55.413512,2026-01-13 13:16:55.413517,f
8023,하화리,4773031031,경상북도,2026-01-13 13:16:55.419444,2026-01-13 13:16:55.419447,f
8024,상화리,4773031032,경상북도,2026-01-13 13:16:55.42442,2026-01-13 13:16:55.424423,f
8025,관덕리,4773031033,경상북도,2026-01-13 13:16:55.428787,2026-01-13 13:16:55.428791,f
8026,병방리,4773031034,경상북도,2026-01-13 13:16:55.432911,2026-01-13 13:16:55.432913,f
8027,구계리,4773031035,경상북도,2026-01-13 13:16:55.437158,2026-01-13 13:16:55.43716,f
8028,방하리,4773031036,경상북도,2026-01-13 13:16:55.441997,2026-01-13 13:16:55.441999,f
8029,장림리,4773031037,경상북도,2026-01-13 13:16:55.446139,2026-01-13 13:16:55.446142,f
8030,후평리,4773031038,경상북도,2026-01-13 13:16:55.450183,2026-01-13 13:16:55.450185,f
8031,점곡면,4773032000,경상북도,2026-01-13 13:16:55.455268,2026-01-13 13:16:55.45527,f
8032,서변리,4773032029,경상북도,2026-01-13 13:16:55.459283,2026-01-13 13:16:55.459284,f
8033,황룡리,4773032030,경상북도,2026-01-13 13:16:55.463488,2026-01-13 13:16:55.46349,f
8034,구암리,4773032031,경상북도,2026-01-13 13:16:55.46743,2026-01-13 13:16:55.467434,f
8035,명고리,4773032032,경상북도,2026-01-13 13:16:55.474215,2026-01-13 13:16:55.474217,f
8036,동변리,4773032033,경상북도,2026-01-13 13:16:55.478783,2026-01-13 13:16:55.478786,f
8037,사촌리,4773032034,경상북도,2026-01-13 13:16:55.48486,2026-01-13 13:16:55.484862,f
8038,송내리,4773032035,경상북도,2026-01-13 13:16:55.490313,2026-01-13 13:16:55.490315,f
8039,윤암리,4773032036,경상북도,2026-01-13 13:16:55.497256,2026-01-13 13:16:55.497259,f
8040,옥산면,4773033000,경상북도,2026-01-13 13:16:55.5013,2026-01-13 13:16:55.501302,f
8041,구성리,4773033031,경상북도,2026-01-13 13:16:55.505144,2026-01-13 13:16:55.505146,f
8042,정자리,4773033032,경상북도,2026-01-13 13:16:55.508772,2026-01-13 13:16:55.508774,f
8043,감계리,4773033033,경상북도,2026-01-13 13:16:55.512722,2026-01-13 13:16:55.512724,f
8044,실업리,4773033034,경상북도,2026-01-13 13:16:55.519239,2026-01-13 13:16:55.519241,f
8045,오류리,4773033035,경상북도,2026-01-13 13:16:55.523008,2026-01-13 13:16:55.523009,f
8046,금봉리,4773033036,경상북도,2026-01-13 13:16:55.526683,2026-01-13 13:16:55.526684,f
8047,전흥리,4773033037,경상북도,2026-01-13 13:16:55.531536,2026-01-13 13:16:55.53155,f
8048,입암리,4773033038,경상북도,2026-01-13 13:16:55.536304,2026-01-13 13:16:55.536306,f
8049,신계리,4773033039,경상북도,2026-01-13 13:16:55.540673,2026-01-13 13:16:55.540675,f
8050,금학리,4773033040,경상북도,2026-01-13 13:16:55.544606,2026-01-13 13:16:55.544658,f
8051,사곡면,4773034000,경상북도,2026-01-13 13:16:55.549048,2026-01-13 13:16:55.54905,f
8052,양지리,4773034031,경상북도,2026-01-13 13:16:55.553624,2026-01-13 13:16:55.553626,f
8053,음지리,4773034032,경상북도,2026-01-13 13:16:55.55811,2026-01-13 13:16:55.558112,f
8054,오상리,4773034033,경상북도,2026-01-13 13:16:55.562336,2026-01-13 13:16:55.562338,f
8055,신감리,4773034034,경상북도,2026-01-13 13:16:55.566796,2026-01-13 13:16:55.5668,f
8056,매곡리,4773034035,경상북도,2026-01-13 13:16:55.572174,2026-01-13 13:16:55.572177,f
8057,공정리,4773034036,경상북도,2026-01-13 13:16:55.57683,2026-01-13 13:16:55.576832,f
8058,화전리,4773034037,경상북도,2026-01-13 13:16:55.580722,2026-01-13 13:16:55.580724,f
8059,신리리,4773034038,경상북도,2026-01-13 13:16:55.585155,2026-01-13 13:16:55.585157,f
8060,작승리,4773034039,경상북도,2026-01-13 13:16:55.590177,2026-01-13 13:16:55.59018,f
8061,토현리,4773034040,경상북도,2026-01-13 13:16:55.595795,2026-01-13 13:16:55.5958,f
8062,춘산면,4773035000,경상북도,2026-01-13 13:16:55.603341,2026-01-13 13:16:55.603343,f
8063,옥정리,4773035029,경상북도,2026-01-13 13:16:55.607877,2026-01-13 13:16:55.607879,f
8064,금오리,4773035030,경상북도,2026-01-13 13:16:55.614341,2026-01-13 13:16:55.614345,f
8065,신흥리,4773035031,경상북도,2026-01-13 13:16:55.619792,2026-01-13 13:16:55.619796,f
8066,대사리,4773035032,경상북도,2026-01-13 13:16:55.624579,2026-01-13 13:16:55.624582,f
8067,금천리,4773035033,경상북도,2026-01-13 13:16:55.62843,2026-01-13 13:16:55.628433,f
8068,빙계리,4773035034,경상북도,2026-01-13 13:16:55.635597,2026-01-13 13:16:55.6356,f
8069,사미리,4773035035,경상북도,2026-01-13 13:16:55.640712,2026-01-13 13:16:55.640714,f
8070,효선리,4773035036,경상북도,2026-01-13 13:16:55.645057,2026-01-13 13:16:55.64506,f
8071,가음면,4773036000,경상북도,2026-01-13 13:16:55.649014,2026-01-13 13:16:55.649016,f
8072,장리,4773036028,경상북도,2026-01-13 13:16:55.654642,2026-01-13 13:16:55.654645,f
8073,이리,4773036029,경상북도,2026-01-13 13:16:55.659056,2026-01-13 13:16:55.659058,f
8074,양지리,4773036030,경상북도,2026-01-13 13:16:55.663254,2026-01-13 13:16:55.663257,f
8075,가산리,4773036031,경상북도,2026-01-13 13:16:55.667272,2026-01-13 13:16:55.667273,f
8076,귀천리,4773036032,경상북도,2026-01-13 13:16:55.67134,2026-01-13 13:16:55.671342,f
8077,순호리,4773036033,경상북도,2026-01-13 13:16:55.675632,2026-01-13 13:16:55.675634,f
8078,현리리,4773036034,경상북도,2026-01-13 13:16:55.682387,2026-01-13 13:16:55.68239,f
8079,금성면,4773037000,경상북도,2026-01-13 13:16:55.686657,2026-01-13 13:16:55.686659,f
8080,탑리리,4773037036,경상북도,2026-01-13 13:16:55.690773,2026-01-13 13:16:55.690776,f
8081,대리리,4773037037,경상북도,2026-01-13 13:16:55.695751,2026-01-13 13:16:55.695754,f
8082,학미리,4773037038,경상북도,2026-01-13 13:16:55.703573,2026-01-13 13:16:55.703579,f
8083,제오리,4773037039,경상북도,2026-01-13 13:16:55.711234,2026-01-13 13:16:55.711236,f
8084,운곡리,4773037040,경상북도,2026-01-13 13:16:55.719208,2026-01-13 13:16:55.719212,f
8085,만천리,4773037041,경상북도,2026-01-13 13:16:55.724842,2026-01-13 13:16:55.724844,f
8086,하리,4773037042,경상북도,2026-01-13 13:16:55.72892,2026-01-13 13:16:55.728922,f
8087,초전리,4773037043,경상북도,2026-01-13 13:16:55.733035,2026-01-13 13:16:55.733037,f
8088,구련리,4773037044,경상북도,2026-01-13 13:16:55.737225,2026-01-13 13:16:55.737229,f
8089,명덕리,4773037045,경상북도,2026-01-13 13:16:55.742981,2026-01-13 13:16:55.742983,f
8090,도경리,4773037046,경상북도,2026-01-13 13:16:55.747055,2026-01-13 13:16:55.747057,f
8091,개일리,4773037047,경상북도,2026-01-13 13:16:55.750874,2026-01-13 13:16:55.750877,f
8092,청로리,4773037048,경상북도,2026-01-13 13:16:55.754703,2026-01-13 13:16:55.754704,f
8093,산운리,4773037049,경상북도,2026-01-13 13:16:55.758884,2026-01-13 13:16:55.758886,f
8094,수정리,4773037050,경상북도,2026-01-13 13:16:55.763053,2026-01-13 13:16:55.763055,f
8095,봉양면,4773038000,경상북도,2026-01-13 13:16:55.76694,2026-01-13 13:16:55.766942,f
8096,삼산리,4773038034,경상북도,2026-01-13 13:16:55.773859,2026-01-13 13:16:55.773862,f
8097,장대리,4773038035,경상북도,2026-01-13 13:16:55.7783,2026-01-13 13:16:55.778303,f
8098,풍리리,4773038036,경상북도,2026-01-13 13:16:55.78224,2026-01-13 13:16:55.782243,f
8099,구산리,4773038037,경상북도,2026-01-13 13:16:55.786515,2026-01-13 13:16:55.786518,f
8100,신평리,4773038038,경상북도,2026-01-13 13:16:55.79021,2026-01-13 13:16:55.790211,f
8101,도원리,4773038039,경상북도,2026-01-13 13:16:55.794329,2026-01-13 13:16:55.794331,f
8102,화전리,4773038040,경상북도,2026-01-13 13:16:55.799766,2026-01-13 13:16:55.799768,f
8103,사부리,4773038041,경상북도,2026-01-13 13:16:55.805092,2026-01-13 13:16:55.805096,f
8104,구미리,4773038042,경상북도,2026-01-13 13:16:55.810302,2026-01-13 13:16:55.810305,f
8105,길천리,4773038043,경상북도,2026-01-13 13:16:55.814514,2026-01-13 13:16:55.814516,f
8106,문흥리,4773038044,경상북도,2026-01-13 13:16:55.82113,2026-01-13 13:16:55.821132,f
8107,분토리,4773038045,경상북도,2026-01-13 13:16:55.8249,2026-01-13 13:16:55.824903,f
8108,안평리,4773038046,경상북도,2026-01-13 13:16:55.828814,2026-01-13 13:16:55.828816,f
8109,비안면,4773039000,경상북도,2026-01-13 13:16:55.832521,2026-01-13 13:16:55.832522,f
8110,동부리,4773039035,경상북도,2026-01-13 13:16:55.836563,2026-01-13 13:16:55.836565,f
8111,서부리,4773039036,경상북도,2026-01-13 13:16:55.840994,2026-01-13 13:16:55.840996,f
8112,옥연리,4773039037,경상북도,2026-01-13 13:16:55.845047,2026-01-13 13:16:55.84505,f
8113,용천리,4773039038,경상북도,2026-01-13 13:16:55.850155,2026-01-13 13:16:55.850158,f
8114,용남리,4773039039,경상북도,2026-01-13 13:16:55.854645,2026-01-13 13:16:55.854647,f
8115,이두리,4773039040,경상북도,2026-01-13 13:16:55.858765,2026-01-13 13:16:55.858767,f
8116,외곡리,4773039041,경상북도,2026-01-13 13:16:55.862942,2026-01-13 13:16:55.862945,f
8117,자락리,4773039042,경상북도,2026-01-13 13:16:55.867527,2026-01-13 13:16:55.867529,f
8118,현산리,4773039043,경상북도,2026-01-13 13:16:55.872365,2026-01-13 13:16:55.87237,f
8119,산제리,4773039044,경상북도,2026-01-13 13:16:55.87812,2026-01-13 13:16:55.878122,f
8120,화신리,4773039045,경상북도,2026-01-13 13:16:55.882552,2026-01-13 13:16:55.882555,f
8121,쌍계리,4773039046,경상북도,2026-01-13 13:16:55.88698,2026-01-13 13:16:55.886983,f
8122,도암리,4773039047,경상북도,2026-01-13 13:16:55.891555,2026-01-13 13:16:55.891557,f
8123,장춘리,4773039048,경상북도,2026-01-13 13:16:55.89596,2026-01-13 13:16:55.895962,f
8124,구천면,4773040000,경상북도,2026-01-13 13:16:55.900159,2026-01-13 13:16:55.900161,f
8125,위성리,4773040031,경상북도,2026-01-13 13:16:55.9039,2026-01-13 13:16:55.903903,f
8126,모흥리,4773040032,경상북도,2026-01-13 13:16:55.908245,2026-01-13 13:16:55.908248,f
8127,조성리,4773040033,경상북도,2026-01-13 13:16:55.913147,2026-01-13 13:16:55.913149,f
8128,장국리,4773040034,경상북도,2026-01-13 13:16:55.91829,2026-01-13 13:16:55.918293,f
8129,소호리,4773040035,경상북도,2026-01-13 13:16:55.922774,2026-01-13 13:16:55.922776,f
8130,용사리,4773040036,경상북도,2026-01-13 13:16:55.927131,2026-01-13 13:16:55.927133,f
8131,내산리,4773040037,경상북도,2026-01-13 13:16:55.934277,2026-01-13 13:16:55.93428,f
8132,유산리,4773040038,경상북도,2026-01-13 13:16:55.939745,2026-01-13 13:16:55.939748,f
8133,미천리,4773040039,경상북도,2026-01-13 13:16:55.944051,2026-01-13 13:16:55.944053,f
8134,청산리,4773040040,경상북도,2026-01-13 13:16:55.94769,2026-01-13 13:16:55.947692,f
8135,단밀면,4773041000,경상북도,2026-01-13 13:16:55.951766,2026-01-13 13:16:55.951768,f
8136,속암리,4773041029,경상북도,2026-01-13 13:16:55.955946,2026-01-13 13:16:55.955949,f
8137,용곡리,4773041030,경상북도,2026-01-13 13:16:55.960582,2026-01-13 13:16:55.960584,f
8138,위중리,4773041031,경상북도,2026-01-13 13:16:55.964752,2026-01-13 13:16:55.964754,f
8139,주선리,4773041032,경상북도,2026-01-13 13:16:55.968795,2026-01-13 13:16:55.968797,f
8140,서제리,4773041033,경상북도,2026-01-13 13:16:55.972955,2026-01-13 13:16:55.972956,f
8141,팔등리,4773041034,경상북도,2026-01-13 13:16:55.977185,2026-01-13 13:16:55.977187,f
8142,생송리,4773041035,경상북도,2026-01-13 13:16:55.98196,2026-01-13 13:16:55.981962,f
8143,낙정리,4773041036,경상북도,2026-01-13 13:16:55.98624,2026-01-13 13:16:55.986242,f
8144,단북면,4773042000,경상북도,2026-01-13 13:16:55.990521,2026-01-13 13:16:55.990523,f
8145,이연리,4773042028,경상북도,2026-01-13 13:16:55.997053,2026-01-13 13:16:55.997058,f
8146,노연리,4773042029,경상북도,2026-01-13 13:16:56.002828,2026-01-13 13:16:56.002831,f
8147,정안리,4773042030,경상북도,2026-01-13 13:16:56.0067,2026-01-13 13:16:56.006702,f
8148,연제리,4773042031,경상북도,2026-01-13 13:16:56.011027,2026-01-13 13:16:56.01103,f
8149,효제리,4773042032,경상북도,2026-01-13 13:16:56.016655,2026-01-13 13:16:56.016658,f
8150,성암리,4773042033,경상북도,2026-01-13 13:16:56.0212,2026-01-13 13:16:56.021203,f
8151,신하리,4773042034,경상북도,2026-01-13 13:16:56.024996,2026-01-13 13:16:56.024998,f
8152,안계면,4773043000,경상북도,2026-01-13 13:16:56.028807,2026-01-13 13:16:56.028809,f
8153,용기리,4773043030,경상북도,2026-01-13 13:16:56.032746,2026-01-13 13:16:56.032749,f
8154,토매리,4773043031,경상북도,2026-01-13 13:16:56.036608,2026-01-13 13:16:56.03661,f
8155,위양리,4773043032,경상북도,2026-01-13 13:16:56.041039,2026-01-13 13:16:56.04104,f
8156,교촌리,4773043033,경상북도,2026-01-13 13:16:56.045156,2026-01-13 13:16:56.045157,f
8157,안정리,4773043034,경상북도,2026-01-13 13:16:56.048915,2026-01-13 13:16:56.048917,f
8158,봉양리,4773043035,경상북도,2026-01-13 13:16:56.053653,2026-01-13 13:16:56.053657,f
8159,도덕리,4773043036,경상북도,2026-01-13 13:16:56.058967,2026-01-13 13:16:56.05897,f
8160,양곡리,4773043037,경상북도,2026-01-13 13:16:56.063243,2026-01-13 13:16:56.063245,f
8161,시안리,4773043038,경상북도,2026-01-13 13:16:56.066982,2026-01-13 13:16:56.066985,f
8162,다인면,4773044000,경상북도,2026-01-13 13:16:56.070617,2026-01-13 13:16:56.070618,f
8163,서릉리,4773044036,경상북도,2026-01-13 13:16:56.075462,2026-01-13 13:16:56.075464,f
8164,산내리,4773044037,경상북도,2026-01-13 13:16:56.079286,2026-01-13 13:16:56.079288,f
8165,가원리,4773044038,경상북도,2026-01-13 13:16:56.084056,2026-01-13 13:16:56.084059,f
8166,송호리,4773044039,경상북도,2026-01-13 13:16:56.08796,2026-01-13 13:16:56.087963,f
8167,도암리,4773044040,경상북도,2026-01-13 13:16:56.091944,2026-01-13 13:16:56.091947,f
8168,평림리,4773044041,경상북도,2026-01-13 13:16:56.098663,2026-01-13 13:16:56.098665,f
8169,덕지리,4773044042,경상북도,2026-01-13 13:16:56.103239,2026-01-13 13:16:56.103242,f
8170,덕미리,4773044043,경상북도,2026-01-13 13:16:56.107269,2026-01-13 13:16:56.107272,f
8171,양서리,4773044044,경상북도,2026-01-13 13:16:56.111299,2026-01-13 13:16:56.111301,f
8172,용곡리,4773044045,경상북도,2026-01-13 13:16:56.115109,2026-01-13 13:16:56.115112,f
8173,봉정리,4773044046,경상북도,2026-01-13 13:16:56.119031,2026-01-13 13:16:56.119033,f
8174,달제리,4773044047,경상북도,2026-01-13 13:16:56.12342,2026-01-13 13:16:56.123423,f
8175,삼분리,4773044048,경상북도,2026-01-13 13:16:56.127065,2026-01-13 13:16:56.127067,f
8176,외정리,4773044049,경상북도,2026-01-13 13:16:56.131046,2026-01-13 13:16:56.131048,f
8177,신락리,4773044050,경상북도,2026-01-13 13:16:56.135761,2026-01-13 13:16:56.135764,f
8178,용무리,4773044051,경상북도,2026-01-13 13:16:56.140131,2026-01-13 13:16:56.140134,f
8179,신평면,4773045000,경상북도,2026-01-13 13:16:56.146147,2026-01-13 13:16:56.146149,f
8180,용봉리,4773045033,경상북도,2026-01-13 13:16:56.149747,2026-01-13 13:16:56.149748,f
8181,덕봉리,4773045034,경상북도,2026-01-13 13:16:56.15404,2026-01-13 13:16:56.154042,f
8182,중율리,4773045035,경상북도,2026-01-13 13:16:56.157881,2026-01-13 13:16:56.157882,f
8183,청운리,4773045036,경상북도,2026-01-13 13:16:56.163949,2026-01-13 13:16:56.163953,f
8184,교안리,4773045037,경상북도,2026-01-13 13:16:56.168479,2026-01-13 13:16:56.168481,f
8185,검곡리,4773045038,경상북도,2026-01-13 13:16:56.172752,2026-01-13 13:16:56.172754,f
8186,안평면,4773046000,경상북도,2026-01-13 13:16:56.17699,2026-01-13 13:16:56.176993,f
8187,창길리,4773046034,경상북도,2026-01-13 13:16:56.18124,2026-01-13 13:16:56.181243,f
8188,괴산리,4773046035,경상북도,2026-01-13 13:16:56.185632,2026-01-13 13:16:56.185635,f
8189,박곡리,4773046036,경상북도,2026-01-13 13:16:56.19136,2026-01-13 13:16:56.191362,f
8190,석탑리,4773046037,경상북도,2026-01-13 13:16:56.195401,2026-01-13 13:16:56.195403,f
8191,신월리,4773046038,경상북도,2026-01-13 13:16:56.199355,2026-01-13 13:16:56.199357,f
8192,신안리,4773046039,경상북도,2026-01-13 13:16:56.204829,2026-01-13 13:16:56.204832,f
8193,대사리,4773046040,경상북도,2026-01-13 13:16:56.209307,2026-01-13 13:16:56.209309,f
8194,도옥리,4773046041,경상북도,2026-01-13 13:16:56.214915,2026-01-13 13:16:56.214917,f
8195,마전리,4773046042,경상북도,2026-01-13 13:16:56.219592,2026-01-13 13:16:56.219595,f
8196,기도리,4773046043,경상북도,2026-01-13 13:16:56.224599,2026-01-13 13:16:56.224602,f
8197,금곡리,4773046044,경상북도,2026-01-13 13:16:56.229568,2026-01-13 13:16:56.229573,f
8198,하령리,4773046045,경상북도,2026-01-13 13:16:56.234749,2026-01-13 13:16:56.234751,f
8199,삼춘리,4773046046,경상북도,2026-01-13 13:16:56.239157,2026-01-13 13:16:56.239159,f
8200,안사면,4773047000,경상북도,2026-01-13 13:16:56.243491,2026-01-13 13:16:56.243494,f
8201,중하리,4773047021,경상북도,2026-01-13 13:16:56.247325,2026-01-13 13:16:56.247326,f
8202,안사리,4773047022,경상북도,2026-01-13 13:16:56.252489,2026-01-13 13:16:56.252494,f
8203,만리리,4773047023,경상북도,2026-01-13 13:16:56.257227,2026-01-13 13:16:56.257229,f
8204,신수리,4773047024,경상북도,2026-01-13 13:16:56.261948,2026-01-13 13:16:56.26195,f
8205,월소리,4773047025,경상북도,2026-01-13 13:16:56.266201,2026-01-13 13:16:56.266203,f
8206,쌍호리,4773047026,경상북도,2026-01-13 13:16:56.270133,2026-01-13 13:16:56.270136,f
8207,옥류리,4777034056,경상북도,2026-01-13 13:16:56.274365,2026-01-13 13:16:56.274367,f
8208,신애리,4777034057,경상북도,2026-01-13 13:16:56.278168,2026-01-13 13:16:56.27817,f
8209,축산면,4777035000,경상북도,2026-01-13 13:16:56.284553,2026-01-13 13:16:56.284555,f
8210,속곡리,4777034053,경상북도,2026-01-13 13:16:56.288458,2026-01-13 13:16:56.28846,f
8211,율전리,4777034054,경상북도,2026-01-13 13:16:56.292446,2026-01-13 13:16:56.292449,f
8212,도계리,4777034055,경상북도,2026-01-13 13:16:56.297487,2026-01-13 13:16:56.29749,f
8213,황장리,4777034051,경상북도,2026-01-13 13:16:56.30175,2026-01-13 13:16:56.301752,f
8214,신안리,4777034052,경상북도,2026-01-13 13:16:56.310332,2026-01-13 13:16:56.310337,f
8215,청송군,4775000000,경상북도,2026-01-13 13:16:56.317151,2026-01-13 13:16:56.317154,f
8216,원전리,4777034048,경상북도,2026-01-13 13:16:56.327034,2026-01-13 13:16:56.327038,f
8217,지품리,4777034049,경상북도,2026-01-13 13:16:56.333478,2026-01-13 13:16:56.333481,f
8218,기사리,4777034050,경상북도,2026-01-13 13:16:56.338453,2026-01-13 13:16:56.338457,f
8219,청송읍,4775025000,경상북도,2026-01-13 13:16:56.346664,2026-01-13 13:16:56.346666,f
8220,월막리,4775025021,경상북도,2026-01-13 13:16:56.353019,2026-01-13 13:16:56.353022,f
8221,덕리,4775025022,경상북도,2026-01-13 13:16:56.357293,2026-01-13 13:16:56.357295,f
8222,금곡리,4775025023,경상북도,2026-01-13 13:16:56.362585,2026-01-13 13:16:56.362587,f
8223,청운리,4775025024,경상북도,2026-01-13 13:16:56.366478,2026-01-13 13:16:56.36648,f
8224,송생리,4775025025,경상북도,2026-01-13 13:16:56.369919,2026-01-13 13:16:56.369921,f
8225,교리,4775025026,경상북도,2026-01-13 13:16:56.376978,2026-01-13 13:16:56.37698,f
8226,거대리,4775025027,경상북도,2026-01-13 13:16:56.381119,2026-01-13 13:16:56.381121,f
8227,월외리,4775025028,경상북도,2026-01-13 13:16:56.385406,2026-01-13 13:16:56.385408,f
8228,부곡리,4775025029,경상북도,2026-01-13 13:16:56.38917,2026-01-13 13:16:56.389172,f
8229,주왕산면,4775031500,경상북도,2026-01-13 13:16:56.392633,2026-01-13 13:16:56.392635,f
8230,상평리,4775031521,경상북도,2026-01-13 13:16:56.398707,2026-01-13 13:16:56.39871,f
8231,지리,4775031522,경상북도,2026-01-13 13:16:56.40345,2026-01-13 13:16:56.403453,f
8232,하의리,4775031523,경상북도,2026-01-13 13:16:56.407447,2026-01-13 13:16:56.407449,f
8233,상의리,4775031524,경상북도,2026-01-13 13:16:56.410937,2026-01-13 13:16:56.410939,f
8234,부일리,4775031525,경상북도,2026-01-13 13:16:56.414498,2026-01-13 13:16:56.4145,f
8235,신점리,4775031526,경상북도,2026-01-13 13:16:56.41846,2026-01-13 13:16:56.418463,f
8236,주산지리,4775031527,경상북도,2026-01-13 13:16:56.42336,2026-01-13 13:16:56.423363,f
8237,내룡리,4775031528,경상북도,2026-01-13 13:16:56.427131,2026-01-13 13:16:56.427133,f
8238,라리,4775031529,경상북도,2026-01-13 13:16:56.432341,2026-01-13 13:16:56.432344,f
8239,항리,4775031530,경상북도,2026-01-13 13:16:56.437337,2026-01-13 13:16:56.437339,f
8240,부남면,4775032000,경상북도,2026-01-13 13:16:56.444723,2026-01-13 13:16:56.444725,f
8241,낙평리,4777034045,경상북도,2026-01-13 13:16:56.448761,2026-01-13 13:16:56.448763,f
8242,수암리,4777034046,경상북도,2026-01-13 13:16:56.452993,2026-01-13 13:16:56.452995,f
8243,복곡리,4777034047,경상북도,2026-01-13 13:16:56.457575,2026-01-13 13:16:56.457577,f
8244,감연리,4775032030,경상북도,2026-01-13 13:16:56.46238,2026-01-13 13:16:56.462383,f
8245,대전리,4775032031,경상북도,2026-01-13 13:16:56.468314,2026-01-13 13:16:56.468316,f
8246,홍원리,4775032032,경상북도,2026-01-13 13:16:56.472894,2026-01-13 13:16:56.472896,f
8247,하속리,4775032033,경상북도,2026-01-13 13:16:56.477769,2026-01-13 13:16:56.477771,f
8248,구천리,4775032034,경상북도,2026-01-13 13:16:56.483218,2026-01-13 13:16:56.483224,f
8249,화장리,4775032035,경상북도,2026-01-13 13:16:56.487955,2026-01-13 13:16:56.487957,f
8250,이현리,4775032036,경상북도,2026-01-13 13:16:56.493857,2026-01-13 13:16:56.49386,f
8251,중기리,4775032037,경상북도,2026-01-13 13:16:56.498829,2026-01-13 13:16:56.498831,f
8252,양숙리,4775032038,경상북도,2026-01-13 13:16:56.503474,2026-01-13 13:16:56.503476,f
8253,현동면,4775033000,경상북도,2026-01-13 13:16:56.507488,2026-01-13 13:16:56.507491,f
8254,도평리,4775033028,경상북도,2026-01-13 13:16:56.513853,2026-01-13 13:16:56.513856,f
8255,거성리,4775033029,경상북도,2026-01-13 13:16:56.517865,2026-01-13 13:16:56.517867,f
8256,눌인리,4775033030,경상북도,2026-01-13 13:16:56.521951,2026-01-13 13:16:56.521953,f
8257,월매리,4775033031,경상북도,2026-01-13 13:16:56.525788,2026-01-13 13:16:56.52579,f
8258,개일리,4775033032,경상북도,2026-01-13 13:16:56.530404,2026-01-13 13:16:56.530406,f
8259,창양리,4775033033,경상북도,2026-01-13 13:16:56.535469,2026-01-13 13:16:56.535471,f
8260,인지리,4775033034,경상북도,2026-01-13 13:16:56.540417,2026-01-13 13:16:56.540418,f
8261,현서면,4775034000,경상북도,2026-01-13 13:16:56.544594,2026-01-13 13:16:56.544596,f
8262,백자리,4775034034,경상북도,2026-01-13 13:16:56.548405,2026-01-13 13:16:56.548407,f
8263,수락리,4775034035,경상북도,2026-01-13 13:16:56.552494,2026-01-13 13:16:56.552497,f
8264,무계리,4775034036,경상북도,2026-01-13 13:16:56.55664,2026-01-13 13:16:56.556642,f
8265,갈천리,4775034037,경상북도,2026-01-13 13:16:56.563008,2026-01-13 13:16:56.56301,f
8266,사촌리,4775034038,경상북도,2026-01-13 13:16:56.56706,2026-01-13 13:16:56.567061,f
8267,월정리,4775034039,경상북도,2026-01-13 13:16:56.570871,2026-01-13 13:16:56.570873,f
8268,도리,4775034040,경상북도,2026-01-13 13:16:56.575436,2026-01-13 13:16:56.575438,f
8269,모계리,4775034041,경상북도,2026-01-13 13:16:56.579664,2026-01-13 13:16:56.579667,f
8270,천천리,4775034042,경상북도,2026-01-13 13:16:56.583868,2026-01-13 13:16:56.583871,f
8271,구산리,4775034043,경상북도,2026-01-13 13:16:56.588018,2026-01-13 13:16:56.58802,f
8272,화목리,4775034044,경상북도,2026-01-13 13:16:56.592117,2026-01-13 13:16:56.59212,f
8273,덕계리,4775034045,경상북도,2026-01-13 13:16:56.596132,2026-01-13 13:16:56.596134,f
8274,두현리,4775034046,경상북도,2026-01-13 13:16:56.600151,2026-01-13 13:16:56.600153,f
8275,안덕면,4775035000,경상북도,2026-01-13 13:16:56.604424,2026-01-13 13:16:56.604426,f
8276,용덕리,4777034043,경상북도,2026-01-13 13:16:56.608582,2026-01-13 13:16:56.608584,f
8277,송천리,4777034044,경상북도,2026-01-13 13:16:56.612746,2026-01-13 13:16:56.612749,f
8278,명당리,4775035033,경상북도,2026-01-13 13:16:56.617506,2026-01-13 13:16:56.617507,f
8279,감은리,4775035034,경상북도,2026-01-13 13:16:56.621613,2026-01-13 13:16:56.621616,f
8280,장전리,4775035035,경상북도,2026-01-13 13:16:56.625542,2026-01-13 13:16:56.625544,f
8281,문거리,4775035036,경상북도,2026-01-13 13:16:56.631,2026-01-13 13:16:56.631002,f
8282,신성리,4775035037,경상북도,2026-01-13 13:16:56.635174,2026-01-13 13:16:56.635175,f
8283,근곡리,4775035038,경상북도,2026-01-13 13:16:56.639643,2026-01-13 13:16:56.639646,f
8284,노래리,4775035039,경상북도,2026-01-13 13:16:56.644756,2026-01-13 13:16:56.644758,f
8285,지소리,4775035040,경상북도,2026-01-13 13:16:56.648927,2026-01-13 13:16:56.648928,f
8286,고와리,4775035041,경상북도,2026-01-13 13:16:56.655154,2026-01-13 13:16:56.655157,f
8287,복리,4775035042,경상북도,2026-01-13 13:16:56.659623,2026-01-13 13:16:56.659626,f
8288,덕성리,4775035043,경상북도,2026-01-13 13:16:56.664854,2026-01-13 13:16:56.664857,f
8289,성재리,4775035044,경상북도,2026-01-13 13:16:56.669158,2026-01-13 13:16:56.669159,f
8290,파천면,4775036000,경상북도,2026-01-13 13:16:56.675549,2026-01-13 13:16:56.675551,f
8291,관리,4775036032,경상북도,2026-01-13 13:16:56.679922,2026-01-13 13:16:56.679924,f
8292,중평리,4775036033,경상북도,2026-01-13 13:16:56.68505,2026-01-13 13:16:56.685052,f
8293,덕천리,4775036034,경상북도,2026-01-13 13:16:56.689043,2026-01-13 13:16:56.689044,f
8294,신흥리,4775036035,경상북도,2026-01-13 13:16:56.693164,2026-01-13 13:16:56.69317,f
8295,지경리,4775036036,경상북도,2026-01-13 13:16:56.700638,2026-01-13 13:16:56.700642,f
8296,병부리,4775036037,경상북도,2026-01-13 13:16:56.705769,2026-01-13 13:16:56.705772,f
8297,황목리,4775036038,경상북도,2026-01-13 13:16:56.710771,2026-01-13 13:16:56.710774,f
8298,어천리,4775036039,경상북도,2026-01-13 13:16:56.715357,2026-01-13 13:16:56.71536,f
8299,송강리,4775036040,경상북도,2026-01-13 13:16:56.724739,2026-01-13 13:16:56.724742,f
8300,신기리,4775036041,경상북도,2026-01-13 13:16:56.730128,2026-01-13 13:16:56.730132,f
8301,옹점리,4775036042,경상북도,2026-01-13 13:16:56.734567,2026-01-13 13:16:56.734569,f
8302,진보면,4775037000,경상북도,2026-01-13 13:16:56.739038,2026-01-13 13:16:56.739042,f
8303,진안리,4775037036,경상북도,2026-01-13 13:16:56.746388,2026-01-13 13:16:56.746391,f
8304,이촌리,4775037037,경상북도,2026-01-13 13:16:56.750799,2026-01-13 13:16:56.750801,f
8305,후평리,4775037038,경상북도,2026-01-13 13:16:56.755129,2026-01-13 13:16:56.755132,f
8306,합강리,4775037039,경상북도,2026-01-13 13:16:56.759156,2026-01-13 13:16:56.759158,f
8307,기곡리,4775037040,경상북도,2026-01-13 13:16:56.764912,2026-01-13 13:16:56.764915,f
8308,추현리,4775037041,경상북도,2026-01-13 13:16:56.768757,2026-01-13 13:16:56.768759,f
8309,부곡리,4775037042,경상북도,2026-01-13 13:16:56.772911,2026-01-13 13:16:56.772914,f
8310,세장리,4775037043,경상북도,2026-01-13 13:16:56.777263,2026-01-13 13:16:56.777265,f
8311,신양리,4777034041,경상북도,2026-01-13 13:16:56.781507,2026-01-13 13:16:56.781509,f
8312,눌곡리,4777034042,경상북도,2026-01-13 13:16:56.785991,2026-01-13 13:16:56.785993,f
8313,광덕리,4775037044,경상북도,2026-01-13 13:16:56.79108,2026-01-13 13:16:56.791081,f
8314,각산리,4775037045,경상북도,2026-01-13 13:16:56.794955,2026-01-13 13:16:56.794957,f
8315,월전리,4775037046,경상북도,2026-01-13 13:16:56.799685,2026-01-13 13:16:56.799687,f
8316,시량리,4775037047,경상북도,2026-01-13 13:16:56.804195,2026-01-13 13:16:56.804198,f
8317,고현리,4775037048,경상북도,2026-01-13 13:16:56.808865,2026-01-13 13:16:56.808868,f
8318,신촌리,4775037049,경상북도,2026-01-13 13:16:56.81493,2026-01-13 13:16:56.814934,f
8319,괴정리,4775037050,경상북도,2026-01-13 13:16:56.820478,2026-01-13 13:16:56.82048,f
8320,영양군,4776000000,경상북도,2026-01-13 13:16:56.826392,2026-01-13 13:16:56.826396,f
8321,영양읍,4776025000,경상북도,2026-01-13 13:16:56.831783,2026-01-13 13:16:56.831786,f
8322,동부리,4776025021,경상북도,2026-01-13 13:16:56.83817,2026-01-13 13:16:56.838173,f
8323,서부리,4776025022,경상북도,2026-01-13 13:16:56.843487,2026-01-13 13:16:56.843491,f
8324,감천리,4776025023,경상북도,2026-01-13 13:16:56.849015,2026-01-13 13:16:56.849018,f
8325,전곡리,4776025024,경상북도,2026-01-13 13:16:56.853365,2026-01-13 13:16:56.853367,f
8326,황용리,4776025025,경상북도,2026-01-13 13:16:56.860908,2026-01-13 13:16:56.860911,f
8327,삼지리,4776025026,경상북도,2026-01-13 13:16:56.865717,2026-01-13 13:16:56.865718,f
8328,현리,4776025027,경상북도,2026-01-13 13:16:56.869707,2026-01-13 13:16:56.869708,f
8329,하원리,4776025028,경상북도,2026-01-13 13:16:56.873869,2026-01-13 13:16:56.873871,f
8330,오천리,4777034040,경상북도,2026-01-13 13:16:56.878335,2026-01-13 13:16:56.878339,f
8331,상원리,4776025029,경상북도,2026-01-13 13:16:56.88457,2026-01-13 13:16:56.884573,f
8332,무학리,4776025030,경상북도,2026-01-13 13:16:56.894256,2026-01-13 13:16:56.894263,f
8333,무창리,4776025031,경상북도,2026-01-13 13:16:56.903485,2026-01-13 13:16:56.903488,f
8334,대천리,4776025032,경상북도,2026-01-13 13:16:56.910893,2026-01-13 13:16:56.9109,f
8335,화천리,4776025033,경상북도,2026-01-13 13:16:56.91596,2026-01-13 13:16:56.915963,f
8336,양구리,4776025034,경상북도,2026-01-13 13:16:56.920221,2026-01-13 13:16:56.920225,f
8337,기산리,4776025035,경상북도,2026-01-13 13:16:56.924809,2026-01-13 13:16:56.924811,f
8338,입암면,4776031000,경상북도,2026-01-13 13:16:56.930104,2026-01-13 13:16:56.930107,f
8339,신구리,4776031034,경상북도,2026-01-13 13:16:56.934334,2026-01-13 13:16:56.934337,f
8340,양항리,4776031035,경상북도,2026-01-13 13:16:56.938927,2026-01-13 13:16:56.938931,f
8341,연당리,4776031036,경상북도,2026-01-13 13:16:56.943095,2026-01-13 13:16:56.943098,f
8342,교리,4776031037,경상북도,2026-01-13 13:16:56.946923,2026-01-13 13:16:56.946925,f
8343,삼산리,4776031038,경상북도,2026-01-13 13:16:56.951134,2026-01-13 13:16:56.951137,f
8344,신사리,4776031039,경상북도,2026-01-13 13:16:56.955189,2026-01-13 13:16:56.955191,f
8345,대천리,4776031040,경상북도,2026-01-13 13:16:56.959329,2026-01-13 13:16:56.959331,f
8346,금학리,4776031041,경상북도,2026-01-13 13:16:56.964704,2026-01-13 13:16:56.964706,f
8347,산해리,4776031042,경상북도,2026-01-13 13:16:56.968553,2026-01-13 13:16:56.968555,f
8348,노달리,4776031043,경상북도,2026-01-13 13:16:56.972952,2026-01-13 13:16:56.972954,f
8349,방전리,4776031044,경상북도,2026-01-13 13:16:56.977514,2026-01-13 13:16:56.977516,f
8350,병옥리,4776031045,경상북도,2026-01-13 13:16:56.981611,2026-01-13 13:16:56.981613,f
8351,흥구리,4776031046,경상북도,2026-01-13 13:16:56.98638,2026-01-13 13:16:56.986382,f
8352,청기면,4776032000,경상북도,2026-01-13 13:16:56.99079,2026-01-13 13:16:56.990792,f
8353,정족리,4776032034,경상북도,2026-01-13 13:16:56.996112,2026-01-13 13:16:56.996114,f
8354,토곡리,4776032035,경상북도,2026-01-13 13:16:57.001028,2026-01-13 13:16:57.001032,f
8355,사리,4776032036,경상북도,2026-01-13 13:16:57.005852,2026-01-13 13:16:57.005854,f
8356,청기리,4776032037,경상북도,2026-01-13 13:16:57.009605,2026-01-13 13:16:57.009607,f
8357,구매리,4776032038,경상북도,2026-01-13 13:16:57.014403,2026-01-13 13:16:57.014405,f
8358,저리,4776032039,경상북도,2026-01-13 13:16:57.020058,2026-01-13 13:16:57.020061,f
8359,산운리,4776032040,경상북도,2026-01-13 13:16:57.024555,2026-01-13 13:16:57.024557,f
8360,토구리,4776032041,경상북도,2026-01-13 13:16:57.030253,2026-01-13 13:16:57.030255,f
8361,무진리,4776032042,경상북도,2026-01-13 13:16:57.03456,2026-01-13 13:16:57.034562,f
8362,행화리,4776032043,경상북도,2026-01-13 13:16:57.039213,2026-01-13 13:16:57.039216,f
8363,당리,4776032044,경상북도,2026-01-13 13:16:57.044098,2026-01-13 13:16:57.044101,f
8364,상청리,4776032045,경상북도,2026-01-13 13:16:57.047817,2026-01-13 13:16:57.047819,f
8365,기포리,4776032046,경상북도,2026-01-13 13:16:57.051742,2026-01-13 13:16:57.051745,f
8366,일월면,4776033000,경상북도,2026-01-13 13:16:57.056477,2026-01-13 13:16:57.05648,f
8367,주곡리,4776033032,경상북도,2026-01-13 13:16:57.062779,2026-01-13 13:16:57.062781,f
8368,곡강리,4776033033,경상북도,2026-01-13 13:16:57.066884,2026-01-13 13:16:57.066885,f
8369,문암리,4776033034,경상북도,2026-01-13 13:16:57.070572,2026-01-13 13:16:57.070574,f
8370,오리리,4776033035,경상북도,2026-01-13 13:16:57.074547,2026-01-13 13:16:57.074549,f
8371,용화리,4776033036,경상북도,2026-01-13 13:16:57.078537,2026-01-13 13:16:57.078539,f
8372,도계리,4776033037,경상북도,2026-01-13 13:16:57.083803,2026-01-13 13:16:57.083806,f
8373,섬촌리,4776033038,경상북도,2026-01-13 13:16:57.088106,2026-01-13 13:16:57.088124,f
8374,가천리,4776033039,경상북도,2026-01-13 13:16:57.091933,2026-01-13 13:16:57.091935,f
8375,도곡리,4776033040,경상북도,2026-01-13 13:16:57.096557,2026-01-13 13:16:57.096558,f
8376,칠성리,4776033041,경상북도,2026-01-13 13:16:57.100612,2026-01-13 13:16:57.100615,f
8377,가곡리,4776033042,경상북도,2026-01-13 13:16:57.105026,2026-01-13 13:16:57.105029,f
8378,수비면,4776034000,경상북도,2026-01-13 13:16:57.109301,2026-01-13 13:16:57.109303,f
8379,수하리,4776034030,경상북도,2026-01-13 13:16:57.112897,2026-01-13 13:16:57.112898,f
8380,발리리,4776034031,경상북도,2026-01-13 13:16:57.117021,2026-01-13 13:16:57.117023,f
8381,신원리,4776034032,경상북도,2026-01-13 13:16:57.121117,2026-01-13 13:16:57.121121,f
8382,죽파리,4776034033,경상북도,2026-01-13 13:16:57.1254,2026-01-13 13:16:57.125401,f
8383,오기리,4776034034,경상북도,2026-01-13 13:16:57.12913,2026-01-13 13:16:57.129133,f
8384,계리,4776034035,경상북도,2026-01-13 13:16:57.133904,2026-01-13 13:16:57.133908,f
8385,본신리,4776034036,경상북도,2026-01-13 13:16:57.137959,2026-01-13 13:16:57.137961,f
8386,신암리,4776034037,경상북도,2026-01-13 13:16:57.14267,2026-01-13 13:16:57.142671,f
8387,송하리,4776034038,경상북도,2026-01-13 13:16:57.146707,2026-01-13 13:16:57.146709,f
8388,석보면,4776035000,경상북도,2026-01-13 13:16:57.150501,2026-01-13 13:16:57.150502,f
8389,원리리,4776035034,경상북도,2026-01-13 13:16:57.154336,2026-01-13 13:16:57.154338,f
8390,옥계리,4776035035,경상북도,2026-01-13 13:16:57.158138,2026-01-13 13:16:57.15814,f
8391,주남리,4776035036,경상북도,2026-01-13 13:16:57.164554,2026-01-13 13:16:57.164557,f
8392,요원리,4776035037,경상북도,2026-01-13 13:16:57.169039,2026-01-13 13:16:57.169041,f
8393,택전리,4776035038,경상북도,2026-01-13 13:16:57.173463,2026-01-13 13:16:57.173466,f
8394,신평리,4776035039,경상북도,2026-01-13 13:16:57.178198,2026-01-13 13:16:57.1782,f
8395,포산리,4776035040,경상북도,2026-01-13 13:16:57.182206,2026-01-13 13:16:57.182208,f
8396,소계리,4776035041,경상북도,2026-01-13 13:16:57.186748,2026-01-13 13:16:57.18675,f
8397,화매리,4776035042,경상북도,2026-01-13 13:16:57.19092,2026-01-13 13:16:57.190922,f
8398,답곡리,4776035043,경상북도,2026-01-13 13:16:57.195271,2026-01-13 13:16:57.195274,f
8399,홍계리,4776035044,경상북도,2026-01-13 13:16:57.199316,2026-01-13 13:16:57.199319,f
8400,지경리,4776035045,경상북도,2026-01-13 13:16:57.20387,2026-01-13 13:16:57.203873,f
8401,삼의리,4776035046,경상북도,2026-01-13 13:16:57.208332,2026-01-13 13:16:57.208334,f
8402,영덕군,4777000000,경상북도,2026-01-13 13:16:57.213146,2026-01-13 13:16:57.21315,f
8403,영덕읍,4777025000,경상북도,2026-01-13 13:16:57.218428,2026-01-13 13:16:57.21843,f
8404,구미리,4777025021,경상북도,2026-01-13 13:16:57.222737,2026-01-13 13:16:57.222739,f
8405,화개리,4777025022,경상북도,2026-01-13 13:16:57.226867,2026-01-13 13:16:57.226868,f
8406,남석리,4777025023,경상북도,2026-01-13 13:16:57.230946,2026-01-13 13:16:57.230948,f
8407,덕곡리,4777025024,경상북도,2026-01-13 13:16:57.235038,2026-01-13 13:16:57.23504,f
8408,천전리,4777025025,경상북도,2026-01-13 13:16:57.238848,2026-01-13 13:16:57.238851,f
8409,남산리,4777025026,경상북도,2026-01-13 13:16:57.243787,2026-01-13 13:16:57.243789,f
8410,우곡리,4777025027,경상북도,2026-01-13 13:16:57.247884,2026-01-13 13:16:57.247887,f
8411,화수리,4777025028,경상북도,2026-01-13 13:16:57.252041,2026-01-13 13:16:57.252044,f
8412,삼계리,4777025029,경상북도,2026-01-13 13:16:57.257169,2026-01-13 13:16:57.257171,f
8413,매정리,4777025030,경상북도,2026-01-13 13:16:57.262234,2026-01-13 13:16:57.262236,f
8414,석리,4777025031,경상북도,2026-01-13 13:16:57.267483,2026-01-13 13:16:57.267486,f
8415,노물리,4777025032,경상북도,2026-01-13 13:16:57.271874,2026-01-13 13:16:57.271876,f
8416,오보리,4777025033,경상북도,2026-01-13 13:16:57.27618,2026-01-13 13:16:57.276183,f
8417,대탄리,4777025034,경상북도,2026-01-13 13:16:57.279985,2026-01-13 13:16:57.279987,f
8418,대부리,4777025035,경상북도,2026-01-13 13:16:57.285977,2026-01-13 13:16:57.28598,f
8419,창포리,4777025036,경상북도,2026-01-13 13:16:57.289868,2026-01-13 13:16:57.289869,f
8420,화천리,4777025037,경상북도,2026-01-13 13:16:57.294946,2026-01-13 13:16:57.294948,f
8421,강구면,4777031000,경상북도,2026-01-13 13:16:57.299343,2026-01-13 13:16:57.299345,f
8422,강구리,4777031031,경상북도,2026-01-13 13:16:57.303392,2026-01-13 13:16:57.303393,f
8423,오포리,4777031032,경상북도,2026-01-13 13:16:57.308332,2026-01-13 13:16:57.308335,f
8424,삼사리,4777031033,경상북도,2026-01-13 13:16:57.312429,2026-01-13 13:16:57.312431,f
8425,화전리,4777031034,경상북도,2026-01-13 13:16:57.316541,2026-01-13 13:16:57.316544,f
8426,상직리,4777031035,경상북도,2026-01-13 13:16:57.321648,2026-01-13 13:16:57.32165,f
8427,소월리,4777031037,경상북도,2026-01-13 13:16:57.326368,2026-01-13 13:16:57.326371,f
8428,금호리,4777031038,경상북도,2026-01-13 13:16:57.330308,2026-01-13 13:16:57.330309,f
8429,하저리,4777031039,경상북도,2026-01-13 13:16:57.335185,2026-01-13 13:16:57.335189,f
8430,금진리,4777031040,경상북도,2026-01-13 13:16:57.340416,2026-01-13 13:16:57.340419,f
8431,원직리,4777031041,경상북도,2026-01-13 13:16:57.344516,2026-01-13 13:16:57.344519,f
8432,남정면,4777032000,경상북도,2026-01-13 13:16:57.348512,2026-01-13 13:16:57.348515,f
8433,장사리,4777032036,경상북도,2026-01-13 13:16:57.352437,2026-01-13 13:16:57.352438,f
8434,부경리,4777032037,경상북도,2026-01-13 13:16:57.356094,2026-01-13 13:16:57.356095,f
8435,회리,4777032038,경상북도,2026-01-13 13:16:57.360191,2026-01-13 13:16:57.360195,f
8436,양성리,4777032039,경상북도,2026-01-13 13:16:57.366591,2026-01-13 13:16:57.366595,f
8437,봉전리,4777032040,경상북도,2026-01-13 13:16:57.370517,2026-01-13 13:16:57.370518,f
8438,쟁암리,4777032041,경상북도,2026-01-13 13:16:57.375514,2026-01-13 13:16:57.375517,f
8439,사암리,4777032042,경상북도,2026-01-13 13:16:57.383301,2026-01-13 13:16:57.383303,f
8440,도천리,4777032043,경상북도,2026-01-13 13:16:57.389156,2026-01-13 13:16:57.389158,f
8441,우곡리,4777032044,경상북도,2026-01-13 13:16:57.395221,2026-01-13 13:16:57.395224,f
8442,중화리,4777032045,경상북도,2026-01-13 13:16:57.399098,2026-01-13 13:16:57.3991,f
8443,남정리,4777032046,경상북도,2026-01-13 13:16:57.403977,2026-01-13 13:16:57.40398,f
8444,남호리,4777032047,경상북도,2026-01-13 13:16:57.408214,2026-01-13 13:16:57.408217,f
8445,구계리,4777032048,경상북도,2026-01-13 13:16:57.412019,2026-01-13 13:16:57.412021,f
8446,원척리,4777032049,경상북도,2026-01-13 13:16:57.41609,2026-01-13 13:16:57.416092,f
8447,부흥리,4777032050,경상북도,2026-01-13 13:16:57.420489,2026-01-13 13:16:57.420492,f
8448,달산면,4777033000,경상북도,2026-01-13 13:16:57.42525,2026-01-13 13:16:57.425252,f
8449,대지리,4777033032,경상북도,2026-01-13 13:16:57.429281,2026-01-13 13:16:57.429283,f
8450,용평리,4777033033,경상북도,2026-01-13 13:16:57.432953,2026-01-13 13:16:57.432955,f
8451,매일리,4777033034,경상북도,2026-01-13 13:16:57.436775,2026-01-13 13:16:57.436777,f
8452,흥기리,4777033035,경상북도,2026-01-13 13:16:57.442039,2026-01-13 13:16:57.442043,f
8453,주응리,4777033036,경상북도,2026-01-13 13:16:57.446263,2026-01-13 13:16:57.446265,f
8454,옥산리,4777033037,경상북도,2026-01-13 13:16:57.450042,2026-01-13 13:16:57.450044,f
8455,인곡리,4777033038,경상북도,2026-01-13 13:16:57.455311,2026-01-13 13:16:57.455314,f
8456,용전리,4777033039,경상북도,2026-01-13 13:16:57.45964,2026-01-13 13:16:57.459642,f
8457,덕산리,4777033040,경상북도,2026-01-13 13:16:57.464018,2026-01-13 13:16:57.464022,f
8458,봉산리,4777033041,경상북도,2026-01-13 13:16:57.468332,2026-01-13 13:16:57.468333,f
8459,옥계리,4777033042,경상북도,2026-01-13 13:16:57.472565,2026-01-13 13:16:57.472568,f
8460,지품면,4777034000,경상북도,2026-01-13 13:16:57.476453,2026-01-13 13:16:57.476455,f
8461,삼화리,4777034039,경상북도,2026-01-13 13:16:57.481417,2026-01-13 13:16:57.48142,f
8462,축산리,4777035032,경상북도,2026-01-13 13:16:57.486852,2026-01-13 13:16:57.486856,f
8463,경정리,4777035033,경상북도,2026-01-13 13:16:57.492486,2026-01-13 13:16:57.492488,f
8464,고곡리,4777035034,경상북도,2026-01-13 13:16:57.497739,2026-01-13 13:16:57.497741,f
8465,도곡리,4777035035,경상북도,2026-01-13 13:16:57.501738,2026-01-13 13:16:57.50174,f
8466,상원리,4777035036,경상북도,2026-01-13 13:16:57.505579,2026-01-13 13:16:57.505581,f
8467,부곡리,4777035037,경상북도,2026-01-13 13:16:57.509346,2026-01-13 13:16:57.509349,f
8468,칠성리,4777035038,경상북도,2026-01-13 13:16:57.513455,2026-01-13 13:16:57.513458,f
8469,조항리,4777035039,경상북도,2026-01-13 13:16:57.517735,2026-01-13 13:16:57.517737,f
8470,대곡리,4777035040,경상북도,2026-01-13 13:16:57.522257,2026-01-13 13:16:57.522259,f
8471,기암리,4777035041,경상북도,2026-01-13 13:16:57.525849,2026-01-13 13:16:57.525851,f
8472,영해면,4777036000,경상북도,2026-01-13 13:16:57.532806,2026-01-13 13:16:57.532811,f
8473,성내리,4777036030,경상북도,2026-01-13 13:16:57.541028,2026-01-13 13:16:57.541031,f
8474,괴시리,4777036031,경상북도,2026-01-13 13:16:57.547896,2026-01-13 13:16:57.5479,f
8475,대진리,4777036032,경상북도,2026-01-13 13:16:57.554166,2026-01-13 13:16:57.554168,f
8476,사진리,4777036033,경상북도,2026-01-13 13:16:57.557953,2026-01-13 13:16:57.557956,f
8477,연평리,4777036034,경상북도,2026-01-13 13:16:57.562489,2026-01-13 13:16:57.562492,f
8478,벌영리,4777036035,경상북도,2026-01-13 13:16:57.566393,2026-01-13 13:16:57.566394,f
8479,원구리,4777036036,경상북도,2026-01-13 13:16:57.56999,2026-01-13 13:16:57.569992,f
8480,묘곡리,4777036037,경상북도,2026-01-13 13:16:57.575349,2026-01-13 13:16:57.575351,f
8481,병곡면,4777037000,경상북도,2026-01-13 13:16:57.579766,2026-01-13 13:16:57.579768,f
8482,삼읍리,4777037035,경상북도,2026-01-13 13:16:57.583458,2026-01-13 13:16:57.58346,f
8483,금곡리,4777037036,경상북도,2026-01-13 13:16:57.587529,2026-01-13 13:16:57.58753,f
8484,백석리,4777037037,경상북도,2026-01-13 13:16:57.591185,2026-01-13 13:16:57.591186,f
8485,병곡리,4777037038,경상북도,2026-01-13 13:16:57.59538,2026-01-13 13:16:57.595383,f
8486,영리,4777037039,경상북도,2026-01-13 13:16:57.599358,2026-01-13 13:16:57.59936,f
8487,거무역리,4777037040,경상북도,2026-01-13 13:16:57.603625,2026-01-13 13:16:57.603628,f
8488,아곡리,4777037041,경상북도,2026-01-13 13:16:57.607579,2026-01-13 13:16:57.60758,f
8489,원황리,4777037042,경상북도,2026-01-13 13:16:57.611438,2026-01-13 13:16:57.61144,f
8490,이천리,4777037043,경상북도,2026-01-13 13:16:57.6159,2026-01-13 13:16:57.615902,f
8491,각리리,4777037044,경상북도,2026-01-13 13:16:57.6205,2026-01-13 13:16:57.620502,f
8492,사천리,4777037045,경상북도,2026-01-13 13:16:57.624495,2026-01-13 13:16:57.624497,f
8493,신평리,4777037046,경상북도,2026-01-13 13:16:57.628261,2026-01-13 13:16:57.628263,f
8494,송천리,4777037047,경상북도,2026-01-13 13:16:57.631905,2026-01-13 13:16:57.631907,f
8495,덕천리,4777037049,경상북도,2026-01-13 13:16:57.635896,2026-01-13 13:16:57.6359,f
8496,창수면,4777038000,경상북도,2026-01-13 13:16:57.640448,2026-01-13 13:16:57.64045,f
8497,인량리,4777038034,경상북도,2026-01-13 13:16:57.645253,2026-01-13 13:16:57.645257,f
8498,가산리,4777038035,경상북도,2026-01-13 13:16:57.649144,2026-01-13 13:16:57.649146,f
8499,신기리,4777038036,경상북도,2026-01-13 13:16:57.653903,2026-01-13 13:16:57.653906,f
8500,신리리,4777038037,경상북도,2026-01-13 13:16:57.658823,2026-01-13 13:16:57.658827,f
8501,갈천리,4777038038,경상북도,2026-01-13 13:16:57.663054,2026-01-13 13:16:57.663056,f
8502,창수리,4777038039,경상북도,2026-01-13 13:16:57.667108,2026-01-13 13:16:57.66711,f
8503,미곡리,4777038040,경상북도,2026-01-13 13:16:57.671346,2026-01-13 13:16:57.671348,f
8504,오촌리,4777038041,경상북도,2026-01-13 13:16:57.675304,2026-01-13 13:16:57.675305,f
8505,삼계리,4777038042,경상북도,2026-01-13 13:16:57.679441,2026-01-13 13:16:57.679444,f
8506,수리,4777038043,경상북도,2026-01-13 13:16:57.684437,2026-01-13 13:16:57.684439,f
8507,인천리,4777038044,경상북도,2026-01-13 13:16:57.688361,2026-01-13 13:16:57.688363,f
8508,보림리,4777038045,경상북도,2026-01-13 13:16:57.692275,2026-01-13 13:16:57.692277,f
8509,백청리,4777038046,경상북도,2026-01-13 13:16:57.696735,2026-01-13 13:16:57.696737,f
8510,금천면,4782036000,경상북도,2026-01-13 13:16:57.702034,2026-01-13 13:16:57.702037,f
8511,정상리,4782035041,경상북도,2026-01-13 13:16:57.707171,2026-01-13 13:16:57.707174,f
8512,마일리,4782035042,경상북도,2026-01-13 13:16:57.711721,2026-01-13 13:16:57.711724,f
8513,방지리,4782035043,경상북도,2026-01-13 13:16:57.716548,2026-01-13 13:16:57.71655,f
8514,공암리,4782035038,경상북도,2026-01-13 13:16:57.721613,2026-01-13 13:16:57.721616,f
8515,지촌리,4782035039,경상북도,2026-01-13 13:16:57.727057,2026-01-13 13:16:57.727059,f
8516,봉하리,4782035040,경상북도,2026-01-13 13:16:57.731018,2026-01-13 13:16:57.73102,f
8517,신원리,4782035036,경상북도,2026-01-13 13:16:57.735096,2026-01-13 13:16:57.735099,f
8518,서지리,4782035037,경상북도,2026-01-13 13:16:57.739625,2026-01-13 13:16:57.739627,f
8519,방음리,4782035034,경상북도,2026-01-13 13:16:57.743948,2026-01-13 13:16:57.74395,f
8520,오진리,4782035035,경상북도,2026-01-13 13:16:57.74804,2026-01-13 13:16:57.748042,f
8521,대천리,4782035032,경상북도,2026-01-13 13:16:57.75204,2026-01-13 13:16:57.752042,f
8522,순지리,4782035033,경상북도,2026-01-13 13:16:57.756152,2026-01-13 13:16:57.756154,f
8523,청도군,4782000000,경상북도,2026-01-13 13:16:57.760016,2026-01-13 13:16:57.76002,f
8524,운문면,4782035000,경상북도,2026-01-13 13:16:57.765936,2026-01-13 13:16:57.765939,f
8525,화양읍,4782025000,경상북도,2026-01-13 13:16:57.770098,2026-01-13 13:16:57.770101,f
8526,동상리,4782025021,경상북도,2026-01-13 13:16:57.775449,2026-01-13 13:16:57.775452,f
8527,서상리,4782025022,경상북도,2026-01-13 13:16:57.779886,2026-01-13 13:16:57.779888,f
8528,신봉리,4782025023,경상북도,2026-01-13 13:16:57.784086,2026-01-13 13:16:57.784088,f
8529,교촌리,4782025024,경상북도,2026-01-13 13:16:57.788893,2026-01-13 13:16:57.788895,f
8530,동천리,4782025025,경상북도,2026-01-13 13:16:57.792797,2026-01-13 13:16:57.7928,f
8531,합천리,4782025026,경상북도,2026-01-13 13:16:57.796894,2026-01-13 13:16:57.796897,f
8532,범곡리,4782025027,경상북도,2026-01-13 13:16:57.801216,2026-01-13 13:16:57.801219,f
8533,송북리,4782025028,경상북도,2026-01-13 13:16:57.805378,2026-01-13 13:16:57.805379,f
8534,눌미리,4782025029,경상북도,2026-01-13 13:16:57.809985,2026-01-13 13:16:57.809987,f
8535,고평리,4782025030,경상북도,2026-01-13 13:16:57.814617,2026-01-13 13:16:57.81462,f
8536,소라리,4782025031,경상북도,2026-01-13 13:16:57.821454,2026-01-13 13:16:57.821456,f
8537,진라리,4782025032,경상북도,2026-01-13 13:16:57.826374,2026-01-13 13:16:57.826376,f
8538,삼신리,4782025033,경상북도,2026-01-13 13:16:57.830697,2026-01-13 13:16:57.830698,f
8539,다로리,4782025034,경상북도,2026-01-13 13:16:57.834465,2026-01-13 13:16:57.834467,f
8540,송금리,4782025035,경상북도,2026-01-13 13:16:57.838454,2026-01-13 13:16:57.838457,f
8541,유등리,4782025036,경상북도,2026-01-13 13:16:57.843266,2026-01-13 13:16:57.843268,f
8542,토평리,4782025037,경상북도,2026-01-13 13:16:57.847104,2026-01-13 13:16:57.847105,f
8543,청도읍,4782025300,경상북도,2026-01-13 13:16:57.852017,2026-01-13 13:16:57.852019,f
8544,고수리,4782025321,경상북도,2026-01-13 13:16:57.856483,2026-01-13 13:16:57.856488,f
8545,송읍리,4782025322,경상북도,2026-01-13 13:16:57.865424,2026-01-13 13:16:57.865426,f
8546,무등리,4782025323,경상북도,2026-01-13 13:16:57.869476,2026-01-13 13:16:57.869478,f
8547,덕암리,4782025324,경상북도,2026-01-13 13:16:57.874015,2026-01-13 13:16:57.874017,f
8548,내리,4782025325,경상북도,2026-01-13 13:16:57.877943,2026-01-13 13:16:57.877945,f
8549,안인리,4782025326,경상북도,2026-01-13 13:16:57.881996,2026-01-13 13:16:57.881998,f
8550,운산리,4782025327,경상북도,2026-01-13 13:16:57.886586,2026-01-13 13:16:57.886588,f
8551,부야리,4782025328,경상북도,2026-01-13 13:16:57.890646,2026-01-13 13:16:57.890648,f
8552,원정리,4782025329,경상북도,2026-01-13 13:16:57.894932,2026-01-13 13:16:57.894934,f
8553,구미리,4782025330,경상북도,2026-01-13 13:16:57.8994,2026-01-13 13:16:57.899403,f
8554,월곡리,4782025331,경상북도,2026-01-13 13:16:57.903487,2026-01-13 13:16:57.903489,f
8555,원리,4782025332,경상북도,2026-01-13 13:16:57.907715,2026-01-13 13:16:57.907718,f
8556,거연리,4782025333,경상북도,2026-01-13 13:16:57.911723,2026-01-13 13:16:57.911725,f
8557,신도리,4782025334,경상북도,2026-01-13 13:16:57.915922,2026-01-13 13:16:57.915924,f
8558,상리,4782025335,경상북도,2026-01-13 13:16:57.920456,2026-01-13 13:16:57.920459,f
8559,평양리,4782025336,경상북도,2026-01-13 13:16:57.925217,2026-01-13 13:16:57.925219,f
8560,음지리,4782025337,경상북도,2026-01-13 13:16:57.929376,2026-01-13 13:16:57.929378,f
8561,초현리,4782025338,경상북도,2026-01-13 13:16:57.933927,2026-01-13 13:16:57.933929,f
8562,월오리,4790038029,경상북도,2026-01-13 13:16:57.938809,2026-01-13 13:16:57.938812,f
8563,유호리,4782025339,경상북도,2026-01-13 13:16:57.943445,2026-01-13 13:16:57.943447,f
8564,내호리,4782025340,경상북도,2026-01-13 13:16:57.947176,2026-01-13 13:16:57.947177,f
8565,사촌리,4782025341,경상북도,2026-01-13 13:16:57.950921,2026-01-13 13:16:57.950923,f
8566,각남면,4782031000,경상북도,2026-01-13 13:16:57.954802,2026-01-13 13:16:57.954804,f
8567,칠성리,4782031031,경상북도,2026-01-13 13:16:57.958309,2026-01-13 13:16:57.95831,f
8568,화리,4782031032,경상북도,2026-01-13 13:16:57.961977,2026-01-13 13:16:57.961979,f
8569,일곡리,4782031033,경상북도,2026-01-13 13:16:57.966341,2026-01-13 13:16:57.966343,f
8570,구곡리,4782031034,경상북도,2026-01-13 13:16:57.970667,2026-01-13 13:16:57.970671,f
8571,예리리,4782031035,경상북도,2026-01-13 13:16:57.975029,2026-01-13 13:16:57.97503,f
8572,신당리,4782031036,경상북도,2026-01-13 13:16:57.979648,2026-01-13 13:16:57.97965,f
8573,녹명리,4782031037,경상북도,2026-01-13 13:16:57.983663,2026-01-13 13:16:57.983665,f
8574,사리,4782031038,경상북도,2026-01-13 13:16:57.988395,2026-01-13 13:16:57.988397,f
8575,함박리,4782031039,경상북도,2026-01-13 13:16:57.99309,2026-01-13 13:16:57.993092,f
8576,옥산리,4782031040,경상북도,2026-01-13 13:16:57.997642,2026-01-13 13:16:57.997646,f
8577,풍각면,4782032000,경상북도,2026-01-13 13:16:58.002456,2026-01-13 13:16:58.002459,f
8578,송서리,4782032033,경상북도,2026-01-13 13:16:58.007497,2026-01-13 13:16:58.007499,f
8579,봉기리,4782032034,경상북도,2026-01-13 13:16:58.011985,2026-01-13 13:16:58.011988,f
8580,현리리,4782032035,경상북도,2026-01-13 13:16:58.016129,2026-01-13 13:16:58.016132,f
8581,성곡리,4782032036,경상북도,2026-01-13 13:16:58.020578,2026-01-13 13:16:58.02058,f
8582,수월리,4782032037,경상북도,2026-01-13 13:16:58.025063,2026-01-13 13:16:58.025066,f
8583,화산리,4782032038,경상북도,2026-01-13 13:16:58.029457,2026-01-13 13:16:58.029459,f
8584,금곡리,4782032039,경상북도,2026-01-13 13:16:58.033872,2026-01-13 13:16:58.033875,f
8585,안산리,4782032040,경상북도,2026-01-13 13:16:58.038265,2026-01-13 13:16:58.038268,f
8586,흑석리,4782032041,경상북도,2026-01-13 13:16:58.041968,2026-01-13 13:16:58.04197,f
8587,월봉리,4782032042,경상북도,2026-01-13 13:16:58.046946,2026-01-13 13:16:58.046948,f
8588,차산리,4782032043,경상북도,2026-01-13 13:16:58.051604,2026-01-13 13:16:58.051607,f
8589,덕양리,4782032044,경상북도,2026-01-13 13:16:58.056028,2026-01-13 13:16:58.056029,f
8590,각북면,4782033000,경상북도,2026-01-13 13:16:58.060907,2026-01-13 13:16:58.060909,f
8591,명대리,4782033029,경상북도,2026-01-13 13:16:58.066482,2026-01-13 13:16:58.066485,f
8592,우산리,4782033030,경상북도,2026-01-13 13:16:58.070934,2026-01-13 13:16:58.070937,f
8593,삼평리,4782033031,경상북도,2026-01-13 13:16:58.075432,2026-01-13 13:16:58.075437,f
8594,남산리,4782033032,경상북도,2026-01-13 13:16:58.079674,2026-01-13 13:16:58.079675,f
8595,덕촌리,4782033033,경상북도,2026-01-13 13:16:58.084463,2026-01-13 13:16:58.084466,f
8596,지슬리,4782033034,경상북도,2026-01-13 13:16:58.089334,2026-01-13 13:16:58.089336,f
8597,금천리,4782033035,경상북도,2026-01-13 13:16:58.093702,2026-01-13 13:16:58.093705,f
8598,오산리,4782033036,경상북도,2026-01-13 13:16:58.098545,2026-01-13 13:16:58.098547,f
8599,이서면,4782034000,경상북도,2026-01-13 13:16:58.103253,2026-01-13 13:16:58.103256,f
8600,칠엽리,4782034038,경상북도,2026-01-13 13:16:58.107611,2026-01-13 13:16:58.107613,f
8601,대전리,4782034039,경상북도,2026-01-13 13:16:58.111643,2026-01-13 13:16:58.111645,f
8602,가금리,4782034040,경상북도,2026-01-13 13:16:58.115587,2026-01-13 13:16:58.115589,f
8603,구라리,4782034041,경상북도,2026-01-13 13:16:58.11983,2026-01-13 13:16:58.119833,f
8604,서원리,4782034042,경상북도,2026-01-13 13:16:58.124192,2026-01-13 13:16:58.124196,f
8605,각계리,4782034043,경상북도,2026-01-13 13:16:58.12876,2026-01-13 13:16:58.128762,f
8606,학산리,4782034044,경상북도,2026-01-13 13:16:58.133251,2026-01-13 13:16:58.133253,f
8607,수야리,4782034045,경상북도,2026-01-13 13:16:58.137348,2026-01-13 13:16:58.13735,f
8608,금촌리,4782034046,경상북도,2026-01-13 13:16:58.141802,2026-01-13 13:16:58.141804,f
8609,문수리,4782034048,경상북도,2026-01-13 13:16:58.146556,2026-01-13 13:16:58.146558,f
8610,고철리,4782034049,경상북도,2026-01-13 13:16:58.151136,2026-01-13 13:16:58.151138,f
8611,양원리,4782034050,경상북도,2026-01-13 13:16:58.154992,2026-01-13 13:16:58.154994,f
8612,신촌리,4782034051,경상북도,2026-01-13 13:16:58.158589,2026-01-13 13:16:58.158591,f
8613,칠곡리,4782034052,경상북도,2026-01-13 13:16:58.162758,2026-01-13 13:16:58.162765,f
8614,대곡리,4782034053,경상북도,2026-01-13 13:16:58.174601,2026-01-13 13:16:58.174609,f
8615,팔조리,4782034054,경상북도,2026-01-13 13:16:58.184897,2026-01-13 13:16:58.184902,f
8616,흥선리,4782034055,경상북도,2026-01-13 13:16:58.19692,2026-01-13 13:16:58.196926,f
8617,동곡리,4782036031,경상북도,2026-01-13 13:16:58.20253,2026-01-13 13:16:58.202533,f
8618,사전리,4782036032,경상북도,2026-01-13 13:16:58.207222,2026-01-13 13:16:58.207225,f
8619,김전리,4782036033,경상북도,2026-01-13 13:16:58.211033,2026-01-13 13:16:58.211035,f
8620,갈지리,4782036034,경상북도,2026-01-13 13:16:58.21558,2026-01-13 13:16:58.215584,f
8621,소천리,4782036035,경상북도,2026-01-13 13:16:58.220614,2026-01-13 13:16:58.220616,f
8622,방지리,4782036036,경상북도,2026-01-13 13:16:58.224606,2026-01-13 13:16:58.224609,f
8623,임당리,4782036037,경상북도,2026-01-13 13:16:58.22899,2026-01-13 13:16:58.228992,f
8624,신지리,4782036038,경상북도,2026-01-13 13:16:58.23409,2026-01-13 13:16:58.234093,f
8625,박곡리,4782036039,경상북도,2026-01-13 13:16:58.238495,2026-01-13 13:16:58.238497,f
8626,오봉리,4782036040,경상북도,2026-01-13 13:16:58.24315,2026-01-13 13:16:58.243153,f
8627,매전면,4782037000,경상북도,2026-01-13 13:16:58.247469,2026-01-13 13:16:58.247472,f
8628,남양리,4782037041,경상북도,2026-01-13 13:16:58.251762,2026-01-13 13:16:58.251763,f
8629,당호리,4782037042,경상북도,2026-01-13 13:16:58.255874,2026-01-13 13:16:58.255876,f
8630,금곡리,4782037043,경상북도,2026-01-13 13:16:58.260037,2026-01-13 13:16:58.26004,f
8631,동산리,4782037044,경상북도,2026-01-13 13:16:58.265378,2026-01-13 13:16:58.265381,f
8632,북지리,4782037045,경상북도,2026-01-13 13:16:58.269235,2026-01-13 13:16:58.269237,f
8633,용산리,4782037046,경상북도,2026-01-13 13:16:58.273214,2026-01-13 13:16:58.273216,f
8634,온막리,4782037047,경상북도,2026-01-13 13:16:58.277244,2026-01-13 13:16:58.277246,f
8635,호화리,4782037048,경상북도,2026-01-13 13:16:58.280931,2026-01-13 13:16:58.280933,f
8636,장연리,4782037049,경상북도,2026-01-13 13:16:58.285342,2026-01-13 13:16:58.285344,f
8637,예전리,4782037050,경상북도,2026-01-13 13:16:58.289447,2026-01-13 13:16:58.289449,f
8638,내리,4782037051,경상북도,2026-01-13 13:16:58.293115,2026-01-13 13:16:58.293117,f
8639,지전리,4782037052,경상북도,2026-01-13 13:16:58.297362,2026-01-13 13:16:58.297365,f
8640,송원리,4782037053,경상북도,2026-01-13 13:16:58.302254,2026-01-13 13:16:58.302257,f
8641,구촌리,4782037054,경상북도,2026-01-13 13:16:58.307948,2026-01-13 13:16:58.307952,f
8642,하평리,4782037055,경상북도,2026-01-13 13:16:58.312918,2026-01-13 13:16:58.31292,f
8643,상평리,4782037056,경상북도,2026-01-13 13:16:58.317225,2026-01-13 13:16:58.317227,f
8644,관하리,4782037057,경상북도,2026-01-13 13:16:58.321229,2026-01-13 13:16:58.32123,f
8645,금천리,4782037058,경상북도,2026-01-13 13:16:58.325131,2026-01-13 13:16:58.325133,f
8646,덕산리,4782037059,경상북도,2026-01-13 13:16:58.328959,2026-01-13 13:16:58.328961,f
8647,두곡리,4782037060,경상북도,2026-01-13 13:16:58.333303,2026-01-13 13:16:58.333304,f
8648,고령군,4783000000,경상북도,2026-01-13 13:16:58.336994,2026-01-13 13:16:58.336995,f
8649,대가야읍,4783025300,경상북도,2026-01-13 13:16:58.34164,2026-01-13 13:16:58.341643,f
8650,쾌빈리,4783025321,경상북도,2026-01-13 13:16:58.346474,2026-01-13 13:16:58.346478,f
8651,고아리,4783025322,경상북도,2026-01-13 13:16:58.350677,2026-01-13 13:16:58.350679,f
8652,헌문리,4783025323,경상북도,2026-01-13 13:16:58.354352,2026-01-13 13:16:58.354353,f
8653,장기리,4783025324,경상북도,2026-01-13 13:16:58.35781,2026-01-13 13:16:58.357811,f
8654,연조리,4783025325,경상북도,2026-01-13 13:16:58.361607,2026-01-13 13:16:58.361609,f
8655,지산리,4783025326,경상북도,2026-01-13 13:16:58.366672,2026-01-13 13:16:58.366676,f
8656,본관리,4783025327,경상북도,2026-01-13 13:16:58.370415,2026-01-13 13:16:58.370418,f
8657,중화리,4783025328,경상북도,2026-01-13 13:16:58.37459,2026-01-13 13:16:58.374592,f
8658,저전리,4783025329,경상북도,2026-01-13 13:16:58.37866,2026-01-13 13:16:58.378662,f
8659,내상리,4783025330,경상북도,2026-01-13 13:16:58.384509,2026-01-13 13:16:58.384533,f
8660,신리,4783025331,경상북도,2026-01-13 13:16:58.390524,2026-01-13 13:16:58.390527,f
8661,외리,4783025332,경상북도,2026-01-13 13:16:58.394817,2026-01-13 13:16:58.39482,f
8662,내곡리,4783025333,경상북도,2026-01-13 13:16:58.398778,2026-01-13 13:16:58.39878,f
8663,덕곡면,4783031000,경상북도,2026-01-13 13:16:58.402467,2026-01-13 13:16:58.40247,f
8664,가륜리,4783031031,경상북도,2026-01-13 13:16:58.407014,2026-01-13 13:16:58.407016,f
8665,원송리,4783031032,경상북도,2026-01-13 13:16:58.410802,2026-01-13 13:16:58.410804,f
8666,노리,4783031033,경상북도,2026-01-13 13:16:58.414448,2026-01-13 13:16:58.41445,f
8667,백리,4783031034,경상북도,2026-01-13 13:16:58.418009,2026-01-13 13:16:58.418011,f
8668,옥계리,4783031035,경상북도,2026-01-13 13:16:58.422762,2026-01-13 13:16:58.422764,f
8669,용흥리,4783031036,경상북도,2026-01-13 13:16:58.427387,2026-01-13 13:16:58.42739,f
8670,본리리,4783031037,경상북도,2026-01-13 13:16:58.432547,2026-01-13 13:16:58.432549,f
8671,예리,4783031038,경상북도,2026-01-13 13:16:58.437975,2026-01-13 13:16:58.437977,f
8672,반성리,4783031039,경상북도,2026-01-13 13:16:58.441966,2026-01-13 13:16:58.441967,f
8673,후암리,4783031040,경상북도,2026-01-13 13:16:58.447523,2026-01-13 13:16:58.447528,f
8674,운수면,4783032000,경상북도,2026-01-13 13:16:58.45305,2026-01-13 13:16:58.453054,f
8675,봉평리,4783032030,경상북도,2026-01-13 13:16:58.457701,2026-01-13 13:16:58.457703,f
8676,대평리,4783032031,경상북도,2026-01-13 13:16:58.461687,2026-01-13 13:16:58.461689,f
8677,신간리,4783032032,경상북도,2026-01-13 13:16:58.467584,2026-01-13 13:16:58.467587,f
8678,법리,4783032033,경상북도,2026-01-13 13:16:58.47176,2026-01-13 13:16:58.471761,f
8679,유리,4783032034,경상북도,2026-01-13 13:16:58.475979,2026-01-13 13:16:58.475982,f
8680,팔산리,4783032035,경상북도,2026-01-13 13:16:58.479858,2026-01-13 13:16:58.47986,f
8681,운산리,4783032036,경상북도,2026-01-13 13:16:58.484483,2026-01-13 13:16:58.484487,f
8682,월산리,4783032037,경상북도,2026-01-13 13:16:58.489861,2026-01-13 13:16:58.489863,f
8683,화암리,4783032038,경상북도,2026-01-13 13:16:58.495371,2026-01-13 13:16:58.495374,f
8684,성산면,4783033000,경상북도,2026-01-13 13:16:58.499959,2026-01-13 13:16:58.499961,f
8685,어곡리,4783033035,경상북도,2026-01-13 13:16:58.505506,2026-01-13 13:16:58.50551,f
8686,득성리,4783033036,경상북도,2026-01-13 13:16:58.511424,2026-01-13 13:16:58.511427,f
8687,삼대리,4783033037,경상북도,2026-01-13 13:16:58.515795,2026-01-13 13:16:58.515797,f
8688,오곡리,4783033038,경상북도,2026-01-13 13:16:58.519624,2026-01-13 13:16:58.519627,f
8689,강정리,4783033039,경상북도,2026-01-13 13:16:58.523401,2026-01-13 13:16:58.523403,f
8690,무계리,4783033040,경상북도,2026-01-13 13:16:58.529388,2026-01-13 13:16:58.52939,f
8691,박곡리,4783033041,경상북도,2026-01-13 13:16:58.534677,2026-01-13 13:16:58.534682,f
8692,대흥리,4783033042,경상북도,2026-01-13 13:16:58.540603,2026-01-13 13:16:58.540606,f
8693,용소리,4783033043,경상북도,2026-01-13 13:16:58.545829,2026-01-13 13:16:58.545831,f
8694,상용리,4783033044,경상북도,2026-01-13 13:16:58.550207,2026-01-13 13:16:58.550208,f
8695,고탄리,4783033045,경상북도,2026-01-13 13:16:58.554151,2026-01-13 13:16:58.554152,f
8696,기족리,4783033046,경상북도,2026-01-13 13:16:58.55821,2026-01-13 13:16:58.558213,f
8697,기산리,4783033047,경상북도,2026-01-13 13:16:58.562177,2026-01-13 13:16:58.562179,f
8698,사부리,4783033048,경상북도,2026-01-13 13:16:58.566541,2026-01-13 13:16:58.566543,f
8699,다산면,4783034000,경상북도,2026-01-13 13:16:58.570479,2026-01-13 13:16:58.570481,f
8700,평리리,4783034031,경상북도,2026-01-13 13:16:58.574258,2026-01-13 13:16:58.57426,f
8701,호촌리,4783034032,경상북도,2026-01-13 13:16:58.578438,2026-01-13 13:16:58.578441,f
8702,곽촌리,4783034033,경상북도,2026-01-13 13:16:58.583666,2026-01-13 13:16:58.583669,f
8703,상곡리,4783034034,경상북도,2026-01-13 13:16:58.587558,2026-01-13 13:16:58.58756,f
8704,좌학리,4783034035,경상북도,2026-01-13 13:16:58.591572,2026-01-13 13:16:58.591574,f
8705,월성리,4783034036,경상북도,2026-01-13 13:16:58.595752,2026-01-13 13:16:58.595755,f
8706,노곡리,4783034037,경상북도,2026-01-13 13:16:58.600313,2026-01-13 13:16:58.600316,f
8707,나정리,4783034038,경상북도,2026-01-13 13:16:58.604993,2026-01-13 13:16:58.604997,f
8708,벌지리,4783034039,경상북도,2026-01-13 13:16:58.609674,2026-01-13 13:16:58.609677,f
8709,송곡리,4783034040,경상북도,2026-01-13 13:16:58.613805,2026-01-13 13:16:58.613812,f
8710,개진면,4783035000,경상북도,2026-01-13 13:16:58.618036,2026-01-13 13:16:58.618041,f
8711,양전리,4783035032,경상북도,2026-01-13 13:16:58.622327,2026-01-13 13:16:58.622329,f
8712,반운리,4783035033,경상북도,2026-01-13 13:16:58.627151,2026-01-13 13:16:58.627153,f
8713,신안리,4783035034,경상북도,2026-01-13 13:16:58.63076,2026-01-13 13:16:58.630761,f
8714,직리,4783035035,경상북도,2026-01-13 13:16:58.634616,2026-01-13 13:16:58.634619,f
8715,개포리,4783035036,경상북도,2026-01-13 13:16:58.639413,2026-01-13 13:16:58.639416,f
8716,오사리,4783035037,경상북도,2026-01-13 13:16:58.644398,2026-01-13 13:16:58.644402,f
8717,구곡리,4783035038,경상북도,2026-01-13 13:16:58.649776,2026-01-13 13:16:58.649778,f
8718,옥산리,4783035039,경상북도,2026-01-13 13:16:58.654008,2026-01-13 13:16:58.65401,f
8719,부리,4783035040,경상북도,2026-01-13 13:16:58.658008,2026-01-13 13:16:58.65801,f
8720,생리,4783035041,경상북도,2026-01-13 13:16:58.663044,2026-01-13 13:16:58.663046,f
8721,인안리,4783035042,경상북도,2026-01-13 13:16:58.667774,2026-01-13 13:16:58.667776,f
8722,우곡면,4783036000,경상북도,2026-01-13 13:16:58.671817,2026-01-13 13:16:58.671819,f
8723,도진리,4783036034,경상북도,2026-01-13 13:16:58.67566,2026-01-13 13:16:58.675662,f
8724,예곡리,4783036035,경상북도,2026-01-13 13:16:58.679699,2026-01-13 13:16:58.6797,f
8725,답곡리,4783036036,경상북도,2026-01-13 13:16:58.684156,2026-01-13 13:16:58.68416,f
8726,봉산리,4783036037,경상북도,2026-01-13 13:16:58.689567,2026-01-13 13:16:58.689571,f
8727,포리,4783036038,경상북도,2026-01-13 13:16:58.694813,2026-01-13 13:16:58.694816,f
8728,객기리,4783036039,경상북도,2026-01-13 13:16:58.698951,2026-01-13 13:16:58.698956,f
8729,월오리,4783036040,경상북도,2026-01-13 13:16:58.703627,2026-01-13 13:16:58.703635,f
8730,연리,4783036041,경상북도,2026-01-13 13:16:58.707959,2026-01-13 13:16:58.707962,f
8731,대곡리,4783036042,경상북도,2026-01-13 13:16:58.71211,2026-01-13 13:16:58.712113,f
8732,사전리,4783036043,경상북도,2026-01-13 13:16:58.716268,2026-01-13 13:16:58.71627,f
8733,야정리,4783036044,경상북도,2026-01-13 13:16:58.719796,2026-01-13 13:16:58.719797,f
8734,속리,4783036045,경상북도,2026-01-13 13:16:58.724271,2026-01-13 13:16:58.724275,f
8735,사촌리,4783036046,경상북도,2026-01-13 13:16:58.728892,2026-01-13 13:16:58.728894,f
8736,쌍림면,4783037000,경상북도,2026-01-13 13:16:58.732941,2026-01-13 13:16:58.732943,f
8737,귀원리,4783037037,경상북도,2026-01-13 13:16:58.736731,2026-01-13 13:16:58.736733,f
8738,송림리,4783037038,경상북도,2026-01-13 13:16:58.740666,2026-01-13 13:16:58.740668,f
8739,산당리,4783037039,경상북도,2026-01-13 13:16:58.744691,2026-01-13 13:16:58.744694,f
8740,백산리,4783037040,경상북도,2026-01-13 13:16:58.749311,2026-01-13 13:16:58.749314,f
8741,하거리,4783037041,경상북도,2026-01-13 13:16:58.752955,2026-01-13 13:16:58.752959,f
8742,신촌리,4783037042,경상북도,2026-01-13 13:16:58.75692,2026-01-13 13:16:58.756922,f
8743,산주리,4783037043,경상북도,2026-01-13 13:16:58.760639,2026-01-13 13:16:58.760641,f
8744,매촌리,4783037044,경상북도,2026-01-13 13:16:58.764672,2026-01-13 13:16:58.764675,f
8745,산택리,4790038028,경상북도,2026-01-13 13:16:58.773394,2026-01-13 13:16:58.773399,f
8746,합가리,4783037045,경상북도,2026-01-13 13:16:58.781294,2026-01-13 13:16:58.781298,f
8747,신곡리,4783037046,경상북도,2026-01-13 13:16:58.787773,2026-01-13 13:16:58.787777,f
8748,평지리,4783037047,경상북도,2026-01-13 13:16:58.792555,2026-01-13 13:16:58.792557,f
8749,안화리,4783037048,경상북도,2026-01-13 13:16:58.796786,2026-01-13 13:16:58.796789,f
8750,안림리,4783037049,경상북도,2026-01-13 13:16:58.801058,2026-01-13 13:16:58.80106,f
8751,고곡리,4783037050,경상북도,2026-01-13 13:16:58.805519,2026-01-13 13:16:58.805521,f
8752,월막리,4783037051,경상북도,2026-01-13 13:16:58.809448,2026-01-13 13:16:58.809452,f
8753,용리,4783037052,경상북도,2026-01-13 13:16:58.81421,2026-01-13 13:16:58.814212,f
8754,성주군,4784000000,경상북도,2026-01-13 13:16:58.818737,2026-01-13 13:16:58.818738,f
8755,성주읍,4784025000,경상북도,2026-01-13 13:16:58.82319,2026-01-13 13:16:58.823193,f
8756,경산리,4784025021,경상북도,2026-01-13 13:16:58.827449,2026-01-13 13:16:58.827451,f
8757,대흥리,4784025022,경상북도,2026-01-13 13:16:58.831008,2026-01-13 13:16:58.83101,f
8758,대황리,4784025023,경상북도,2026-01-13 13:16:58.835241,2026-01-13 13:16:58.835243,f
8759,성산리,4784025024,경상북도,2026-01-13 13:16:58.838911,2026-01-13 13:16:58.838913,f
8760,삼산리,4784025025,경상북도,2026-01-13 13:16:58.84242,2026-01-13 13:16:58.842421,f
8761,학산리,4784025026,경상북도,2026-01-13 13:16:58.847402,2026-01-13 13:16:58.847405,f
8762,금산리,4784025027,경상북도,2026-01-13 13:16:58.851326,2026-01-13 13:16:58.851328,f
8763,예산리,4784025028,경상북도,2026-01-13 13:16:58.855194,2026-01-13 13:16:58.855197,f
8764,백전리,4784025029,경상북도,2026-01-13 13:16:58.859588,2026-01-13 13:16:58.859591,f
8765,용산리,4784025030,경상북도,2026-01-13 13:16:58.863986,2026-01-13 13:16:58.863988,f
8766,선남면,4784031000,경상북도,2026-01-13 13:16:58.867854,2026-01-13 13:16:58.867856,f
8767,용신리,4784031034,경상북도,2026-01-13 13:16:58.871691,2026-01-13 13:16:58.871692,f
8768,도흥리,4784031035,경상북도,2026-01-13 13:16:58.875663,2026-01-13 13:16:58.875665,f
8769,선원리,4784031036,경상북도,2026-01-13 13:16:58.879809,2026-01-13 13:16:58.879811,f
8770,소학리,4784031037,경상북도,2026-01-13 13:16:58.884314,2026-01-13 13:16:58.884318,f
8771,도성리,4784031038,경상북도,2026-01-13 13:16:58.8886,2026-01-13 13:16:58.888603,f
8772,동암리,4784031039,경상북도,2026-01-13 13:16:58.893281,2026-01-13 13:16:58.893283,f
8773,취곡리,4784031040,경상북도,2026-01-13 13:16:58.89764,2026-01-13 13:16:58.897642,f
8774,무지리,4790038027,경상북도,2026-01-13 13:16:58.90228,2026-01-13 13:16:58.902284,f
8775,신부리,4784031041,경상북도,2026-01-13 13:16:58.906815,2026-01-13 13:16:58.906816,f
8776,성원리,4784031042,경상북도,2026-01-13 13:16:58.91085,2026-01-13 13:16:58.910851,f
8777,문방리,4784031043,경상북도,2026-01-13 13:16:58.914811,2026-01-13 13:16:58.914813,f
8778,오도리,4784031044,경상북도,2026-01-13 13:16:58.918478,2026-01-13 13:16:58.91848,f
8779,관화리,4784031045,경상북도,2026-01-13 13:16:58.921989,2026-01-13 13:16:58.92199,f
8780,유서리,4784031046,경상북도,2026-01-13 13:16:58.927133,2026-01-13 13:16:58.927135,f
8781,명포리,4784031047,경상북도,2026-01-13 13:16:58.930932,2026-01-13 13:16:58.930934,f
8782,장학리,4784031048,경상북도,2026-01-13 13:16:58.935058,2026-01-13 13:16:58.93506,f
8783,용암면,4784032000,경상북도,2026-01-13 13:16:58.939705,2026-01-13 13:16:58.939707,f
8784,덕평리,4784032040,경상북도,2026-01-13 13:16:58.943864,2026-01-13 13:16:58.943866,f
8785,본리리,4784032041,경상북도,2026-01-13 13:16:58.948351,2026-01-13 13:16:58.948353,f
8786,상언리,4784032042,경상북도,2026-01-13 13:16:58.952021,2026-01-13 13:16:58.952022,f
8787,용정리,4784032043,경상북도,2026-01-13 13:16:58.955753,2026-01-13 13:16:58.955756,f
8788,선송리,4784032044,경상북도,2026-01-13 13:16:58.960777,2026-01-13 13:16:58.960779,f
8789,용계리,4784032045,경상북도,2026-01-13 13:16:58.965436,2026-01-13 13:16:58.965438,f
8790,사곡리,4784032046,경상북도,2026-01-13 13:16:58.969861,2026-01-13 13:16:58.969863,f
8791,동락리,4784032047,경상북도,2026-01-13 13:16:58.973847,2026-01-13 13:16:58.973849,f
8792,기산리,4784032048,경상북도,2026-01-13 13:16:58.978029,2026-01-13 13:16:58.978031,f
8793,운산리,4784032049,경상북도,2026-01-13 13:16:58.983137,2026-01-13 13:16:58.983139,f
8794,문명리,4784032050,경상북도,2026-01-13 13:16:58.987103,2026-01-13 13:16:58.987105,f
8795,중거리,4784032053,경상북도,2026-01-13 13:16:58.998396,2026-01-13 13:16:58.9984,f
8796,마월리,4784032054,경상북도,2026-01-13 13:16:59.003349,2026-01-13 13:16:59.003351,f
8797,계상리,4784032055,경상북도,2026-01-13 13:16:59.012118,2026-01-13 13:16:59.012123,f
8798,대봉리,4784032056,경상북도,2026-01-13 13:16:59.019548,2026-01-13 13:16:59.019555,f
8799,상신리,4784032057,경상북도,2026-01-13 13:16:59.036205,2026-01-13 13:16:59.036216,f
8800,죽전리,4784032058,경상북도,2026-01-13 13:16:59.050311,2026-01-13 13:16:59.050314,f
8801,수륜면,4784033000,경상북도,2026-01-13 13:16:59.055876,2026-01-13 13:16:59.055878,f
8802,백운리,4784033035,경상북도,2026-01-13 13:16:59.060218,2026-01-13 13:16:59.06022,f
8803,신파리,4784033036,경상북도,2026-01-13 13:16:59.065009,2026-01-13 13:16:59.065012,f
8804,적송리,4784033037,경상북도,2026-01-13 13:16:59.069354,2026-01-13 13:16:59.069356,f
8805,봉양리,4784033038,경상북도,2026-01-13 13:16:59.074478,2026-01-13 13:16:59.07448,f
8806,신정리,4784033039,경상북도,2026-01-13 13:16:59.078485,2026-01-13 13:16:59.078487,f
8807,수성리,4784033040,경상북도,2026-01-13 13:16:59.082704,2026-01-13 13:16:59.082707,f
8808,송계리,4784033041,경상북도,2026-01-13 13:16:59.088734,2026-01-13 13:16:59.088736,f
8809,수륜리,4784033042,경상북도,2026-01-13 13:16:59.092816,2026-01-13 13:16:59.092819,f
8810,오천리,4784033043,경상북도,2026-01-13 13:16:59.097208,2026-01-13 13:16:59.097211,f
8811,계정리,4784033044,경상북도,2026-01-13 13:16:59.101157,2026-01-13 13:16:59.101159,f
8812,남은리,4784033045,경상북도,2026-01-13 13:16:59.106345,2026-01-13 13:16:59.106348,f
8813,보월리,4784033046,경상북도,2026-01-13 13:16:59.111653,2026-01-13 13:16:59.111656,f
8814,작은리,4784033047,경상북도,2026-01-13 13:16:59.11601,2026-01-13 13:16:59.116013,f
8815,성리,4784033048,경상북도,2026-01-13 13:16:59.120058,2026-01-13 13:16:59.12006,f
8816,가천면,4784034000,경상북도,2026-01-13 13:16:59.123978,2026-01-13 13:16:59.12398,f
8817,창천리,4784034030,경상북도,2026-01-13 13:16:59.129092,2026-01-13 13:16:59.129094,f
8818,화죽리,4784034031,경상북도,2026-01-13 13:16:59.133855,2026-01-13 13:16:59.133857,f
8819,동원리,4784034032,경상북도,2026-01-13 13:16:59.138132,2026-01-13 13:16:59.138134,f
8820,마수리,4784034033,경상북도,2026-01-13 13:16:59.143461,2026-01-13 13:16:59.143463,f
8821,법전리,4784034034,경상북도,2026-01-13 13:16:59.147949,2026-01-13 13:16:59.147952,f
8822,신계리,4784034035,경상북도,2026-01-13 13:16:59.152592,2026-01-13 13:16:59.152593,f
8823,용사리,4784034036,경상북도,2026-01-13 13:16:59.156486,2026-01-13 13:16:59.156488,f
8824,금봉리,4784034037,경상북도,2026-01-13 13:16:59.160209,2026-01-13 13:16:59.160211,f
8825,중산리,4784034038,경상북도,2026-01-13 13:16:59.165031,2026-01-13 13:16:59.165034,f
8826,대가면,4784036000,경상북도,2026-01-13 13:16:59.16915,2026-01-13 13:16:59.169152,f
8827,칠봉리,4784036030,경상북도,2026-01-13 13:16:59.174059,2026-01-13 13:16:59.174062,f
8828,옥성리,4784036031,경상북도,2026-01-13 13:16:59.178348,2026-01-13 13:16:59.178352,f
8829,용흥리,4784036032,경상북도,2026-01-13 13:16:59.182154,2026-01-13 13:16:59.182155,f
8830,흥산리,4784036033,경상북도,2026-01-13 13:16:59.186937,2026-01-13 13:16:59.186939,f
8831,옥련리,4784036034,경상북도,2026-01-13 13:16:59.190705,2026-01-13 13:16:59.190707,f
8832,금산리,4784036035,경상북도,2026-01-13 13:16:59.194588,2026-01-13 13:16:59.194591,f
8833,옥화리,4784036036,경상북도,2026-01-13 13:16:59.198972,2026-01-13 13:16:59.198975,f
8834,대천리,4784036037,경상북도,2026-01-13 13:16:59.203591,2026-01-13 13:16:59.203593,f
8835,향석리,4790038025,경상북도,2026-01-13 13:16:59.208347,2026-01-13 13:16:59.208348,f
8836,대은리,4790038026,경상북도,2026-01-13 13:16:59.212537,2026-01-13 13:16:59.212539,f
8837,도남리,4784036038,경상북도,2026-01-13 13:16:59.217095,2026-01-13 13:16:59.217097,f
8838,벽진면,4784037000,경상북도,2026-01-13 13:16:59.221134,2026-01-13 13:16:59.221136,f
8839,봉계리,4784037031,경상북도,2026-01-13 13:16:59.225136,2026-01-13 13:16:59.225138,f
8840,매수리,4784037032,경상북도,2026-01-13 13:16:59.228912,2026-01-13 13:16:59.228914,f
8841,외기리,4784037033,경상북도,2026-01-13 13:16:59.233128,2026-01-13 13:16:59.233131,f
8842,봉학리,4784037034,경상북도,2026-01-13 13:16:59.237129,2026-01-13 13:16:59.237132,f
8843,용암리,4784037035,경상북도,2026-01-13 13:16:59.241253,2026-01-13 13:16:59.241254,f
8844,자산리,4784037036,경상북도,2026-01-13 13:16:59.246604,2026-01-13 13:16:59.246608,f
8845,운정리,4784037037,경상북도,2026-01-13 13:16:59.252577,2026-01-13 13:16:59.252579,f
8846,가암리,4784037038,경상북도,2026-01-13 13:16:59.257699,2026-01-13 13:16:59.257702,f
8847,수촌리,4784037039,경상북도,2026-01-13 13:16:59.26201,2026-01-13 13:16:59.262013,f
8848,초전면,4784038000,경상북도,2026-01-13 13:16:59.267175,2026-01-13 13:16:59.267178,f
8849,대장리,4784038032,경상북도,2026-01-13 13:16:59.271063,2026-01-13 13:16:59.271065,f
8850,칠선리,4784038033,경상북도,2026-01-13 13:16:59.275112,2026-01-13 13:16:59.275114,f
8851,용성리,4784038034,경상북도,2026-01-13 13:16:59.279358,2026-01-13 13:16:59.279361,f
8852,문덕리,4784038035,경상북도,2026-01-13 13:16:59.283844,2026-01-13 13:16:59.283847,f
8853,자양리,4784038036,경상북도,2026-01-13 13:16:59.288138,2026-01-13 13:16:59.288142,f
8854,고산리,4784038037,경상북도,2026-01-13 13:16:59.292111,2026-01-13 13:16:59.292114,f
8855,월곡리,4784038038,경상북도,2026-01-13 13:16:59.296608,2026-01-13 13:16:59.29661,f
8856,소성리,4784038039,경상북도,2026-01-13 13:16:59.300903,2026-01-13 13:16:59.300905,f
8857,용봉리,4784038040,경상북도,2026-01-13 13:16:59.304969,2026-01-13 13:16:59.304972,f
8858,봉정리,4784038041,경상북도,2026-01-13 13:16:59.309313,2026-01-13 13:16:59.309315,f
8859,동포리,4784038042,경상북도,2026-01-13 13:16:59.313231,2026-01-13 13:16:59.313233,f
8860,어산리,4784038043,경상북도,2026-01-13 13:16:59.317252,2026-01-13 13:16:59.317254,f
8861,월항면,4784039000,경상북도,2026-01-13 13:16:59.321064,2026-01-13 13:16:59.321066,f
8862,대산리,4784039031,경상북도,2026-01-13 13:16:59.325919,2026-01-13 13:16:59.325922,f
8863,유월리,4784039032,경상북도,2026-01-13 13:16:59.330032,2026-01-13 13:16:59.330035,f
8864,안포리,4784039033,경상북도,2026-01-13 13:16:59.333964,2026-01-13 13:16:59.333966,f
8865,용각리,4784039034,경상북도,2026-01-13 13:16:59.338615,2026-01-13 13:16:59.338619,f
8866,보암리,4784039035,경상북도,2026-01-13 13:16:59.343702,2026-01-13 13:16:59.343705,f
8867,장산리,4784039036,경상북도,2026-01-13 13:16:59.348173,2026-01-13 13:16:59.348175,f
8868,수죽리,4784039037,경상북도,2026-01-13 13:16:59.352319,2026-01-13 13:16:59.352321,f
8869,지방리,4784039038,경상북도,2026-01-13 13:16:59.356236,2026-01-13 13:16:59.356237,f
8870,인촌리,4784039039,경상북도,2026-01-13 13:16:59.360087,2026-01-13 13:16:59.360089,f
8871,금남리,4790038022,경상북도,2026-01-13 13:16:59.364416,2026-01-13 13:16:59.364419,f
8872,가야리,4790038023,경상북도,2026-01-13 13:16:59.369218,2026-01-13 13:16:59.369221,f
8873,무이리,4790038024,경상북도,2026-01-13 13:16:59.373479,2026-01-13 13:16:59.373481,f
8874,칠곡군,4785000000,경상북도,2026-01-13 13:16:59.378195,2026-01-13 13:16:59.378197,f
8875,왜관읍,4785025000,경상북도,2026-01-13 13:16:59.382466,2026-01-13 13:16:59.382468,f
8876,왜관리,4785025021,경상북도,2026-01-13 13:16:59.389973,2026-01-13 13:16:59.389977,f
8877,석전리,4785025022,경상북도,2026-01-13 13:16:59.403434,2026-01-13 13:16:59.403444,f
8878,매원리,4785025023,경상북도,2026-01-13 13:16:59.413162,2026-01-13 13:16:59.413169,f
8879,봉계리,4785025024,경상북도,2026-01-13 13:16:59.421751,2026-01-13 13:16:59.421757,f
8880,삼청리,4785025025,경상북도,2026-01-13 13:16:59.426129,2026-01-13 13:16:59.426131,f
8881,금산리,4785025026,경상북도,2026-01-13 13:16:59.431008,2026-01-13 13:16:59.431011,f
8882,가리,4790037060,경상북도,2026-01-13 13:16:59.435494,2026-01-13 13:16:59.435498,f
8883,용궁면,4790038000,경상북도,2026-01-13 13:16:59.43973,2026-01-13 13:16:59.439732,f
8884,읍부리,4790038021,경상북도,2026-01-13 13:16:59.443687,2026-01-13 13:16:59.443689,f
8885,낙산리,4785025027,경상북도,2026-01-13 13:16:59.447853,2026-01-13 13:16:59.447855,f
8886,금남리,4785025028,경상북도,2026-01-13 13:16:59.452129,2026-01-13 13:16:59.452131,f
8887,아곡리,4785025029,경상북도,2026-01-13 13:16:59.456002,2026-01-13 13:16:59.456004,f
8888,북삼읍,4785025300,경상북도,2026-01-13 13:16:59.460173,2026-01-13 13:16:59.460175,f
8889,율리,4785025321,경상북도,2026-01-13 13:16:59.465692,2026-01-13 13:16:59.465695,f
8890,어로리,4785025322,경상북도,2026-01-13 13:16:59.46971,2026-01-13 13:16:59.469711,f
8891,보손리,4785025323,경상북도,2026-01-13 13:16:59.474222,2026-01-13 13:16:59.474225,f
8892,숭오리,4785025324,경상북도,2026-01-13 13:16:59.477909,2026-01-13 13:16:59.477911,f
8893,인평리,4785025325,경상북도,2026-01-13 13:16:59.481416,2026-01-13 13:16:59.481418,f
8894,오평리,4785025326,경상북도,2026-01-13 13:16:59.48626,2026-01-13 13:16:59.486262,f
8895,석적읍,4785025600,경상북도,2026-01-13 13:16:59.490911,2026-01-13 13:16:59.490913,f
8896,성곡리,4785025621,경상북도,2026-01-13 13:16:59.495852,2026-01-13 13:16:59.495854,f
8897,중리,4785025622,경상북도,2026-01-13 13:16:59.500315,2026-01-13 13:16:59.500317,f
8898,남율리,4785025623,경상북도,2026-01-13 13:16:59.504273,2026-01-13 13:16:59.504275,f
8899,포남리,4785025624,경상북도,2026-01-13 13:16:59.508021,2026-01-13 13:16:59.508023,f
8900,중지리,4785025625,경상북도,2026-01-13 13:16:59.511923,2026-01-13 13:16:59.511924,f
8901,반계리,4785025626,경상북도,2026-01-13 13:16:59.515584,2026-01-13 13:16:59.515587,f
8902,망정리,4785025627,경상북도,2026-01-13 13:16:59.518997,2026-01-13 13:16:59.518998,f
8903,도개리,4785025628,경상북도,2026-01-13 13:16:59.522648,2026-01-13 13:16:59.52265,f
8904,지천면,4785031000,경상북도,2026-01-13 13:16:59.52712,2026-01-13 13:16:59.527122,f
8905,신리,4785031036,경상북도,2026-01-13 13:16:59.530871,2026-01-13 13:16:59.530873,f
8906,송정리,4785031037,경상북도,2026-01-13 13:16:59.534543,2026-01-13 13:16:59.534545,f
8907,금호리,4785031038,경상북도,2026-01-13 13:16:59.539239,2026-01-13 13:16:59.539242,f
8908,연화리,4785031039,경상북도,2026-01-13 13:16:59.544223,2026-01-13 13:16:59.544226,f
8909,달서리,4785031040,경상북도,2026-01-13 13:16:59.54813,2026-01-13 13:16:59.548132,f
8910,백운리,4785031041,경상북도,2026-01-13 13:16:59.552266,2026-01-13 13:16:59.552268,f
8911,창평리,4785031042,경상북도,2026-01-13 13:16:59.556276,2026-01-13 13:16:59.556278,f
8912,심천리,4785031043,경상북도,2026-01-13 13:16:59.560018,2026-01-13 13:16:59.56002,f
8913,덕산리,4785031044,경상북도,2026-01-13 13:16:59.564262,2026-01-13 13:16:59.564264,f
8914,영오리,4785031045,경상북도,2026-01-13 13:16:59.568597,2026-01-13 13:16:59.5686,f
8915,오산리,4785031046,경상북도,2026-01-13 13:16:59.572525,2026-01-13 13:16:59.572527,f
8916,용산리,4785031047,경상북도,2026-01-13 13:16:59.576752,2026-01-13 13:16:59.576755,f
8917,연호리,4785031048,경상북도,2026-01-13 13:16:59.581605,2026-01-13 13:16:59.581607,f
8918,낙산리,4785031049,경상북도,2026-01-13 13:16:59.586527,2026-01-13 13:16:59.586529,f
8919,황학리,4785031050,경상북도,2026-01-13 13:16:59.590533,2026-01-13 13:16:59.590535,f
8920,동명면,4785032000,경상북도,2026-01-13 13:16:59.59442,2026-01-13 13:16:59.594423,f
8921,금암리,4785032030,경상북도,2026-01-13 13:16:59.598871,2026-01-13 13:16:59.598872,f
8922,송산리,4785032031,경상북도,2026-01-13 13:16:59.602941,2026-01-13 13:16:59.602943,f
8923,가천리,4785032032,경상북도,2026-01-13 13:16:59.607672,2026-01-13 13:16:59.607674,f
8924,학명리,4785032033,경상북도,2026-01-13 13:16:59.611891,2026-01-13 13:16:59.611894,f
8925,용암리,4790037057,경상북도,2026-01-13 13:16:59.616156,2026-01-13 13:16:59.616159,f
8926,초적리,4790037058,경상북도,2026-01-13 13:16:59.621268,2026-01-13 13:16:59.621271,f
8927,매산리,4790037059,경상북도,2026-01-13 13:16:59.626145,2026-01-13 13:16:59.626147,f
8928,남원리,4785032034,경상북도,2026-01-13 13:16:59.630111,2026-01-13 13:16:59.630113,f
8929,득명리,4785032035,경상북도,2026-01-13 13:16:59.633902,2026-01-13 13:16:59.633905,f
8930,기성리,4785032036,경상북도,2026-01-13 13:16:59.638316,2026-01-13 13:16:59.638318,f
8931,구덕리,4785032037,경상북도,2026-01-13 13:16:59.642513,2026-01-13 13:16:59.642515,f
8932,봉암리,4785032038,경상북도,2026-01-13 13:16:59.648461,2026-01-13 13:16:59.648464,f
8933,가산면,4785033000,경상북도,2026-01-13 13:16:59.652818,2026-01-13 13:16:59.652822,f
8934,다부리,4785033034,경상북도,2026-01-13 13:16:59.656637,2026-01-13 13:16:59.656639,f
8935,금화리,4785033035,경상북도,2026-01-13 13:16:59.660736,2026-01-13 13:16:59.660739,f
8936,가산리,4785033036,경상북도,2026-01-13 13:16:59.6667,2026-01-13 13:16:59.666704,f
8937,응추리,4785033037,경상북도,2026-01-13 13:16:59.670863,2026-01-13 13:16:59.670864,f
8938,용수리,4785033038,경상북도,2026-01-13 13:16:59.674885,2026-01-13 13:16:59.674887,f
8939,천평리,4785033039,경상북도,2026-01-13 13:16:59.678957,2026-01-13 13:16:59.678959,f
8940,심곡리,4785033041,경상북도,2026-01-13 13:16:59.684029,2026-01-13 13:16:59.684032,f
8941,학하리,4785033043,경상북도,2026-01-13 13:16:59.689312,2026-01-13 13:16:59.689314,f
8942,학상리,4785033044,경상북도,2026-01-13 13:16:59.693683,2026-01-13 13:16:59.693685,f
8943,학산리,4785033045,경상북도,2026-01-13 13:16:59.698292,2026-01-13 13:16:59.698294,f
8944,석우리,4785033046,경상북도,2026-01-13 13:16:59.70271,2026-01-13 13:16:59.702712,f
8945,송학리,4785033047,경상북도,2026-01-13 13:16:59.707298,2026-01-13 13:16:59.7073,f
8946,율현리,4790037055,경상북도,2026-01-13 13:16:59.711109,2026-01-13 13:16:59.71111,f
8947,연천리,4790037056,경상북도,2026-01-13 13:16:59.715465,2026-01-13 13:16:59.715468,f
8948,약목면,4785036000,경상북도,2026-01-13 13:16:59.721953,2026-01-13 13:16:59.721956,f
8949,복성리,4785036028,경상북도,2026-01-13 13:16:59.727429,2026-01-13 13:16:59.727432,f
8950,동안리,4785036029,경상북도,2026-01-13 13:16:59.733722,2026-01-13 13:16:59.733726,f
8951,남계리,4785036030,경상북도,2026-01-13 13:16:59.738694,2026-01-13 13:16:59.738697,f
8952,교리,4785036031,경상북도,2026-01-13 13:16:59.74481,2026-01-13 13:16:59.744815,f
8953,덕산리,4785036032,경상북도,2026-01-13 13:16:59.751208,2026-01-13 13:16:59.75121,f
8954,무림리,4785036033,경상북도,2026-01-13 13:16:59.755004,2026-01-13 13:16:59.755006,f
8955,관호리,4785036034,경상북도,2026-01-13 13:16:59.758838,2026-01-13 13:16:59.758839,f
8956,기산면,4785037000,경상북도,2026-01-13 13:16:59.763814,2026-01-13 13:16:59.763817,f
8957,죽전리,4785037028,경상북도,2026-01-13 13:16:59.768106,2026-01-13 13:16:59.768108,f
8958,평복리,4785037029,경상북도,2026-01-13 13:16:59.772689,2026-01-13 13:16:59.772692,f
8959,영리,4785037030,경상북도,2026-01-13 13:16:59.776873,2026-01-13 13:16:59.776876,f
8960,행정리,4785037031,경상북도,2026-01-13 13:16:59.780861,2026-01-13 13:16:59.780863,f
8961,봉산리,4785037032,경상북도,2026-01-13 13:16:59.785889,2026-01-13 13:16:59.785891,f
8962,각산리,4785037033,경상북도,2026-01-13 13:16:59.789742,2026-01-13 13:16:59.789744,f
8963,노석리,4785037034,경상북도,2026-01-13 13:16:59.794206,2026-01-13 13:16:59.79421,f
8964,고림리,4790037053,경상북도,2026-01-13 13:16:59.798494,2026-01-13 13:16:59.798497,f
8965,송지리,4790037054,경상북도,2026-01-13 13:16:59.803414,2026-01-13 13:16:59.803417,f
8966,마천리,4790037050,경상북도,2026-01-13 13:16:59.808521,2026-01-13 13:16:59.808523,f
8967,화전리,4790037051,경상북도,2026-01-13 13:16:59.812506,2026-01-13 13:16:59.812508,f
8968,사곡리,4790037052,경상북도,2026-01-13 13:16:59.816769,2026-01-13 13:16:59.816771,f
8969,송전리,4790037047,경상북도,2026-01-13 13:16:59.820727,2026-01-13 13:16:59.820729,f
8970,중평리,4790037048,경상북도,2026-01-13 13:16:59.824625,2026-01-13 13:16:59.824627,f
8971,죽안리,4790037049,경상북도,2026-01-13 13:16:59.828511,2026-01-13 13:16:59.828514,f
8972,손기리,4790037045,경상북도,2026-01-13 13:16:59.832686,2026-01-13 13:16:59.832687,f
8973,수심리,4790037046,경상북도,2026-01-13 13:16:59.83701,2026-01-13 13:16:59.837012,f
8974,고산리,4790037042,경상북도,2026-01-13 13:16:59.841604,2026-01-13 13:16:59.841607,f
8975,성평리,4790037043,경상북도,2026-01-13 13:16:59.846037,2026-01-13 13:16:59.846039,f
8976,광전리,4790037044,경상북도,2026-01-13 13:16:59.851136,2026-01-13 13:16:59.85114,f
8977,화지리,4790037041,경상북도,2026-01-13 13:16:59.855392,2026-01-13 13:16:59.855395,f
8978,유천면,4790037000,경상북도,2026-01-13 13:16:59.85945,2026-01-13 13:16:59.859452,f
8979,예천군,4790000000,경상북도,2026-01-13 13:16:59.865689,2026-01-13 13:16:59.865691,f
8980,예천읍,4790025000,경상북도,2026-01-13 13:16:59.870493,2026-01-13 13:16:59.870495,f
8981,노하리,4790025021,경상북도,2026-01-13 13:16:59.875226,2026-01-13 13:16:59.875228,f
8982,노상리,4790025022,경상북도,2026-01-13 13:16:59.879493,2026-01-13 13:16:59.879495,f
8983,백전리,4790025023,경상북도,2026-01-13 13:16:59.883998,2026-01-13 13:16:59.884,f
8984,동본리,4790025024,경상북도,2026-01-13 13:16:59.888145,2026-01-13 13:16:59.888147,f
8985,남본리,4790025025,경상북도,2026-01-13 13:16:59.892537,2026-01-13 13:16:59.89254,f
8986,서본리,4790025026,경상북도,2026-01-13 13:16:59.897913,2026-01-13 13:16:59.897916,f
8987,대심리,4790025027,경상북도,2026-01-13 13:16:59.902945,2026-01-13 13:16:59.902947,f
8988,석정리,4790025028,경상북도,2026-01-13 13:16:59.910686,2026-01-13 13:16:59.910689,f
8989,지내리,4790025029,경상북도,2026-01-13 13:16:59.915418,2026-01-13 13:16:59.915421,f
8990,왕신리,4790025031,경상북도,2026-01-13 13:16:59.92247,2026-01-13 13:16:59.922475,f
8991,청복리,4790025032,경상북도,2026-01-13 13:16:59.928101,2026-01-13 13:16:59.928103,f
8992,통명리,4790025033,경상북도,2026-01-13 13:16:59.936228,2026-01-13 13:16:59.936231,f
8993,우계리,4790025034,경상북도,2026-01-13 13:16:59.942032,2026-01-13 13:16:59.942035,f
8994,갈구리,4790025035,경상북도,2026-01-13 13:16:59.946839,2026-01-13 13:16:59.946841,f
8995,생천리,4790025036,경상북도,2026-01-13 13:16:59.951977,2026-01-13 13:16:59.95198,f
8996,용산리,4790025037,경상북도,2026-01-13 13:16:59.956523,2026-01-13 13:16:59.956526,f
8997,고평리,4790025038,경상북도,2026-01-13 13:16:59.965957,2026-01-13 13:16:59.965959,f
8998,상동리,4790025039,경상북도,2026-01-13 13:16:59.970621,2026-01-13 13:16:59.970623,f
8999,용문면,4790031000,경상북도,2026-01-13 13:16:59.975542,2026-01-13 13:16:59.975544,f
9000,상금곡리,4790031039,경상북도,2026-01-13 13:16:59.979996,2026-01-13 13:16:59.979999,f
9001,하금곡리,4790031040,경상북도,2026-01-13 13:16:59.98832,2026-01-13 13:16:59.988324,f
9002,성현리,4790031041,경상북도,2026-01-13 13:16:59.998401,2026-01-13 13:16:59.998403,f
9003,덕신리,4790031042,경상북도,2026-01-13 13:17:00.011668,2026-01-13 13:17:00.011673,f
9004,방송리,4790031043,경상북도,2026-01-13 13:17:00.018381,2026-01-13 13:17:00.018383,f
9005,노사리,4790031044,경상북도,2026-01-13 13:17:00.030127,2026-01-13 13:17:00.030132,f
9006,구계리,4790031045,경상북도,2026-01-13 13:17:00.038896,2026-01-13 13:17:00.038901,f
9007,죽림리,4790031046,경상북도,2026-01-13 13:17:00.046099,2026-01-13 13:17:00.046101,f
9008,직리,4790031047,경상북도,2026-01-13 13:17:00.051729,2026-01-13 13:17:00.051731,f
9009,두천리,4790031048,경상북도,2026-01-13 13:17:00.055649,2026-01-13 13:17:00.055651,f
9010,사부리,4790031049,경상북도,2026-01-13 13:17:00.060124,2026-01-13 13:17:00.060127,f
9011,내지리,4790031050,경상북도,2026-01-13 13:17:00.06452,2026-01-13 13:17:00.064522,f
9012,원류리,4790031051,경상북도,2026-01-13 13:17:00.070448,2026-01-13 13:17:00.07045,f
9013,선리,4790031052,경상북도,2026-01-13 13:17:00.074459,2026-01-13 13:17:00.074461,f
9014,능천리,4790031053,경상북도,2026-01-13 13:17:00.080216,2026-01-13 13:17:00.080218,f
9015,제곡리,4790031054,경상북도,2026-01-13 13:17:00.084116,2026-01-13 13:17:00.084117,f
9016,대제리,4790031055,경상북도,2026-01-13 13:17:00.087803,2026-01-13 13:17:00.087804,f
9017,하학리,4790031056,경상북도,2026-01-13 13:17:00.093461,2026-01-13 13:17:00.093465,f
9018,감천면,4790034000,경상북도,2026-01-13 13:17:00.097322,2026-01-13 13:17:00.097324,f
9019,포리,4790034036,경상북도,2026-01-13 13:17:00.101956,2026-01-13 13:17:00.101958,f
9020,덕율리,4790034037,경상북도,2026-01-13 13:17:00.109448,2026-01-13 13:17:00.109451,f
9021,관현리,4790034038,경상북도,2026-01-13 13:17:00.115472,2026-01-13 13:17:00.115477,f
9022,천향리,4790034039,경상북도,2026-01-13 13:17:00.124023,2026-01-13 13:17:00.124028,f
9023,진평리,4790034040,경상북도,2026-01-13 13:17:00.137034,2026-01-13 13:17:00.13704,f
9024,벌방리,4790034041,경상북도,2026-01-13 13:17:00.145638,2026-01-13 13:17:00.145641,f
9025,수한리,4790034042,경상북도,2026-01-13 13:17:00.154486,2026-01-13 13:17:00.154493,f
9026,현내리,4790034043,경상북도,2026-01-13 13:17:00.171629,2026-01-13 13:17:00.171636,f
9027,증거리,4790034044,경상북도,2026-01-13 13:17:00.17775,2026-01-13 13:17:00.177752,f
9028,돈산리,4790034045,경상북도,2026-01-13 13:17:00.181576,2026-01-13 13:17:00.181577,f
9029,유리,4790034046,경상북도,2026-01-13 13:17:00.186042,2026-01-13 13:17:00.186045,f
9030,미석리,4790034047,경상북도,2026-01-13 13:17:00.194632,2026-01-13 13:17:00.194634,f
9031,대맥리,4790034048,경상북도,2026-01-13 13:17:00.199173,2026-01-13 13:17:00.199176,f
9032,장산리,4790034049,경상북도,2026-01-13 13:17:00.203204,2026-01-13 13:17:00.203206,f
9033,마촌리,4790034050,경상북도,2026-01-13 13:17:00.207063,2026-01-13 13:17:00.207065,f
9034,보문면,4790035000,경상북도,2026-01-13 13:17:00.211467,2026-01-13 13:17:00.211469,f
9035,미호리,4790035034,경상북도,2026-01-13 13:17:00.215367,2026-01-13 13:17:00.215368,f
9036,신월리,4790035035,경상북도,2026-01-13 13:17:00.219126,2026-01-13 13:17:00.219128,f
9037,승본리,4790035036,경상북도,2026-01-13 13:17:00.225712,2026-01-13 13:17:00.225714,f
9038,간방리,4790035037,경상북도,2026-01-13 13:17:00.229667,2026-01-13 13:17:00.22967,f
9039,독양리,4790035038,경상북도,2026-01-13 13:17:00.233609,2026-01-13 13:17:00.233611,f
9040,옥천리,4790035039,경상북도,2026-01-13 13:17:00.237341,2026-01-13 13:17:00.237342,f
9041,기곡리,4790035040,경상북도,2026-01-13 13:17:00.241104,2026-01-13 13:17:00.241106,f
9042,우래리,4790035041,경상북도,2026-01-13 13:17:00.244564,2026-01-13 13:17:00.244566,f
9043,산성리,4790035042,경상북도,2026-01-13 13:17:00.252877,2026-01-13 13:17:00.252879,f
9044,오신리,4790035043,경상북도,2026-01-13 13:17:00.257023,2026-01-13 13:17:00.257025,f
9045,수계리,4790035044,경상북도,2026-01-13 13:17:00.260849,2026-01-13 13:17:00.26085,f
9046,작곡리,4790035045,경상북도,2026-01-13 13:17:00.264721,2026-01-13 13:17:00.264723,f
9047,오암리,4790035046,경상북도,2026-01-13 13:17:00.269109,2026-01-13 13:17:00.269112,f
9048,송암리,4790038030,경상북도,2026-01-13 13:17:00.27334,2026-01-13 13:17:00.273342,f
9049,덕계리,4790038031,경상북도,2026-01-13 13:17:00.281358,2026-01-13 13:17:00.281361,f
9050,개포면,4790039000,경상북도,2026-01-13 13:17:00.285461,2026-01-13 13:17:00.285463,f
9051,금리,4790039021,경상북도,2026-01-13 13:17:00.291262,2026-01-13 13:17:00.291264,f
9052,경진리,4790039022,경상북도,2026-01-13 13:17:00.296094,2026-01-13 13:17:00.296097,f
9053,동송리,4790039023,경상북도,2026-01-13 13:17:00.300555,2026-01-13 13:17:00.300557,f
9054,이사리,4790039024,경상북도,2026-01-13 13:17:00.308055,2026-01-13 13:17:00.308061,f
9055,우감리,4790039025,경상북도,2026-01-13 13:17:00.314518,2026-01-13 13:17:00.314522,f
9056,신음리,4790039026,경상북도,2026-01-13 13:17:00.318826,2026-01-13 13:17:00.318828,f
9057,가곡리,4790039027,경상북도,2026-01-13 13:17:00.323585,2026-01-13 13:17:00.323587,f
9058,황산리,4790039028,경상북도,2026-01-13 13:17:00.327816,2026-01-13 13:17:00.327817,f
9059,장송리,4790039029,경상북도,2026-01-13 13:17:00.33239,2026-01-13 13:17:00.332392,f
9060,입암리,4790039030,경상북도,2026-01-13 13:17:00.340768,2026-01-13 13:17:00.34077,f
9061,갈마리,4790039031,경상북도,2026-01-13 13:17:00.345773,2026-01-13 13:17:00.345778,f
9062,풍정리,4790039032,경상북도,2026-01-13 13:17:00.352481,2026-01-13 13:17:00.352484,f
9063,지보면,4790040000,경상북도,2026-01-13 13:17:00.35745,2026-01-13 13:17:00.357452,f
9064,소화리,4790040021,경상북도,2026-01-13 13:17:00.361465,2026-01-13 13:17:00.361466,f
9065,마전리,4790040022,경상북도,2026-01-13 13:17:00.373015,2026-01-13 13:17:00.373018,f
9066,지보리,4790040023,경상북도,2026-01-13 13:17:00.377471,2026-01-13 13:17:00.377474,f
9067,도화리,4790040024,경상북도,2026-01-13 13:17:00.381908,2026-01-13 13:17:00.38191,f
9068,신풍리,4790040025,경상북도,2026-01-13 13:17:00.387131,2026-01-13 13:17:00.387134,f
9069,대죽리,4790040026,경상북도,2026-01-13 13:17:00.392521,2026-01-13 13:17:00.392523,f
9070,암천리,4790040027,경상북도,2026-01-13 13:17:00.397892,2026-01-13 13:17:00.397895,f
9071,어신리,4790040028,경상북도,2026-01-13 13:17:00.402117,2026-01-13 13:17:00.40212,f
9072,송평리,4790040029,경상북도,2026-01-13 13:17:00.406036,2026-01-13 13:17:00.406039,f
9073,수월리,4790040030,경상북도,2026-01-13 13:17:00.410519,2026-01-13 13:17:00.410521,f
9074,상월리,4790040031,경상북도,2026-01-13 13:17:00.414537,2026-01-13 13:17:00.414539,f
9075,만화리,4790040032,경상북도,2026-01-13 13:17:00.418241,2026-01-13 13:17:00.418242,f
9076,매창리,4790040033,경상북도,2026-01-13 13:17:00.422619,2026-01-13 13:17:00.422623,f
9077,도장리,4790040034,경상북도,2026-01-13 13:17:00.428154,2026-01-13 13:17:00.428157,f
9078,마산리,4790040035,경상북도,2026-01-13 13:17:00.433245,2026-01-13 13:17:00.433249,f
9079,풍양면,4790041000,경상북도,2026-01-13 13:17:00.437773,2026-01-13 13:17:00.437776,f
9080,우망리,4790041021,경상북도,2026-01-13 13:17:00.441871,2026-01-13 13:17:00.441873,f
9081,청곡리,4790041022,경상북도,2026-01-13 13:17:00.445689,2026-01-13 13:17:00.445692,f
9082,흔효리,4790041023,경상북도,2026-01-13 13:17:00.450667,2026-01-13 13:17:00.45067,f
9083,흥천리,4790041024,경상북도,2026-01-13 13:17:00.456894,2026-01-13 13:17:00.456896,f
9084,청운리,4790041025,경상북도,2026-01-13 13:17:00.460937,2026-01-13 13:17:00.460939,f
9085,하풍리,4790041026,경상북도,2026-01-13 13:17:00.465379,2026-01-13 13:17:00.465383,f
9086,삼강리,4790041027,경상북도,2026-01-13 13:17:00.470887,2026-01-13 13:17:00.470889,f
9087,오지리,4790041028,경상북도,2026-01-13 13:17:00.474983,2026-01-13 13:17:00.474984,f
9088,풍신리,4790041036,경상북도,2026-01-13 13:17:00.479104,2026-01-13 13:17:00.479108,f
9089,괴당리,4790041037,경상북도,2026-01-13 13:17:00.485084,2026-01-13 13:17:00.485086,f
9090,고산리,4790041038,경상북도,2026-01-13 13:17:00.49033,2026-01-13 13:17:00.490334,f
9091,공덕리,4790041039,경상북도,2026-01-13 13:17:00.496649,2026-01-13 13:17:00.496652,f
9092,낙상리,4790041040,경상북도,2026-01-13 13:17:00.501047,2026-01-13 13:17:00.501049,f
9093,와룡리,4790041041,경상북도,2026-01-13 13:17:00.505402,2026-01-13 13:17:00.505404,f
9094,효갈리,4790041042,경상북도,2026-01-13 13:17:00.511678,2026-01-13 13:17:00.511681,f
9095,효자면,4790042000,경상북도,2026-01-13 13:17:00.516325,2026-01-13 13:17:00.516328,f
9096,도촌리,4790042021,경상북도,2026-01-13 13:17:00.520508,2026-01-13 13:17:00.52051,f
9097,사곡리,4790042022,경상북도,2026-01-13 13:17:00.525012,2026-01-13 13:17:00.525014,f
9098,명봉리,4790042023,경상북도,2026-01-13 13:17:00.529182,2026-01-13 13:17:00.529184,f
9099,용두리,4790042024,경상북도,2026-01-13 13:17:00.533353,2026-01-13 13:17:00.533356,f
9100,두성리,4790042025,경상북도,2026-01-13 13:17:00.537263,2026-01-13 13:17:00.537268,f
9101,백석리,4790042026,경상북도,2026-01-13 13:17:00.544977,2026-01-13 13:17:00.544981,f
9102,초항리,4790042027,경상북도,2026-01-13 13:17:00.549296,2026-01-13 13:17:00.549299,f
9103,고항리,4790042028,경상북도,2026-01-13 13:17:00.553019,2026-01-13 13:17:00.553021,f
9104,석묘리,4790042029,경상북도,2026-01-13 13:17:00.557261,2026-01-13 13:17:00.557262,f
9105,보곡리,4790042030,경상북도,2026-01-13 13:17:00.561223,2026-01-13 13:17:00.561225,f
9106,은풍면,4790043000,경상북도,2026-01-13 13:17:00.565194,2026-01-13 13:17:00.565196,f
9107,우곡리,4790043021,경상북도,2026-01-13 13:17:00.573718,2026-01-13 13:17:00.57372,f
9108,탑리,4790043022,경상북도,2026-01-13 13:17:00.577923,2026-01-13 13:17:00.577925,f
9109,동사리,4790043023,경상북도,2026-01-13 13:17:00.582566,2026-01-13 13:17:00.58257,f
9110,은산리,4790043024,경상북도,2026-01-13 13:17:00.586791,2026-01-13 13:17:00.586793,f
9111,송월리,4790043025,경상북도,2026-01-13 13:17:00.591599,2026-01-13 13:17:00.591602,f
9112,금곡리,4790043026,경상북도,2026-01-13 13:17:00.595792,2026-01-13 13:17:00.595794,f
9113,오류리,4790043027,경상북도,2026-01-13 13:17:00.602092,2026-01-13 13:17:00.602094,f
9114,율곡리,4790043028,경상북도,2026-01-13 13:17:00.60615,2026-01-13 13:17:00.606152,f
9115,부초리,4790043029,경상북도,2026-01-13 13:17:00.610917,2026-01-13 13:17:00.61092,f
9116,시항리,4790043030,경상북도,2026-01-13 13:17:00.615379,2026-01-13 13:17:00.615381,f
9117,봉화군,4792000000,경상북도,2026-01-13 13:17:00.619339,2026-01-13 13:17:00.619342,f
9118,봉화읍,4792025000,경상북도,2026-01-13 13:17:00.62548,2026-01-13 13:17:00.625486,f
9119,삼계리,4792025022,경상북도,2026-01-13 13:17:00.631909,2026-01-13 13:17:00.631911,f
9120,유곡리,4792025023,경상북도,2026-01-13 13:17:00.636423,2026-01-13 13:17:00.636425,f
9121,거촌리,4792025024,경상북도,2026-01-13 13:17:00.640741,2026-01-13 13:17:00.640743,f
9122,석평리,4792025025,경상북도,2026-01-13 13:17:00.645279,2026-01-13 13:17:00.645282,f
9123,해저리,4792025026,경상북도,2026-01-13 13:17:00.650579,2026-01-13 13:17:00.650586,f
9124,적덕리,4792025027,경상북도,2026-01-13 13:17:00.6629,2026-01-13 13:17:00.662906,f
9125,화천리,4792025028,경상북도,2026-01-13 13:17:00.670885,2026-01-13 13:17:00.670887,f
9126,도촌리,4792025029,경상북도,2026-01-13 13:17:00.675911,2026-01-13 13:17:00.675913,f
9127,문단리,4792025030,경상북도,2026-01-13 13:17:00.680343,2026-01-13 13:17:00.680344,f
9128,내성리,4792025031,경상북도,2026-01-13 13:17:00.689531,2026-01-13 13:17:00.689534,f
9129,물야면,4792031000,경상북도,2026-01-13 13:17:00.695457,2026-01-13 13:17:00.695459,f
9130,오록리,4792031021,경상북도,2026-01-13 13:17:00.699952,2026-01-13 13:17:00.699955,f
9131,가평리,4792031022,경상북도,2026-01-13 13:17:00.705422,2026-01-13 13:17:00.705424,f
9132,개단리,4792031023,경상북도,2026-01-13 13:17:00.70981,2026-01-13 13:17:00.709814,f
9133,오전리,4792031024,경상북도,2026-01-13 13:17:00.717335,2026-01-13 13:17:00.717338,f
9134,압동리,4792031025,경상북도,2026-01-13 13:17:00.721318,2026-01-13 13:17:00.72132,f
9135,두문리,4792031026,경상북도,2026-01-13 13:17:00.725535,2026-01-13 13:17:00.725539,f
9136,수식리,4792031027,경상북도,2026-01-13 13:17:00.730091,2026-01-13 13:17:00.730094,f
9137,북지리,4792031028,경상북도,2026-01-13 13:17:00.735893,2026-01-13 13:17:00.735896,f
9138,봉성면,4792032000,경상북도,2026-01-13 13:17:00.740839,2026-01-13 13:17:00.740842,f
9139,봉성리,4792032021,경상북도,2026-01-13 13:17:00.74638,2026-01-13 13:17:00.746382,f
9140,외삼리,4792032023,경상북도,2026-01-13 13:17:00.750758,2026-01-13 13:17:00.75076,f
9141,창평리,4792032024,경상북도,2026-01-13 13:17:00.755551,2026-01-13 13:17:00.755554,f
9142,동양리,4792032025,경상북도,2026-01-13 13:17:00.760435,2026-01-13 13:17:00.760437,f
9143,금봉리,4792032026,경상북도,2026-01-13 13:17:00.765016,2026-01-13 13:17:00.765018,f
9144,우곡리,4792032027,경상북도,2026-01-13 13:17:00.769868,2026-01-13 13:17:00.769872,f
9145,봉양리,4792032028,경상북도,2026-01-13 13:17:00.77479,2026-01-13 13:17:00.774794,f
9146,법전면,4792033000,경상북도,2026-01-13 13:17:00.779321,2026-01-13 13:17:00.779323,f
9147,법전리,4792033021,경상북도,2026-01-13 13:17:00.783801,2026-01-13 13:17:00.783804,f
9148,풍정리,4792033022,경상북도,2026-01-13 13:17:00.788384,2026-01-13 13:17:00.788386,f
9149,척곡리,4792033023,경상북도,2026-01-13 13:17:00.792772,2026-01-13 13:17:00.792775,f
9150,소천리,4792033024,경상북도,2026-01-13 13:17:00.796934,2026-01-13 13:17:00.796936,f
9151,눌산리,4792033025,경상북도,2026-01-13 13:17:00.803291,2026-01-13 13:17:00.803293,f
9152,어지리,4792033026,경상북도,2026-01-13 13:17:00.80704,2026-01-13 13:17:00.807042,f
9153,소지리,4792033027,경상북도,2026-01-13 13:17:00.811786,2026-01-13 13:17:00.811788,f
9154,춘양면,4792034000,경상북도,2026-01-13 13:17:00.815911,2026-01-13 13:17:00.815913,f
9155,의양리,4792034021,경상북도,2026-01-13 13:17:00.819627,2026-01-13 13:17:00.819628,f
9156,학산리,4792034022,경상북도,2026-01-13 13:17:00.824558,2026-01-13 13:17:00.82456,f
9157,서동리,4792034023,경상북도,2026-01-13 13:17:00.829933,2026-01-13 13:17:00.829937,f
9158,석현리,4792034024,경상북도,2026-01-13 13:17:00.834234,2026-01-13 13:17:00.834236,f
9159,애당리,4792034025,경상북도,2026-01-13 13:17:00.838466,2026-01-13 13:17:00.838468,f
9160,도심리,4792034026,경상북도,2026-01-13 13:17:00.842449,2026-01-13 13:17:00.842451,f
9161,서벽리,4792034027,경상북도,2026-01-13 13:17:00.846697,2026-01-13 13:17:00.846699,f
9162,우구치리,4792034028,경상북도,2026-01-13 13:17:00.85541,2026-01-13 13:17:00.855414,f
9163,소로리,4792034029,경상북도,2026-01-13 13:17:00.859844,2026-01-13 13:17:00.859846,f
9164,소천면,4792035000,경상북도,2026-01-13 13:17:00.864321,2026-01-13 13:17:00.864324,f
9165,현동리,4792035021,경상북도,2026-01-13 13:17:00.868851,2026-01-13 13:17:00.868853,f
9166,고선리,4792035022,경상북도,2026-01-13 13:17:00.873036,2026-01-13 13:17:00.873037,f
9167,임기리,4792035023,경상북도,2026-01-13 13:17:00.877197,2026-01-13 13:17:00.877199,f
9168,두음리,4792035024,경상북도,2026-01-13 13:17:00.883879,2026-01-13 13:17:00.883882,f
9169,서천리,4792035025,경상북도,2026-01-13 13:17:00.887911,2026-01-13 13:17:00.887913,f
9170,남회룡리,4792035026,경상북도,2026-01-13 13:17:00.89289,2026-01-13 13:17:00.892893,f
9171,분천리,4792035027,경상북도,2026-01-13 13:17:00.896833,2026-01-13 13:17:00.896836,f
9172,재산면,4792036000,경상북도,2026-01-13 13:17:00.902187,2026-01-13 13:17:00.90219,f
9173,현동리,4792036021,경상북도,2026-01-13 13:17:00.906804,2026-01-13 13:17:00.906807,f
9174,남면리,4792036022,경상북도,2026-01-13 13:17:00.91205,2026-01-13 13:17:00.912052,f
9175,동면리,4792036023,경상북도,2026-01-13 13:17:00.915882,2026-01-13 13:17:00.915884,f
9176,갈산리,4792036024,경상북도,2026-01-13 13:17:00.919604,2026-01-13 13:17:00.919606,f
9177,상리,4792036025,경상북도,2026-01-13 13:17:00.923682,2026-01-13 13:17:00.923685,f
9178,명호면,4792037000,경상북도,2026-01-13 13:17:00.928619,2026-01-13 13:17:00.928622,f
9179,도천리,4792037021,경상북도,2026-01-13 13:17:00.933133,2026-01-13 13:17:00.933135,f
9180,삼동리,4792037022,경상북도,2026-01-13 13:17:00.94219,2026-01-13 13:17:00.942194,f
9181,양곡리,4792037023,경상북도,2026-01-13 13:17:00.949985,2026-01-13 13:17:00.949989,f
9182,고감리,4792037024,경상북도,2026-01-13 13:17:00.95559,2026-01-13 13:17:00.955593,f
9183,풍호리,4792037025,경상북도,2026-01-13 13:17:00.960573,2026-01-13 13:17:00.960575,f
9184,고계리,4792037026,경상북도,2026-01-13 13:17:00.968958,2026-01-13 13:17:00.96896,f
9185,북곡리,4792037027,경상북도,2026-01-13 13:17:00.973855,2026-01-13 13:17:00.973857,f
9186,관창리,4792037028,경상북도,2026-01-13 13:17:00.978838,2026-01-13 13:17:00.97884,f
9187,상운면,4792038000,경상북도,2026-01-13 13:17:00.983545,2026-01-13 13:17:00.983547,f
9188,가곡리,4792038021,경상북도,2026-01-13 13:17:00.987894,2026-01-13 13:17:00.987897,f
9189,운계리,4792038022,경상북도,2026-01-13 13:17:00.99465,2026-01-13 13:17:00.994653,f
9190,문촌리,4792038023,경상북도,2026-01-13 13:17:00.99934,2026-01-13 13:17:00.999342,f
9191,하눌리,4792038024,경상북도,2026-01-13 13:17:01.003189,2026-01-13 13:17:01.003192,f
9192,토일리,4792038025,경상북도,2026-01-13 13:17:01.007745,2026-01-13 13:17:01.007748,f
9193,구천리,4792038026,경상북도,2026-01-13 13:17:01.013142,2026-01-13 13:17:01.013144,f
9194,설매리,4792038027,경상북도,2026-01-13 13:17:01.017449,2026-01-13 13:17:01.017452,f
9195,신라리,4792038028,경상북도,2026-01-13 13:17:01.021481,2026-01-13 13:17:01.021483,f
9196,석포면,4792039000,경상북도,2026-01-13 13:17:01.027656,2026-01-13 13:17:01.027659,f
9197,석포리,4792039021,경상북도,2026-01-13 13:17:01.033577,2026-01-13 13:17:01.03358,f
9198,대현리,4792039022,경상북도,2026-01-13 13:17:01.038849,2026-01-13 13:17:01.038852,f
9199,승부리,4792039023,경상북도,2026-01-13 13:17:01.044879,2026-01-13 13:17:01.044883,f
9200,울진군,4793000000,경상북도,2026-01-13 13:17:01.054984,2026-01-13 13:17:01.054988,f
9201,울진읍,4793025000,경상북도,2026-01-13 13:17:01.061153,2026-01-13 13:17:01.061157,f
9202,읍내리,4793025021,경상북도,2026-01-13 13:17:01.067466,2026-01-13 13:17:01.06747,f
9203,읍남리,4793025022,경상북도,2026-01-13 13:17:01.072581,2026-01-13 13:17:01.072584,f
9204,연지리,4793025023,경상북도,2026-01-13 13:17:01.077528,2026-01-13 13:17:01.07753,f
9205,온양리,4793025024,경상북도,2026-01-13 13:17:01.085346,2026-01-13 13:17:01.085348,f
9206,명도리,4793025025,경상북도,2026-01-13 13:17:01.090185,2026-01-13 13:17:01.090187,f
9207,고성리,4793025026,경상북도,2026-01-13 13:17:01.095015,2026-01-13 13:17:01.095017,f
9208,정림리,4793025027,경상북도,2026-01-13 13:17:01.099171,2026-01-13 13:17:01.099173,f
9209,신림리,4793025028,경상북도,2026-01-13 13:17:01.10324,2026-01-13 13:17:01.103242,f
9210,대흥리,4793025029,경상북도,2026-01-13 13:17:01.109155,2026-01-13 13:17:01.109161,f
9211,호월리,4793025030,경상북도,2026-01-13 13:17:01.113428,2026-01-13 13:17:01.113432,f
9212,평해읍,4793025300,경상북도,2026-01-13 13:17:01.117822,2026-01-13 13:17:01.117824,f
9213,평해리,4793025321,경상북도,2026-01-13 13:17:01.121826,2026-01-13 13:17:01.121828,f
9214,학곡리,4793025322,경상북도,2026-01-13 13:17:01.125477,2026-01-13 13:17:01.125479,f
9215,삼달리,4793025323,경상북도,2026-01-13 13:17:01.129913,2026-01-13 13:17:01.129916,f
9216,오곡리,4793025324,경상북도,2026-01-13 13:17:01.134228,2026-01-13 13:17:01.13423,f
9217,월송리,4793025325,경상북도,2026-01-13 13:17:01.138167,2026-01-13 13:17:01.138169,f
9218,직산리,4793025326,경상북도,2026-01-13 13:17:01.143949,2026-01-13 13:17:01.143951,f
9219,거일리,4793025327,경상북도,2026-01-13 13:17:01.147996,2026-01-13 13:17:01.147998,f
9220,북면,4793031000,경상북도,2026-01-13 13:17:01.152252,2026-01-13 13:17:01.152254,f
9221,부구리,4793031021,경상북도,2026-01-13 13:17:01.15626,2026-01-13 13:17:01.156262,f
9222,나곡리,4793031022,경상북도,2026-01-13 13:17:01.159972,2026-01-13 13:17:01.159974,f
9223,검성리,4793031023,경상북도,2026-01-13 13:17:01.167349,2026-01-13 13:17:01.167353,f
9224,주인리,4793031024,경상북도,2026-01-13 13:17:01.17374,2026-01-13 13:17:01.173745,f
9225,덕구리,4793031025,경상북도,2026-01-13 13:17:01.179925,2026-01-13 13:17:01.179927,f
9226,상당리,4793031026,경상북도,2026-01-13 13:17:01.183964,2026-01-13 13:17:01.183967,f
9227,두천리,4793031027,경상북도,2026-01-13 13:17:01.188676,2026-01-13 13:17:01.188678,f
9228,하당리,4793031028,경상북도,2026-01-13 13:17:01.192565,2026-01-13 13:17:01.192566,f
9229,사계리,4793031029,경상북도,2026-01-13 13:17:01.201726,2026-01-13 13:17:01.201728,f
9230,소곡리,4793031030,경상북도,2026-01-13 13:17:01.205723,2026-01-13 13:17:01.205725,f
9231,고목리,4793031031,경상북도,2026-01-13 13:17:01.209942,2026-01-13 13:17:01.209945,f
9232,신화리,4793031032,경상북도,2026-01-13 13:17:01.214045,2026-01-13 13:17:01.214047,f
9233,덕천리,4793031033,경상북도,2026-01-13 13:17:01.217785,2026-01-13 13:17:01.217788,f
9234,근남면,4793033000,경상북도,2026-01-13 13:17:01.221837,2026-01-13 13:17:01.221839,f
9235,노음리,4793033021,경상북도,2026-01-13 13:17:01.226017,2026-01-13 13:17:01.22602,f
9236,수산리,4793033022,경상북도,2026-01-13 13:17:01.23177,2026-01-13 13:17:01.231772,f
9237,행곡리,4793033023,경상북도,2026-01-13 13:17:01.236044,2026-01-13 13:17:01.236047,f
9238,수곡리,4793033024,경상북도,2026-01-13 13:17:01.240043,2026-01-13 13:17:01.240045,f
9239,구산리,4793033025,경상북도,2026-01-13 13:17:01.244413,2026-01-13 13:17:01.244415,f
9240,진복리,4793033026,경상북도,2026-01-13 13:17:01.2484,2026-01-13 13:17:01.248402,f
9241,산포리,4793033027,경상북도,2026-01-13 13:17:01.252893,2026-01-13 13:17:01.252895,f
9242,기성면,4793035000,경상북도,2026-01-13 13:17:01.260191,2026-01-13 13:17:01.260193,f
9243,척산리,4793035021,경상북도,2026-01-13 13:17:01.266359,2026-01-13 13:17:01.266364,f
9244,기성리,4793035022,경상북도,2026-01-13 13:17:01.277341,2026-01-13 13:17:01.277347,f
9245,사동리,4793035023,경상북도,2026-01-13 13:17:01.286897,2026-01-13 13:17:01.286903,f
9246,망양리,4793035024,경상북도,2026-01-13 13:17:01.294469,2026-01-13 13:17:01.294473,f
9247,삼산리,4793035025,경상북도,2026-01-13 13:17:01.298811,2026-01-13 13:17:01.298813,f
9248,방율리,4793035026,경상북도,2026-01-13 13:17:01.302872,2026-01-13 13:17:01.302874,f
9249,이평리,4793035027,경상북도,2026-01-13 13:17:01.307783,2026-01-13 13:17:01.307785,f
9250,다천리,4793035028,경상북도,2026-01-13 13:17:01.312256,2026-01-13 13:17:01.312262,f
9251,정명리,4793035029,경상북도,2026-01-13 13:17:01.317888,2026-01-13 13:17:01.317891,f
9252,황보리,4793035030,경상북도,2026-01-13 13:17:01.321836,2026-01-13 13:17:01.321837,f
9253,구산리,4793035031,경상북도,2026-01-13 13:17:01.325576,2026-01-13 13:17:01.325578,f
9254,봉산리,4793035032,경상북도,2026-01-13 13:17:01.330473,2026-01-13 13:17:01.330476,f
9255,온정면,4793036000,경상북도,2026-01-13 13:17:01.334628,2026-01-13 13:17:01.334631,f
9256,소태리,4793036021,경상북도,2026-01-13 13:17:01.338572,2026-01-13 13:17:01.338574,f
9257,온정리,4793036022,경상북도,2026-01-13 13:17:01.347018,2026-01-13 13:17:01.34702,f
9258,조금리,4793036023,경상북도,2026-01-13 13:17:01.351516,2026-01-13 13:17:01.351518,f
9259,덕산리,4793036024,경상북도,2026-01-13 13:17:01.355465,2026-01-13 13:17:01.355468,f
9260,덕인리,4793036025,경상북도,2026-01-13 13:17:01.359109,2026-01-13 13:17:01.359111,f
9261,금천리,4793036026,경상북도,2026-01-13 13:17:01.363237,2026-01-13 13:17:01.363239,f
9262,광품리,4793036027,경상북도,2026-01-13 13:17:01.367085,2026-01-13 13:17:01.367086,f
9263,선구리,4793036028,경상북도,2026-01-13 13:17:01.375306,2026-01-13 13:17:01.375308,f
9264,외선미리,4793036029,경상북도,2026-01-13 13:17:01.379277,2026-01-13 13:17:01.37928,f
9265,죽변면,4793037000,경상북도,2026-01-13 13:17:01.383827,2026-01-13 13:17:01.383831,f
9266,죽변리,4793037021,경상북도,2026-01-13 13:17:01.388678,2026-01-13 13:17:01.388681,f
9267,후정리,4793037022,경상북도,2026-01-13 13:17:01.392702,2026-01-13 13:17:01.392706,f
9268,화성리,4793037023,경상북도,2026-01-13 13:17:01.396812,2026-01-13 13:17:01.396815,f
9269,봉평리,4793037024,경상북도,2026-01-13 13:17:01.403769,2026-01-13 13:17:01.403771,f
9270,후포면,4793038000,경상북도,2026-01-13 13:17:01.407952,2026-01-13 13:17:01.407955,f
9271,후포리,4793038021,경상북도,2026-01-13 13:17:01.412382,2026-01-13 13:17:01.412385,f
9272,삼율리,4793038022,경상북도,2026-01-13 13:17:01.416795,2026-01-13 13:17:01.416798,f
9273,금음리,4793038023,경상북도,2026-01-13 13:17:01.420986,2026-01-13 13:17:01.420989,f
9274,금강송면,4793039000,경상북도,2026-01-13 13:17:01.42563,2026-01-13 13:17:01.425635,f
9275,삼근리,4793039021,경상북도,2026-01-13 13:17:01.432675,2026-01-13 13:17:01.432677,f
9276,하원리,4793039022,경상북도,2026-01-13 13:17:01.43711,2026-01-13 13:17:01.437113,f
9277,왕피리,4793039023,경상북도,2026-01-13 13:17:01.442475,2026-01-13 13:17:01.442478,f
9278,쌍전리,4793039024,경상북도,2026-01-13 13:17:01.447866,2026-01-13 13:17:01.447868,f
9279,소광리,4793039025,경상북도,2026-01-13 13:17:01.453558,2026-01-13 13:17:01.453561,f
9280,전곡리,4793039026,경상북도,2026-01-13 13:17:01.461998,2026-01-13 13:17:01.462002,f
9281,광회리,4793039027,경상북도,2026-01-13 13:17:01.467876,2026-01-13 13:17:01.467878,f
9282,매화면,4793040000,경상북도,2026-01-13 13:17:01.474643,2026-01-13 13:17:01.474647,f
9283,매화리,4793040021,경상북도,2026-01-13 13:17:01.480087,2026-01-13 13:17:01.480089,f
9284,금매리,4793040022,경상북도,2026-01-13 13:17:01.484414,2026-01-13 13:17:01.484416,f
9285,오산리,4793040023,경상북도,2026-01-13 13:17:01.493449,2026-01-13 13:17:01.493455,f
9286,덕신리,4793040024,경상북도,2026-01-13 13:17:01.50015,2026-01-13 13:17:01.500152,f
9287,신흥리,4793040025,경상북도,2026-01-13 13:17:01.505511,2026-01-13 13:17:01.505515,f
9288,기양리,4793040026,경상북도,2026-01-13 13:17:01.509983,2026-01-13 13:17:01.509986,f
9289,갈면리,4793040027,경상북도,2026-01-13 13:17:01.518608,2026-01-13 13:17:01.518611,f
9290,길곡리,4793040028,경상북도,2026-01-13 13:17:01.522744,2026-01-13 13:17:01.522746,f
9291,울릉군,4794000000,경상북도,2026-01-13 13:17:01.526396,2026-01-13 13:17:01.526398,f
9292,울릉읍,4794025000,경상북도,2026-01-13 13:17:01.530348,2026-01-13 13:17:01.53035,f
9293,도동리,4794025024,경상북도,2026-01-13 13:17:01.534499,2026-01-13 13:17:01.534501,f
9294,저동리,4794025025,경상북도,2026-01-13 13:17:01.538781,2026-01-13 13:17:01.538783,f
9295,사동리,4794025026,경상북도,2026-01-13 13:17:01.543067,2026-01-13 13:17:01.54308,f
9296,독도리,4794025027,경상북도,2026-01-13 13:17:01.548823,2026-01-13 13:17:01.548824,f
9297,서면,4794031000,경상북도,2026-01-13 13:17:01.552569,2026-01-13 13:17:01.55257,f
9298,남양리,4794031024,경상북도,2026-01-13 13:17:01.556543,2026-01-13 13:17:01.556545,f
9299,남서리,4794031025,경상북도,2026-01-13 13:17:01.560248,2026-01-13 13:17:01.560249,f
9300,태하리,4794031026,경상북도,2026-01-13 13:17:01.564509,2026-01-13 13:17:01.56451,f
9301,북면,4794032000,경상북도,2026-01-13 13:17:01.569475,2026-01-13 13:17:01.569477,f
9302,천부리,4794032024,경상북도,2026-01-13 13:17:01.577611,2026-01-13 13:17:01.577615,f
9303,나리,4794032025,경상북도,2026-01-13 13:17:01.584678,2026-01-13 13:17:01.584683,f
9304,현포리,4794032026,경상북도,2026-01-13 13:17:01.591423,2026-01-13 13:17:01.591425,f
9305,어일리,4713031521,경상북도,2026-01-13 13:17:01.59596,2026-01-13 13:17:01.595962,f
9306,입천리,4713031522,경상북도,2026-01-13 13:17:01.599772,2026-01-13 13:17:01.599773,f
9307,두산리,4713031523,경상북도,2026-01-13 13:17:01.606386,2026-01-13 13:17:01.606389,f
9308,송전리,4713031524,경상북도,2026-01-13 13:17:01.612548,2026-01-13 13:17:01.612552,f
9309,죽전리,4713031525,경상북도,2026-01-13 13:17:01.617736,2026-01-13 13:17:01.617738,f
9310,구길리,4713031526,경상북도,2026-01-13 13:17:01.622158,2026-01-13 13:17:01.622163,f
9311,용당리,4713031527,경상북도,2026-01-13 13:17:01.631574,2026-01-13 13:17:01.631583,f
9312,봉길리,4713031528,경상북도,2026-01-13 13:17:01.640101,2026-01-13 13:17:01.640104,f
9313,권이리,4713031529,경상북도,2026-01-13 13:17:01.645324,2026-01-13 13:17:01.645327,f
9314,호암리,4713031530,경상북도,2026-01-13 13:17:01.650463,2026-01-13 13:17:01.650466,f
9315,용동리,4713031531,경상북도,2026-01-13 13:17:01.654796,2026-01-13 13:17:01.654799,f
9316,와읍리,4713031532,경상북도,2026-01-13 13:17:01.663193,2026-01-13 13:17:01.663196,f
9317,안동리,4713031533,경상북도,2026-01-13 13:17:01.669384,2026-01-13 13:17:01.669386,f
9318,장항리,4713031534,경상북도,2026-01-13 13:17:01.673584,2026-01-13 13:17:01.673586,f
9319,범곡리,4713031535,경상북도,2026-01-13 13:17:01.678126,2026-01-13 13:17:01.678131,f
9320,문무대왕면,4713031500,경상북도,2026-01-13 13:17:01.682997,2026-01-13 13:17:01.682999,f
9321,금수강산면,4784035500,경상북도,2026-01-13 13:17:01.686879,2026-01-13 13:17:01.686882,f
9322,광산리,4784035521,경상북도,2026-01-13 13:17:01.69402,2026-01-13 13:17:01.694023,f
9323,명천리,4784035522,경상북도,2026-01-13 13:17:01.698089,2026-01-13 13:17:01.698091,f
9324,어은리,4784035523,경상북도,2026-01-13 13:17:01.70384,2026-01-13 13:17:01.703845,f
9325,후평리,4784035524,경상북도,2026-01-13 13:17:01.709154,2026-01-13 13:17:01.709162,f
9326,봉두리,4784035525,경상북도,2026-01-13 13:17:01.714418,2026-01-13 13:17:01.71442,f
9327,무학리,4784035526,경상북도,2026-01-13 13:17:01.721948,2026-01-13 13:17:01.72195,f
9328,영천리,4784035527,경상북도,2026-01-13 13:17:01.726185,2026-01-13 13:17:01.726187,f
9329,대동리,4777036039,경상북도,2026-01-13 13:17:01.730505,2026-01-13 13:17:01.730508,f
9330,호명읍,4790025300,경상북도,2026-01-13 13:17:01.735718,2026-01-13 13:17:01.735721,f
9331,광주광역시,2900000000,광주광역시,2026-01-13 13:17:01.739971,2026-01-13 13:17:01.739973,f
9332,동구,2911000000,광주광역시,2026-01-13 13:17:01.744418,2026-01-13 13:17:01.744421,f
9333,대인동,2911010100,광주광역시,2026-01-13 13:17:01.754055,2026-01-13 13:17:01.754058,f
9334,금남로5가,2911010200,광주광역시,2026-01-13 13:17:01.763328,2026-01-13 13:17:01.763333,f
9335,충장로5가,2911010300,광주광역시,2026-01-13 13:17:01.771929,2026-01-13 13:17:01.771934,f
9336,수기동,2911010400,광주광역시,2026-01-13 13:17:01.778994,2026-01-13 13:17:01.779001,f
9337,대의동,2911010500,광주광역시,2026-01-13 13:17:01.784589,2026-01-13 13:17:01.784591,f
9338,궁동,2911010600,광주광역시,2026-01-13 13:17:01.789379,2026-01-13 13:17:01.789382,f
9339,장동,2911010700,광주광역시,2026-01-13 13:17:01.794413,2026-01-13 13:17:01.794415,f
9340,동명동,2911010800,광주광역시,2026-01-13 13:17:01.798268,2026-01-13 13:17:01.79827,f
9341,계림동,2911010900,광주광역시,2026-01-13 13:17:01.801949,2026-01-13 13:17:01.801951,f
9342,산수동,2911011000,광주광역시,2026-01-13 13:17:01.805979,2026-01-13 13:17:01.805981,f
9343,지산동,2911011100,광주광역시,2026-01-13 13:17:01.809797,2026-01-13 13:17:01.809799,f
9344,남동,2911011200,광주광역시,2026-01-13 13:17:01.815033,2026-01-13 13:17:01.815036,f
9345,광산동,2911011300,광주광역시,2026-01-13 13:17:01.819538,2026-01-13 13:17:01.81954,f
9346,금동,2911011400,광주광역시,2026-01-13 13:17:01.823768,2026-01-13 13:17:01.82377,f
9347,호남동,2911011500,광주광역시,2026-01-13 13:17:01.828295,2026-01-13 13:17:01.828298,f
9348,불로동,2911011600,광주광역시,2026-01-13 13:17:01.833169,2026-01-13 13:17:01.833171,f
9349,황금동,2911011700,광주광역시,2026-01-13 13:17:01.837355,2026-01-13 13:17:01.837357,f
9350,서석동,2911011800,광주광역시,2026-01-13 13:17:01.841528,2026-01-13 13:17:01.841529,f
9351,소태동,2911011900,광주광역시,2026-01-13 13:17:01.845428,2026-01-13 13:17:01.84543,f
9352,용연동,2911012000,광주광역시,2026-01-13 13:17:01.849235,2026-01-13 13:17:01.849237,f
9353,운림동,2911012100,광주광역시,2026-01-13 13:17:01.853472,2026-01-13 13:17:01.853476,f
9354,학동,2911012200,광주광역시,2026-01-13 13:17:01.857734,2026-01-13 13:17:01.857736,f
9355,월남동,2911012300,광주광역시,2026-01-13 13:17:01.862088,2026-01-13 13:17:01.86209,f
9356,선교동,2911012400,광주광역시,2026-01-13 13:17:01.866628,2026-01-13 13:17:01.866631,f
9357,내남동,2911012500,광주광역시,2026-01-13 13:17:01.871176,2026-01-13 13:17:01.87118,f
9358,용산동,2911012600,광주광역시,2026-01-13 13:17:01.875066,2026-01-13 13:17:01.87508,f
9359,충장로1가,2911012700,광주광역시,2026-01-13 13:17:01.878936,2026-01-13 13:17:01.878938,f
9360,충장로2가,2911012800,광주광역시,2026-01-13 13:17:01.882462,2026-01-13 13:17:01.882464,f
9361,충장로3가,2911012900,광주광역시,2026-01-13 13:17:01.885944,2026-01-13 13:17:01.885945,f
9362,충장로4가,2911013000,광주광역시,2026-01-13 13:17:01.889807,2026-01-13 13:17:01.88981,f
9363,금남로1가,2911013100,광주광역시,2026-01-13 13:17:01.899734,2026-01-13 13:17:01.899739,f
9364,금남로2가,2911013200,광주광역시,2026-01-13 13:17:01.906833,2026-01-13 13:17:01.906835,f
9365,금남로3가,2911013300,광주광역시,2026-01-13 13:17:01.913801,2026-01-13 13:17:01.913805,f
9366,금남로4가,2911013400,광주광역시,2026-01-13 13:17:01.918266,2026-01-13 13:17:01.918268,f
9367,서구,2914000000,광주광역시,2026-01-13 13:17:01.923172,2026-01-13 13:17:01.923174,f
9368,양동,2914010400,광주광역시,2026-01-13 13:17:01.927575,2026-01-13 13:17:01.927577,f
9369,농성동,2914010600,광주광역시,2026-01-13 13:17:01.931216,2026-01-13 13:17:01.931218,f
9370,광천동,2914011500,광주광역시,2026-01-13 13:17:01.935627,2026-01-13 13:17:01.935629,f
9371,유촌동,2914011600,광주광역시,2026-01-13 13:17:01.939593,2026-01-13 13:17:01.939596,f
9372,덕흥동,2914011700,광주광역시,2026-01-13 13:17:01.943465,2026-01-13 13:17:01.943467,f
9373,쌍촌동,2914011800,광주광역시,2026-01-13 13:17:01.948174,2026-01-13 13:17:01.948176,f
9374,화정동,2914011900,광주광역시,2026-01-13 13:17:01.952606,2026-01-13 13:17:01.952608,f
9375,치평동,2914012000,광주광역시,2026-01-13 13:17:01.956841,2026-01-13 13:17:01.956845,f
9376,내방동,2914012100,광주광역시,2026-01-13 13:17:01.961059,2026-01-13 13:17:01.961061,f
9377,서창동,2914012500,광주광역시,2026-01-13 13:17:01.964854,2026-01-13 13:17:01.964856,f
9378,세하동,2914012600,광주광역시,2026-01-13 13:17:01.969526,2026-01-13 13:17:01.969528,f
9379,용두동,2914012700,광주광역시,2026-01-13 13:17:01.974005,2026-01-13 13:17:01.974009,f
9380,풍암동,2914012800,광주광역시,2026-01-13 13:17:01.978692,2026-01-13 13:17:01.978696,f
9381,벽진동,2914012900,광주광역시,2026-01-13 13:17:01.98277,2026-01-13 13:17:01.982772,f
9382,금호동,2914013000,광주광역시,2026-01-13 13:17:01.987959,2026-01-13 13:17:01.987964,f
9383,마륵동,2914013100,광주광역시,2026-01-13 13:17:01.994598,2026-01-13 13:17:01.9946,f
9384,매월동,2914013200,광주광역시,2026-01-13 13:17:01.998693,2026-01-13 13:17:01.998695,f
9385,동천동,2914013300,광주광역시,2026-01-13 13:17:02.00303,2026-01-13 13:17:02.003032,f
9386,남구,2915500000,광주광역시,2026-01-13 13:17:02.00721,2026-01-13 13:17:02.007212,f
9387,사동,2915510100,광주광역시,2026-01-13 13:17:02.015656,2026-01-13 13:17:02.01566,f
9388,구동,2915510200,광주광역시,2026-01-13 13:17:02.021118,2026-01-13 13:17:02.021121,f
9389,서동,2915510300,광주광역시,2026-01-13 13:17:02.025513,2026-01-13 13:17:02.025516,f
9390,월산동,2915510400,광주광역시,2026-01-13 13:17:02.029812,2026-01-13 13:17:02.029815,f
9391,백운동,2915510500,광주광역시,2026-01-13 13:17:02.034879,2026-01-13 13:17:02.034881,f
9392,주월동,2915510600,광주광역시,2026-01-13 13:17:02.039148,2026-01-13 13:17:02.03915,f
9393,노대동,2915510700,광주광역시,2026-01-13 13:17:02.042904,2026-01-13 13:17:02.042906,f
9394,진월동,2915510800,광주광역시,2026-01-13 13:17:02.046511,2026-01-13 13:17:02.046514,f
9395,덕남동,2915510900,광주광역시,2026-01-13 13:17:02.05051,2026-01-13 13:17:02.050512,f
9396,행암동,2915511000,광주광역시,2026-01-13 13:17:02.055381,2026-01-13 13:17:02.055384,f
9397,임암동,2915511100,광주광역시,2026-01-13 13:17:02.059164,2026-01-13 13:17:02.059165,f
9398,송하동,2915511200,광주광역시,2026-01-13 13:17:02.063251,2026-01-13 13:17:02.063252,f
9399,양림동,2915511300,광주광역시,2026-01-13 13:17:02.067423,2026-01-13 13:17:02.067425,f
9400,방림동,2915511400,광주광역시,2026-01-13 13:17:02.072804,2026-01-13 13:17:02.072807,f
9401,봉선동,2915511500,광주광역시,2026-01-13 13:17:02.077601,2026-01-13 13:17:02.077603,f
9402,구소동,2915511600,광주광역시,2026-01-13 13:17:02.081622,2026-01-13 13:17:02.081625,f
9403,양촌동,2915511700,광주광역시,2026-01-13 13:17:02.085817,2026-01-13 13:17:02.08582,f
9404,도금동,2915511800,광주광역시,2026-01-13 13:17:02.090011,2026-01-13 13:17:02.090013,f
9405,승촌동,2915511900,광주광역시,2026-01-13 13:17:02.095142,2026-01-13 13:17:02.095144,f
9406,지석동,2915512000,광주광역시,2026-01-13 13:17:02.098941,2026-01-13 13:17:02.098943,f
9407,압촌동,2915512100,광주광역시,2026-01-13 13:17:02.102668,2026-01-13 13:17:02.102669,f
9408,화장동,2915512200,광주광역시,2026-01-13 13:17:02.107216,2026-01-13 13:17:02.107222,f
9409,칠석동,2915512300,광주광역시,2026-01-13 13:17:02.112087,2026-01-13 13:17:02.11209,f
9410,석정동,2915512400,광주광역시,2026-01-13 13:17:02.117404,2026-01-13 13:17:02.117406,f
9411,신장동,2915512500,광주광역시,2026-01-13 13:17:02.12164,2026-01-13 13:17:02.121642,f
9412,양과동,2915512600,광주광역시,2026-01-13 13:17:02.125925,2026-01-13 13:17:02.125927,f
9413,이장동,2915512700,광주광역시,2026-01-13 13:17:02.130108,2026-01-13 13:17:02.130111,f
9414,대지동,2915512800,광주광역시,2026-01-13 13:17:02.135052,2026-01-13 13:17:02.135054,f
9415,원산동,2915512900,광주광역시,2026-01-13 13:17:02.139968,2026-01-13 13:17:02.139971,f
9416,월성동,2915513000,광주광역시,2026-01-13 13:17:02.143911,2026-01-13 13:17:02.143912,f
9417,북구,2917000000,광주광역시,2026-01-13 13:17:02.148888,2026-01-13 13:17:02.148891,f
9418,중흥동,2917010100,광주광역시,2026-01-13 13:17:02.15319,2026-01-13 13:17:02.153192,f
9419,유동,2917010200,광주광역시,2026-01-13 13:17:02.157315,2026-01-13 13:17:02.157316,f
9420,누문동,2917010300,광주광역시,2026-01-13 13:17:02.161228,2026-01-13 13:17:02.16123,f
9421,북동,2917010400,광주광역시,2026-01-13 13:17:02.165279,2026-01-13 13:17:02.16528,f
9422,임동,2917010500,광주광역시,2026-01-13 13:17:02.168958,2026-01-13 13:17:02.168959,f
9423,신안동,2917010600,광주광역시,2026-01-13 13:17:02.179117,2026-01-13 13:17:02.179125,f
9424,용봉동,2917010700,광주광역시,2026-01-13 13:17:02.197133,2026-01-13 13:17:02.197138,f
9425,동림동,2917010800,광주광역시,2026-01-13 13:17:02.207248,2026-01-13 13:17:02.207253,f
9426,운암동,2917010900,광주광역시,2026-01-13 13:17:02.213682,2026-01-13 13:17:02.213684,f
9427,우산동,2917011000,광주광역시,2026-01-13 13:17:02.219638,2026-01-13 13:17:02.219642,f
9428,풍향동,2917011100,광주광역시,2026-01-13 13:17:02.224944,2026-01-13 13:17:02.224947,f
9429,문흥동,2917011200,광주광역시,2026-01-13 13:17:02.230948,2026-01-13 13:17:02.230952,f
9430,각화동,2917011300,광주광역시,2026-01-13 13:17:02.235443,2026-01-13 13:17:02.235445,f
9431,두암동,2917011400,광주광역시,2026-01-13 13:17:02.240025,2026-01-13 13:17:02.240027,f
9432,오치동,2917011500,광주광역시,2026-01-13 13:17:02.244051,2026-01-13 13:17:02.244054,f
9433,삼각동,2917011600,광주광역시,2026-01-13 13:17:02.247717,2026-01-13 13:17:02.247719,f
9434,매곡동,2917011700,광주광역시,2026-01-13 13:17:02.252027,2026-01-13 13:17:02.25203,f
9435,충효동,2917011800,광주광역시,2026-01-13 13:17:02.256666,2026-01-13 13:17:02.256669,f
9436,덕의동,2917011900,광주광역시,2026-01-13 13:17:02.260539,2026-01-13 13:17:02.260541,f
9437,금곡동,2917012000,광주광역시,2026-01-13 13:17:02.265801,2026-01-13 13:17:02.265803,f
9438,망월동,2917012100,광주광역시,2026-01-13 13:17:02.270658,2026-01-13 13:17:02.27066,f
9439,청풍동,2917012200,광주광역시,2026-01-13 13:17:02.275377,2026-01-13 13:17:02.275378,f
9440,화암동,2917012300,광주광역시,2026-01-13 13:17:02.279097,2026-01-13 13:17:02.279099,f
9441,장등동,2917012400,광주광역시,2026-01-13 13:17:02.283555,2026-01-13 13:17:02.283559,f
9442,운정동,2917012500,광주광역시,2026-01-13 13:17:02.287944,2026-01-13 13:17:02.287946,f
9443,본촌동,2917012600,광주광역시,2026-01-13 13:17:02.292011,2026-01-13 13:17:02.292013,f
9444,일곡동,2917012700,광주광역시,2026-01-13 13:17:02.296451,2026-01-13 13:17:02.296453,f
9445,양산동,2917012800,광주광역시,2026-01-13 13:17:02.300927,2026-01-13 13:17:02.300928,f
9446,연제동,2917012900,광주광역시,2026-01-13 13:17:02.305604,2026-01-13 13:17:02.305611,f
9447,신용동,2917013000,광주광역시,2026-01-13 13:17:02.310942,2026-01-13 13:17:02.310945,f
9448,용두동,2917013100,광주광역시,2026-01-13 13:17:02.315341,2026-01-13 13:17:02.315344,f
9449,지야동,2917013200,광주광역시,2026-01-13 13:17:02.31952,2026-01-13 13:17:02.319521,f
9450,태령동,2917013300,광주광역시,2026-01-13 13:17:02.323539,2026-01-13 13:17:02.323542,f
9451,수곡동,2917013400,광주광역시,2026-01-13 13:17:02.327615,2026-01-13 13:17:02.327618,f
9452,효령동,2917013500,광주광역시,2026-01-13 13:17:02.332679,2026-01-13 13:17:02.332687,f
9453,용전동,2917013600,광주광역시,2026-01-13 13:17:02.337025,2026-01-13 13:17:02.337028,f
9454,용강동,2917013700,광주광역시,2026-01-13 13:17:02.341307,2026-01-13 13:17:02.34131,f
9455,생용동,2917013800,광주광역시,2026-01-13 13:17:02.345954,2026-01-13 13:17:02.345957,f
9456,월출동,2917013900,광주광역시,2026-01-13 13:17:02.352873,2026-01-13 13:17:02.352876,f
9457,대촌동,2917014000,광주광역시,2026-01-13 13:17:02.357883,2026-01-13 13:17:02.357885,f
9458,오룡동,2917014100,광주광역시,2026-01-13 13:17:02.362377,2026-01-13 13:17:02.362378,f
9459,광산구,2920000000,광주광역시,2026-01-13 13:17:02.366969,2026-01-13 13:17:02.366971,f
9460,송정동,2920010100,광주광역시,2026-01-13 13:17:02.37111,2026-01-13 13:17:02.371113,f
9461,도산동,2920010200,광주광역시,2026-01-13 13:17:02.377837,2026-01-13 13:17:02.377839,f
9462,도호동,2920010300,광주광역시,2026-01-13 13:17:02.382124,2026-01-13 13:17:02.382126,f
9463,신촌동,2920010400,광주광역시,2026-01-13 13:17:02.388274,2026-01-13 13:17:02.388277,f
9464,서봉동,2920010500,광주광역시,2026-01-13 13:17:02.392707,2026-01-13 13:17:02.392709,f
9465,운수동,2920010600,광주광역시,2026-01-13 13:17:02.397262,2026-01-13 13:17:02.397265,f
9466,선암동,2920010700,광주광역시,2026-01-13 13:17:02.401395,2026-01-13 13:17:02.401397,f
9467,소촌동,2920010800,광주광역시,2026-01-13 13:17:02.405444,2026-01-13 13:17:02.405446,f
9468,우산동,2920010900,광주광역시,2026-01-13 13:17:02.408998,2026-01-13 13:17:02.408999,f
9469,황룡동,2920011000,광주광역시,2026-01-13 13:17:02.413738,2026-01-13 13:17:02.413741,f
9470,박호동,2920011100,광주광역시,2026-01-13 13:17:02.418142,2026-01-13 13:17:02.418145,f
9471,비아동,2920011200,광주광역시,2026-01-13 13:17:02.422421,2026-01-13 13:17:02.422424,f
9472,도천동,2920011300,광주광역시,2026-01-13 13:17:02.426367,2026-01-13 13:17:02.426369,f
9473,수완동,2920011400,광주광역시,2026-01-13 13:17:02.431273,2026-01-13 13:17:02.431275,f
9474,월계동,2920011500,광주광역시,2026-01-13 13:17:02.435819,2026-01-13 13:17:02.435822,f
9475,쌍암동,2920011600,광주광역시,2026-01-13 13:17:02.440445,2026-01-13 13:17:02.440447,f
9476,산월동,2920011700,광주광역시,2026-01-13 13:17:02.444791,2026-01-13 13:17:02.444794,f
9477,신창동,2920011800,광주광역시,2026-01-13 13:17:02.448646,2026-01-13 13:17:02.448648,f
9478,신가동,2920011900,광주광역시,2026-01-13 13:17:02.452719,2026-01-13 13:17:02.452722,f
9479,운남동,2920012000,광주광역시,2026-01-13 13:17:02.456919,2026-01-13 13:17:02.45692,f
9480,안청동,2920012100,광주광역시,2026-01-13 13:17:02.460922,2026-01-13 13:17:02.460924,f
9481,진곡동,2920012200,광주광역시,2026-01-13 13:17:02.465925,2026-01-13 13:17:02.465927,f
9482,장덕동,2920012300,광주광역시,2026-01-13 13:17:02.470012,2026-01-13 13:17:02.470014,f
9483,흑석동,2920012400,광주광역시,2026-01-13 13:17:02.474898,2026-01-13 13:17:02.474902,f
9484,하남동,2920012500,광주광역시,2026-01-13 13:17:02.479246,2026-01-13 13:17:02.479248,f
9485,장수동,2920012600,광주광역시,2026-01-13 13:17:02.483459,2026-01-13 13:17:02.483461,f
9486,산정동,2920012700,광주광역시,2026-01-13 13:17:02.487422,2026-01-13 13:17:02.487425,f
9487,월곡동,2920012800,광주광역시,2026-01-13 13:17:02.493963,2026-01-13 13:17:02.493967,f
9488,등임동,2920012900,광주광역시,2026-01-13 13:17:02.499496,2026-01-13 13:17:02.499499,f
9489,산막동,2920013000,광주광역시,2026-01-13 13:17:02.504237,2026-01-13 13:17:02.504243,f
9490,고룡동,2920013100,광주광역시,2026-01-13 13:17:02.509685,2026-01-13 13:17:02.509688,f
9491,신룡동,2920013200,광주광역시,2026-01-13 13:17:02.514009,2026-01-13 13:17:02.51401,f
9492,두정동,2920013300,광주광역시,2026-01-13 13:17:02.517657,2026-01-13 13:17:02.517659,f
9493,임곡동,2920013400,광주광역시,2026-01-13 13:17:02.521244,2026-01-13 13:17:02.521246,f
9494,광산동,2920013500,광주광역시,2026-01-13 13:17:02.526563,2026-01-13 13:17:02.526567,f
9495,오산동,2920013600,광주광역시,2026-01-13 13:17:02.543065,2026-01-13 13:17:02.543096,f
9496,사호동,2920013700,광주광역시,2026-01-13 13:17:02.550475,2026-01-13 13:17:02.550506,f
9497,하산동,2920013800,광주광역시,2026-01-13 13:17:02.556596,2026-01-13 13:17:02.556599,f
9498,유계동,2920013900,광주광역시,2026-01-13 13:17:02.561321,2026-01-13 13:17:02.561324,f
9499,본덕동,2920014000,광주광역시,2026-01-13 13:17:02.566629,2026-01-13 13:17:02.56663,f
9500,용봉동,2920014100,광주광역시,2026-01-13 13:17:02.570829,2026-01-13 13:17:02.570831,f
9501,요기동,2920014200,광주광역시,2026-01-13 13:17:02.575137,2026-01-13 13:17:02.57514,f
9502,복룡동,2920014300,광주광역시,2026-01-13 13:17:02.57931,2026-01-13 13:17:02.579313,f
9503,송대동,2920014400,광주광역시,2026-01-13 13:17:02.583489,2026-01-13 13:17:02.583491,f
9504,옥동,2920014500,광주광역시,2026-01-13 13:17:02.588685,2026-01-13 13:17:02.588688,f
9505,월전동,2920014600,광주광역시,2026-01-13 13:17:02.592933,2026-01-13 13:17:02.592938,f
9506,장록동,2920014700,광주광역시,2026-01-13 13:17:02.597353,2026-01-13 13:17:02.597355,f
9507,송촌동,2920014800,광주광역시,2026-01-13 13:17:02.601136,2026-01-13 13:17:02.601138,f
9508,지죽동,2920014900,광주광역시,2026-01-13 13:17:02.605505,2026-01-13 13:17:02.605507,f
9509,용동,2920015000,광주광역시,2026-01-13 13:17:02.609534,2026-01-13 13:17:02.609536,f
9510,용곡동,2920015100,광주광역시,2026-01-13 13:17:02.616773,2026-01-13 13:17:02.61678,f
9511,지정동,2920015200,광주광역시,2026-01-13 13:17:02.621305,2026-01-13 13:17:02.621307,f
9512,명화동,2920015300,광주광역시,2026-01-13 13:17:02.626632,2026-01-13 13:17:02.626636,f
9513,동산동,2920015400,광주광역시,2026-01-13 13:17:02.632256,2026-01-13 13:17:02.63226,f
9514,연산동,2920015500,광주광역시,2026-01-13 13:17:02.638887,2026-01-13 13:17:02.63889,f
9515,도덕동,2920015600,광주광역시,2026-01-13 13:17:02.644005,2026-01-13 13:17:02.644007,f
9516,송산동,2920015700,광주광역시,2026-01-13 13:17:02.648447,2026-01-13 13:17:02.64845,f
9517,지평동,2920015800,광주광역시,2026-01-13 13:17:02.653236,2026-01-13 13:17:02.653239,f
9518,오운동,2920015900,광주광역시,2026-01-13 13:17:02.658159,2026-01-13 13:17:02.658162,f
9519,삼거동,2920016000,광주광역시,2026-01-13 13:17:02.66213,2026-01-13 13:17:02.662133,f
9520,양동,2920016100,광주광역시,2026-01-13 13:17:02.669448,2026-01-13 13:17:02.669452,f
9521,내산동,2920016200,광주광역시,2026-01-13 13:17:02.677801,2026-01-13 13:17:02.677806,f
9522,대산동,2920016300,광주광역시,2026-01-13 13:17:02.682403,2026-01-13 13:17:02.682406,f
9523,송학동,2920016400,광주광역시,2026-01-13 13:17:02.686684,2026-01-13 13:17:02.686686,f
9524,신동,2920016500,광주광역시,2026-01-13 13:17:02.69065,2026-01-13 13:17:02.690653,f
9525,삼도동,2920016600,광주광역시,2026-01-13 13:17:02.694938,2026-01-13 13:17:02.69494,f
9526,남산동,2920016700,광주광역시,2026-01-13 13:17:02.699259,2026-01-13 13:17:02.699261,f
9527,송치동,2920016800,광주광역시,2026-01-13 13:17:02.703132,2026-01-13 13:17:02.703134,f
9528,산수동,2920016900,광주광역시,2026-01-13 13:17:02.708603,2026-01-13 13:17:02.708609,f
9529,선동,2920017000,광주광역시,2026-01-13 13:17:02.713742,2026-01-13 13:17:02.713745,f
9530,지산동,2920017100,광주광역시,2026-01-13 13:17:02.720105,2026-01-13 13:17:02.720107,f
9531,왕동,2920017200,광주광역시,2026-01-13 13:17:02.724361,2026-01-13 13:17:02.724364,f
9532,북산동,2920017300,광주광역시,2026-01-13 13:17:02.728103,2026-01-13 13:17:02.728105,f
9533,명도동,2920017400,광주광역시,2026-01-13 13:17:02.732362,2026-01-13 13:17:02.732364,f
9534,동호동,2920017500,광주광역시,2026-01-13 13:17:02.736588,2026-01-13 13:17:02.73659,f
9535,덕림동,2920017600,광주광역시,2026-01-13 13:17:02.740512,2026-01-13 13:17:02.740514,f
9536,양산동,2920017700,광주광역시,2026-01-13 13:17:02.744723,2026-01-13 13:17:02.744725,f
9537,동림동,2920017800,광주광역시,2026-01-13 13:17:02.749308,2026-01-13 13:17:02.749311,f
9538,오선동,2920020200,광주광역시,2026-01-13 13:17:02.753377,2026-01-13 13:17:02.75338,f
9539,원대동3가,2717010900,대구광역시,2026-01-13 13:17:02.757188,2026-01-13 13:17:02.757189,f
9540,남구,2720000000,대구광역시,2026-01-13 13:17:02.761119,2026-01-13 13:17:02.761121,f
9541,원대동1가,2717010700,대구광역시,2026-01-13 13:17:02.765939,2026-01-13 13:17:02.765941,f
9542,원대동2가,2717010800,대구광역시,2026-01-13 13:17:02.770031,2026-01-13 13:17:02.770033,f
9543,상리동,2717010400,대구광역시,2026-01-13 13:17:02.776281,2026-01-13 13:17:02.776284,f
9544,중리동,2717010500,대구광역시,2026-01-13 13:17:02.781191,2026-01-13 13:17:02.781195,f
9545,이현동,2717010600,대구광역시,2026-01-13 13:17:02.78786,2026-01-13 13:17:02.787864,f
9546,비산동,2717010200,대구광역시,2026-01-13 13:17:02.79296,2026-01-13 13:17:02.792963,f
9547,평리동,2717010300,대구광역시,2026-01-13 13:17:02.798382,2026-01-13 13:17:02.798385,f
9548,서구,2717000000,대구광역시,2026-01-13 13:17:02.806306,2026-01-13 13:17:02.806308,f
9549,내당동,2717010100,대구광역시,2026-01-13 13:17:02.812542,2026-01-13 13:17:02.812545,f
9550,송정동,2714014300,대구광역시,2026-01-13 13:17:02.822919,2026-01-13 13:17:02.822922,f
9551,덕곡동,2714014400,대구광역시,2026-01-13 13:17:02.830969,2026-01-13 13:17:02.830972,f
9552,지묘동,2714014500,대구광역시,2026-01-13 13:17:02.837726,2026-01-13 13:17:02.837729,f
9553,내동,2714014000,대구광역시,2026-01-13 13:17:02.842327,2026-01-13 13:17:02.842329,f
9554,신용동,2714014100,대구광역시,2026-01-13 13:17:02.847246,2026-01-13 13:17:02.847249,f
9555,중대동,2714014200,대구광역시,2026-01-13 13:17:02.85209,2026-01-13 13:17:02.852093,f
9556,용수동,2714013700,대구광역시,2026-01-13 13:17:02.857053,2026-01-13 13:17:02.857057,f
9557,신무동,2714013800,대구광역시,2026-01-13 13:17:02.861034,2026-01-13 13:17:02.861035,f
9558,미대동,2714013900,대구광역시,2026-01-13 13:17:02.867411,2026-01-13 13:17:02.867413,f
9559,도학동,2714013400,대구광역시,2026-01-13 13:17:02.873035,2026-01-13 13:17:02.873042,f
9560,백안동,2714013500,대구광역시,2026-01-13 13:17:02.890493,2026-01-13 13:17:02.890502,f
9561,미곡동,2714013600,대구광역시,2026-01-13 13:17:02.906751,2026-01-13 13:17:02.906758,f
9562,진인동,2714013300,대구광역시,2026-01-13 13:17:02.915164,2026-01-13 13:17:02.915166,f
9563,대구광역시,2700000000,대구광역시,2026-01-13 13:17:02.9195,2026-01-13 13:17:02.919503,f
9564,중구,2711000000,대구광역시,2026-01-13 13:17:02.924147,2026-01-13 13:17:02.92415,f
9565,동인동1가,2711010100,대구광역시,2026-01-13 13:17:02.93206,2026-01-13 13:17:02.932063,f
9566,동인동2가,2711010200,대구광역시,2026-01-13 13:17:02.941032,2026-01-13 13:17:02.941034,f
9567,동인동3가,2711010300,대구광역시,2026-01-13 13:17:02.944888,2026-01-13 13:17:02.944889,f
9568,동인동4가,2711010400,대구광역시,2026-01-13 13:17:02.950443,2026-01-13 13:17:02.950448,f
9569,삼덕동1가,2711010500,대구광역시,2026-01-13 13:17:02.955999,2026-01-13 13:17:02.956002,f
9570,삼덕동2가,2711010600,대구광역시,2026-01-13 13:17:02.959775,2026-01-13 13:17:02.959777,f
9571,삼덕동3가,2711010700,대구광역시,2026-01-13 13:17:02.963983,2026-01-13 13:17:02.963985,f
9572,봉산동,2711010800,대구광역시,2026-01-13 13:17:02.967976,2026-01-13 13:17:02.967978,f
9573,장관동,2711010900,대구광역시,2026-01-13 13:17:02.973537,2026-01-13 13:17:02.97354,f
9574,상서동,2711011000,대구광역시,2026-01-13 13:17:02.97838,2026-01-13 13:17:02.978383,f
9575,수동,2711011100,대구광역시,2026-01-13 13:17:02.984641,2026-01-13 13:17:02.984643,f
9576,덕산동,2711011200,대구광역시,2026-01-13 13:17:02.993688,2026-01-13 13:17:02.993692,f
9577,종로1가,2711011300,대구광역시,2026-01-13 13:17:03.004321,2026-01-13 13:17:03.004323,f
9578,종로2가,2711011400,대구광역시,2026-01-13 13:17:03.011731,2026-01-13 13:17:03.011734,f
9579,사일동,2711011500,대구광역시,2026-01-13 13:17:03.017212,2026-01-13 13:17:03.017216,f
9580,동일동,2711011600,대구광역시,2026-01-13 13:17:03.021641,2026-01-13 13:17:03.021643,f
9581,남일동,2711011700,대구광역시,2026-01-13 13:17:03.026342,2026-01-13 13:17:03.026345,f
9582,전동,2711011800,대구광역시,2026-01-13 13:17:03.030671,2026-01-13 13:17:03.030674,f
9583,동성로3가,2711011900,대구광역시,2026-01-13 13:17:03.035851,2026-01-13 13:17:03.035853,f
9584,동문동,2711012000,대구광역시,2026-01-13 13:17:03.039928,2026-01-13 13:17:03.03993,f
9585,문화동,2711012100,대구광역시,2026-01-13 13:17:03.04386,2026-01-13 13:17:03.043862,f
9586,공평동,2711012200,대구광역시,2026-01-13 13:17:03.047863,2026-01-13 13:17:03.047865,f
9587,동성로2가,2711012300,대구광역시,2026-01-13 13:17:03.051858,2026-01-13 13:17:03.051863,f
9588,태평로1가,2711012400,대구광역시,2026-01-13 13:17:03.056526,2026-01-13 13:17:03.056527,f
9589,교동,2711012500,대구광역시,2026-01-13 13:17:03.060434,2026-01-13 13:17:03.060437,f
9590,용덕동,2711012600,대구광역시,2026-01-13 13:17:03.064786,2026-01-13 13:17:03.064788,f
9591,상덕동,2711012700,대구광역시,2026-01-13 13:17:03.069542,2026-01-13 13:17:03.069545,f
9592,완전동,2711012800,대구광역시,2026-01-13 13:17:03.07413,2026-01-13 13:17:03.074132,f
9593,도원동,2711012900,대구광역시,2026-01-13 13:17:03.078611,2026-01-13 13:17:03.078614,f
9594,수창동,2711013000,대구광역시,2026-01-13 13:17:03.082303,2026-01-13 13:17:03.082304,f
9595,태평로3가,2711013100,대구광역시,2026-01-13 13:17:03.085795,2026-01-13 13:17:03.085797,f
9596,인교동,2711013200,대구광역시,2026-01-13 13:17:03.089732,2026-01-13 13:17:03.089734,f
9597,서야동,2711013300,대구광역시,2026-01-13 13:17:03.093771,2026-01-13 13:17:03.093774,f
9598,서성로1가,2711013400,대구광역시,2026-01-13 13:17:03.098038,2026-01-13 13:17:03.09804,f
9599,시장북로,2711013500,대구광역시,2026-01-13 13:17:03.10222,2026-01-13 13:17:03.102223,f
9600,하서동,2711013600,대구광역시,2026-01-13 13:17:03.106666,2026-01-13 13:17:03.106668,f
9601,남성로,2711013700,대구광역시,2026-01-13 13:17:03.111712,2026-01-13 13:17:03.111716,f
9602,계산동1가,2711013800,대구광역시,2026-01-13 13:17:03.116183,2026-01-13 13:17:03.116185,f
9603,계산동2가,2711013900,대구광역시,2026-01-13 13:17:03.120093,2026-01-13 13:17:03.120096,f
9604,동산동,2711014000,대구광역시,2026-01-13 13:17:03.124214,2026-01-13 13:17:03.124217,f
9605,서문로2가,2711014100,대구광역시,2026-01-13 13:17:03.128394,2026-01-13 13:17:03.128396,f
9606,서성로2가,2711014200,대구광역시,2026-01-13 13:17:03.134432,2026-01-13 13:17:03.134436,f
9607,포정동,2711014300,대구광역시,2026-01-13 13:17:03.138901,2026-01-13 13:17:03.138903,f
9608,서문로1가,2711014400,대구광역시,2026-01-13 13:17:03.143237,2026-01-13 13:17:03.14324,f
9609,서내동,2711014500,대구광역시,2026-01-13 13:17:03.148721,2026-01-13 13:17:03.148725,f
9610,북성로2가,2711014600,대구광역시,2026-01-13 13:17:03.153415,2026-01-13 13:17:03.153417,f
9611,대안동,2711014700,대구광역시,2026-01-13 13:17:03.158512,2026-01-13 13:17:03.158515,f
9612,동성로1가,2711014800,대구광역시,2026-01-13 13:17:03.169431,2026-01-13 13:17:03.169437,f
9613,태평로2가,2711014900,대구광역시,2026-01-13 13:17:03.180245,2026-01-13 13:17:03.180247,f
9614,북성로1가,2711015000,대구광역시,2026-01-13 13:17:03.187947,2026-01-13 13:17:03.18795,f
9615,화전동,2711015100,대구광역시,2026-01-13 13:17:03.192578,2026-01-13 13:17:03.192581,f
9616,향촌동,2711015200,대구광역시,2026-01-13 13:17:03.197017,2026-01-13 13:17:03.197021,f
9617,북내동,2711015300,대구광역시,2026-01-13 13:17:03.201341,2026-01-13 13:17:03.201343,f
9618,대신동,2711015400,대구광역시,2026-01-13 13:17:03.205114,2026-01-13 13:17:03.205116,f
9619,달성동,2711015500,대구광역시,2026-01-13 13:17:03.208707,2026-01-13 13:17:03.208709,f
9620,남산동,2711015600,대구광역시,2026-01-13 13:17:03.213654,2026-01-13 13:17:03.213657,f
9621,대봉동,2711015700,대구광역시,2026-01-13 13:17:03.217882,2026-01-13 13:17:03.217884,f
9622,동구,2714000000,대구광역시,2026-01-13 13:17:03.224142,2026-01-13 13:17:03.224146,f
9623,신암동,2714010100,대구광역시,2026-01-13 13:17:03.229385,2026-01-13 13:17:03.229387,f
9624,신천동,2714010200,대구광역시,2026-01-13 13:17:03.234636,2026-01-13 13:17:03.234638,f
9625,효목동,2714010300,대구광역시,2026-01-13 13:17:03.238523,2026-01-13 13:17:03.238524,f
9626,평광동,2714010400,대구광역시,2026-01-13 13:17:03.242377,2026-01-13 13:17:03.242378,f
9627,봉무동,2714010500,대구광역시,2026-01-13 13:17:03.246804,2026-01-13 13:17:03.246807,f
9628,불로동,2714010600,대구광역시,2026-01-13 13:17:03.251962,2026-01-13 13:17:03.251964,f
9629,도동,2714010700,대구광역시,2026-01-13 13:17:03.258254,2026-01-13 13:17:03.258256,f
9630,지저동,2714010800,대구광역시,2026-01-13 13:17:03.263398,2026-01-13 13:17:03.2634,f
9631,입석동,2714010900,대구광역시,2026-01-13 13:17:03.269277,2026-01-13 13:17:03.269282,f
9632,검사동,2714011000,대구광역시,2026-01-13 13:17:03.27344,2026-01-13 13:17:03.273442,f
9633,방촌동,2714011100,대구광역시,2026-01-13 13:17:03.27764,2026-01-13 13:17:03.277642,f
9634,둔산동,2714011200,대구광역시,2026-01-13 13:17:03.281562,2026-01-13 13:17:03.281564,f
9635,부동,2714011300,대구광역시,2026-01-13 13:17:03.285257,2026-01-13 13:17:03.285259,f
9636,신평동,2714011400,대구광역시,2026-01-13 13:17:03.294279,2026-01-13 13:17:03.294281,f
9637,서호동,2714011500,대구광역시,2026-01-13 13:17:03.298052,2026-01-13 13:17:03.298053,f
9638,동호동,2714011600,대구광역시,2026-01-13 13:17:03.302064,2026-01-13 13:17:03.302079,f
9639,신기동,2714011700,대구광역시,2026-01-13 13:17:03.307441,2026-01-13 13:17:03.307444,f
9640,율하동,2714011800,대구광역시,2026-01-13 13:17:03.314657,2026-01-13 13:17:03.31466,f
9641,용계동,2714011900,대구광역시,2026-01-13 13:17:03.319028,2026-01-13 13:17:03.31903,f
9642,율암동,2714012000,대구광역시,2026-01-13 13:17:03.327245,2026-01-13 13:17:03.327248,f
9643,상매동,2714012100,대구광역시,2026-01-13 13:17:03.332541,2026-01-13 13:17:03.332545,f
9644,매여동,2714012200,대구광역시,2026-01-13 13:17:03.337653,2026-01-13 13:17:03.337656,f
9645,각산동,2714012300,대구광역시,2026-01-13 13:17:03.34153,2026-01-13 13:17:03.341533,f
9646,신서동,2714012400,대구광역시,2026-01-13 13:17:03.345661,2026-01-13 13:17:03.345664,f
9647,동내동,2714012500,대구광역시,2026-01-13 13:17:03.349994,2026-01-13 13:17:03.349996,f
9648,괴전동,2714012600,대구광역시,2026-01-13 13:17:03.354252,2026-01-13 13:17:03.354255,f
9649,금강동,2714012700,대구광역시,2026-01-13 13:17:03.361809,2026-01-13 13:17:03.361811,f
9650,대림동,2714012800,대구광역시,2026-01-13 13:17:03.367,2026-01-13 13:17:03.367002,f
9651,이천동,2720010100,대구광역시,2026-01-13 13:17:03.371019,2026-01-13 13:17:03.371023,f
9652,봉덕동,2720010200,대구광역시,2026-01-13 13:17:03.375613,2026-01-13 13:17:03.37562,f
9653,대명동,2720010300,대구광역시,2026-01-13 13:17:03.379969,2026-01-13 13:17:03.379971,f
9654,북구,2723000000,대구광역시,2026-01-13 13:17:03.384161,2026-01-13 13:17:03.384164,f
9655,칠성동1가,2723010100,대구광역시,2026-01-13 13:17:03.388325,2026-01-13 13:17:03.388329,f
9656,칠성동2가,2723010200,대구광역시,2026-01-13 13:17:03.3965,2026-01-13 13:17:03.396502,f
9657,고성동1가,2723010300,대구광역시,2026-01-13 13:17:03.401546,2026-01-13 13:17:03.401548,f
9658,고성동2가,2723010400,대구광역시,2026-01-13 13:17:03.406057,2026-01-13 13:17:03.406059,f
9659,고성동3가,2723010500,대구광역시,2026-01-13 13:17:03.409938,2026-01-13 13:17:03.40994,f
9660,침산동,2723010600,대구광역시,2026-01-13 13:17:03.414673,2026-01-13 13:17:03.414675,f
9661,노원동1가,2723010700,대구광역시,2026-01-13 13:17:03.419282,2026-01-13 13:17:03.419285,f
9662,노원동2가,2723010800,대구광역시,2026-01-13 13:17:03.423445,2026-01-13 13:17:03.423448,f
9663,노원동3가,2723010900,대구광역시,2026-01-13 13:17:03.430941,2026-01-13 13:17:03.430948,f
9664,대현동,2723011000,대구광역시,2026-01-13 13:17:03.436539,2026-01-13 13:17:03.436541,f
9665,산격동,2723011100,대구광역시,2026-01-13 13:17:03.440606,2026-01-13 13:17:03.440608,f
9666,복현동,2723011200,대구광역시,2026-01-13 13:17:03.444631,2026-01-13 13:17:03.444633,f
9667,검단동,2723011300,대구광역시,2026-01-13 13:17:03.44875,2026-01-13 13:17:03.448752,f
9668,동변동,2723011400,대구광역시,2026-01-13 13:17:03.452728,2026-01-13 13:17:03.45273,f
9669,서변동,2723011500,대구광역시,2026-01-13 13:17:03.457225,2026-01-13 13:17:03.457227,f
9670,조야동,2723011600,대구광역시,2026-01-13 13:17:03.465411,2026-01-13 13:17:03.465413,f
9671,노곡동,2723011700,대구광역시,2026-01-13 13:17:03.47086,2026-01-13 13:17:03.470863,f
9672,읍내동,2723011800,대구광역시,2026-01-13 13:17:03.475237,2026-01-13 13:17:03.47524,f
9673,동호동,2723011900,대구광역시,2026-01-13 13:17:03.479492,2026-01-13 13:17:03.479494,f
9674,학정동,2723012000,대구광역시,2026-01-13 13:17:03.484796,2026-01-13 13:17:03.484799,f
9675,도남동,2723012100,대구광역시,2026-01-13 13:17:03.490405,2026-01-13 13:17:03.490408,f
9676,국우동,2723012200,대구광역시,2026-01-13 13:17:03.498943,2026-01-13 13:17:03.498946,f
9677,구암동,2723012300,대구광역시,2026-01-13 13:17:03.505339,2026-01-13 13:17:03.505342,f
9678,동천동,2723012400,대구광역시,2026-01-13 13:17:03.50976,2026-01-13 13:17:03.509764,f
9679,관음동,2723012500,대구광역시,2026-01-13 13:17:03.515249,2026-01-13 13:17:03.515252,f
9680,태전동,2723012600,대구광역시,2026-01-13 13:17:03.519882,2026-01-13 13:17:03.519885,f
9681,매천동,2723012700,대구광역시,2026-01-13 13:17:03.523879,2026-01-13 13:17:03.52388,f
9682,팔달동,2723012800,대구광역시,2026-01-13 13:17:03.528091,2026-01-13 13:17:03.528094,f
9683,금호동,2723012900,대구광역시,2026-01-13 13:17:03.535717,2026-01-13 13:17:03.53572,f
9684,사수동,2723013000,대구광역시,2026-01-13 13:17:03.539913,2026-01-13 13:17:03.539916,f
9685,연경동,2723013100,대구광역시,2026-01-13 13:17:03.544223,2026-01-13 13:17:03.544225,f
9686,수성구,2726000000,대구광역시,2026-01-13 13:17:03.548696,2026-01-13 13:17:03.548699,f
9687,범어동,2726010100,대구광역시,2026-01-13 13:17:03.554235,2026-01-13 13:17:03.554239,f
9688,만촌동,2726010200,대구광역시,2026-01-13 13:17:03.558183,2026-01-13 13:17:03.558185,f
9689,수성동1가,2726010300,대구광역시,2026-01-13 13:17:03.561762,2026-01-13 13:17:03.561765,f
9690,수성동2가,2726010400,대구광역시,2026-01-13 13:17:03.569195,2026-01-13 13:17:03.569196,f
9691,수성동3가,2726010500,대구광역시,2026-01-13 13:17:03.575497,2026-01-13 13:17:03.575499,f
9692,수성동4가,2726010600,대구광역시,2026-01-13 13:17:03.579508,2026-01-13 13:17:03.579509,f
9693,황금동,2726010700,대구광역시,2026-01-13 13:17:03.583051,2026-01-13 13:17:03.583053,f
9694,중동,2726010800,대구광역시,2026-01-13 13:17:03.587736,2026-01-13 13:17:03.587739,f
9695,상동,2726010900,대구광역시,2026-01-13 13:17:03.591689,2026-01-13 13:17:03.591691,f
9696,파동,2726011000,대구광역시,2026-01-13 13:17:03.595703,2026-01-13 13:17:03.595705,f
9697,두산동,2726011100,대구광역시,2026-01-13 13:17:03.603507,2026-01-13 13:17:03.603509,f
9698,지산동,2726011200,대구광역시,2026-01-13 13:17:03.608847,2026-01-13 13:17:03.608849,f
9699,범물동,2726011300,대구광역시,2026-01-13 13:17:03.613279,2026-01-13 13:17:03.613281,f
9700,시지동,2726011400,대구광역시,2026-01-13 13:17:03.618206,2026-01-13 13:17:03.618208,f
9701,매호동,2726011500,대구광역시,2026-01-13 13:17:03.622447,2026-01-13 13:17:03.622449,f
9702,성동,2726011600,대구광역시,2026-01-13 13:17:03.627128,2026-01-13 13:17:03.627133,f
9703,사월동,2726011700,대구광역시,2026-01-13 13:17:03.632621,2026-01-13 13:17:03.632626,f
9704,신매동,2726011800,대구광역시,2026-01-13 13:17:03.638266,2026-01-13 13:17:03.638269,f
9705,욱수동,2726011900,대구광역시,2026-01-13 13:17:03.643964,2026-01-13 13:17:03.643968,f
9706,노변동,2726012000,대구광역시,2026-01-13 13:17:03.648356,2026-01-13 13:17:03.648358,f
9707,삼덕동,2726012200,대구광역시,2026-01-13 13:17:03.652644,2026-01-13 13:17:03.652646,f
9708,연호동,2726012300,대구광역시,2026-01-13 13:17:03.657314,2026-01-13 13:17:03.657317,f
9709,이천동,2726012400,대구광역시,2026-01-13 13:17:03.662382,2026-01-13 13:17:03.662385,f
9710,고모동,2726012500,대구광역시,2026-01-13 13:17:03.66755,2026-01-13 13:17:03.667553,f
9711,가천동,2726012600,대구광역시,2026-01-13 13:17:03.674931,2026-01-13 13:17:03.674935,f
9712,대흥동,2726012700,대구광역시,2026-01-13 13:17:03.679671,2026-01-13 13:17:03.679674,f
9713,달서구,2729000000,대구광역시,2026-01-13 13:17:03.683755,2026-01-13 13:17:03.683756,f
9714,성당동,2729010100,대구광역시,2026-01-13 13:17:03.687455,2026-01-13 13:17:03.687457,f
9715,두류동,2729010200,대구광역시,2026-01-13 13:17:03.690854,2026-01-13 13:17:03.690855,f
9716,파호동,2729010400,대구광역시,2026-01-13 13:17:03.694357,2026-01-13 13:17:03.694358,f
9717,호림동,2729010500,대구광역시,2026-01-13 13:17:03.699405,2026-01-13 13:17:03.699408,f
9718,갈산동,2729010600,대구광역시,2026-01-13 13:17:03.707385,2026-01-13 13:17:03.707388,f
9719,신당동,2729010700,대구광역시,2026-01-13 13:17:03.714686,2026-01-13 13:17:03.714688,f
9720,이곡동,2729010800,대구광역시,2026-01-13 13:17:03.719369,2026-01-13 13:17:03.719371,f
9721,장동,2729010900,대구광역시,2026-01-13 13:17:03.722956,2026-01-13 13:17:03.722957,f
9722,장기동,2729011000,대구광역시,2026-01-13 13:17:03.726544,2026-01-13 13:17:03.726545,f
9723,용산동,2729011100,대구광역시,2026-01-13 13:17:03.730336,2026-01-13 13:17:03.730337,f
9724,죽전동,2729011200,대구광역시,2026-01-13 13:17:03.734064,2026-01-13 13:17:03.734066,f
9725,감삼동,2729011300,대구광역시,2026-01-13 13:17:03.742308,2026-01-13 13:17:03.74231,f
9726,본리동,2729011400,대구광역시,2026-01-13 13:17:03.750337,2026-01-13 13:17:03.75034,f
9727,상인동,2729011500,대구광역시,2026-01-13 13:17:03.754828,2026-01-13 13:17:03.754829,f
9728,도원동,2729011600,대구광역시,2026-01-13 13:17:03.759011,2026-01-13 13:17:03.759014,f
9729,진천동,2729011700,대구광역시,2026-01-13 13:17:03.763355,2026-01-13 13:17:03.763358,f
9730,유천동,2729011800,대구광역시,2026-01-13 13:17:03.767054,2026-01-13 13:17:03.767056,f
9731,대천동,2729011900,대구광역시,2026-01-13 13:17:03.770487,2026-01-13 13:17:03.770489,f
9732,월성동,2729012000,대구광역시,2026-01-13 13:17:03.785236,2026-01-13 13:17:03.785244,f
9733,월암동,2729012100,대구광역시,2026-01-13 13:17:03.791557,2026-01-13 13:17:03.791559,f
9734,송현동,2729012200,대구광역시,2026-01-13 13:17:03.797113,2026-01-13 13:17:03.797116,f
9735,대곡동,2729012300,대구광역시,2026-01-13 13:17:03.801264,2026-01-13 13:17:03.801266,f
9736,본동,2729012400,대구광역시,2026-01-13 13:17:03.807129,2026-01-13 13:17:03.807131,f
9737,호산동,2729012500,대구광역시,2026-01-13 13:17:03.812528,2026-01-13 13:17:03.812531,f
9738,달성군,2771000000,대구광역시,2026-01-13 13:17:03.818428,2026-01-13 13:17:03.81843,f
9739,화원읍,2771025000,대구광역시,2026-01-13 13:17:03.822822,2026-01-13 13:17:03.822825,f
9740,천내리,2771025021,대구광역시,2026-01-13 13:17:03.826907,2026-01-13 13:17:03.82691,f
9741,구라리,2771025022,대구광역시,2026-01-13 13:17:03.832528,2026-01-13 13:17:03.832531,f
9742,성산리,2771025023,대구광역시,2026-01-13 13:17:03.837157,2026-01-13 13:17:03.837161,f
9743,설화리,2771025024,대구광역시,2026-01-13 13:17:03.842157,2026-01-13 13:17:03.842159,f
9744,명곡리,2771025025,대구광역시,2026-01-13 13:17:03.847295,2026-01-13 13:17:03.847297,f
9745,본리리,2771025026,대구광역시,2026-01-13 13:17:03.852864,2026-01-13 13:17:03.852867,f
9746,논공읍,2771025300,대구광역시,2026-01-13 13:17:03.857486,2026-01-13 13:17:03.857489,f
9747,노이리,2771025321,대구광역시,2026-01-13 13:17:03.861505,2026-01-13 13:17:03.861507,f
9748,금포리,2771025322,대구광역시,2026-01-13 13:17:03.866151,2026-01-13 13:17:03.866153,f
9749,삼리리,2771025323,대구광역시,2026-01-13 13:17:03.870247,2026-01-13 13:17:03.87025,f
9750,위천리,2771025324,대구광역시,2026-01-13 13:17:03.875051,2026-01-13 13:17:03.875053,f
9751,상리,2771025325,대구광역시,2026-01-13 13:17:03.881289,2026-01-13 13:17:03.881291,f
9752,하리,2771025326,대구광역시,2026-01-13 13:17:03.887491,2026-01-13 13:17:03.887493,f
9753,남리,2771025327,대구광역시,2026-01-13 13:17:03.891786,2026-01-13 13:17:03.891788,f
9754,북리,2771025328,대구광역시,2026-01-13 13:17:03.896414,2026-01-13 13:17:03.896416,f
9755,본리리,2771025329,대구광역시,2026-01-13 13:17:03.900478,2026-01-13 13:17:03.90048,f
9756,다사읍,2771025600,대구광역시,2026-01-13 13:17:03.904394,2026-01-13 13:17:03.904396,f
9757,이천리,2771025621,대구광역시,2026-01-13 13:17:03.909248,2026-01-13 13:17:03.909252,f
9758,달천리,2771025622,대구광역시,2026-01-13 13:17:03.917767,2026-01-13 13:17:03.91777,f
9759,박곡리,2771025623,대구광역시,2026-01-13 13:17:03.921808,2026-01-13 13:17:03.921809,f
9760,방천리,2771025624,대구광역시,2026-01-13 13:17:03.925411,2026-01-13 13:17:03.925412,f
9761,서재리,2771025625,대구광역시,2026-01-13 13:17:03.929422,2026-01-13 13:17:03.929425,f
9762,세천리,2771025626,대구광역시,2026-01-13 13:17:03.93357,2026-01-13 13:17:03.933572,f
9763,죽곡리,2771025627,대구광역시,2026-01-13 13:17:03.938091,2026-01-13 13:17:03.938094,f
9764,매곡리,2771025628,대구광역시,2026-01-13 13:17:03.942353,2026-01-13 13:17:03.942355,f
9765,부곡리,2771025629,대구광역시,2026-01-13 13:17:03.946151,2026-01-13 13:17:03.946155,f
9766,문양리,2771025630,대구광역시,2026-01-13 13:17:03.952398,2026-01-13 13:17:03.952401,f
9767,문산리,2771025631,대구광역시,2026-01-13 13:17:03.957613,2026-01-13 13:17:03.957615,f
9768,유가읍,2771025900,대구광역시,2026-01-13 13:17:03.961704,2026-01-13 13:17:03.961708,f
9769,음리,2771025921,대구광역시,2026-01-13 13:17:03.965827,2026-01-13 13:17:03.96583,f
9770,양리,2771025922,대구광역시,2026-01-13 13:17:03.9698,2026-01-13 13:17:03.969801,f
9771,용리,2771025923,대구광역시,2026-01-13 13:17:03.975912,2026-01-13 13:17:03.975915,f
9772,봉리,2771025924,대구광역시,2026-01-13 13:17:03.980813,2026-01-13 13:17:03.980815,f
9773,쌍계리,2771025925,대구광역시,2026-01-13 13:17:03.987049,2026-01-13 13:17:03.987052,f
9774,초곡리,2771025926,대구광역시,2026-01-13 13:17:03.992755,2026-01-13 13:17:03.992758,f
9775,상리,2771025927,대구광역시,2026-01-13 13:17:03.998672,2026-01-13 13:17:03.998675,f
9776,금리,2771025928,대구광역시,2026-01-13 13:17:04.003606,2026-01-13 13:17:04.003608,f
9777,유곡리,2771025929,대구광역시,2026-01-13 13:17:04.007732,2026-01-13 13:17:04.007734,f
9778,도의리,2771025930,대구광역시,2026-01-13 13:17:04.012598,2026-01-13 13:17:04.0126,f
9779,가태리,2771025931,대구광역시,2026-01-13 13:17:04.016824,2026-01-13 13:17:04.016829,f
9780,한정리,2771025932,대구광역시,2026-01-13 13:17:04.023835,2026-01-13 13:17:04.023838,f
9781,본말리,2771025933,대구광역시,2026-01-13 13:17:04.030968,2026-01-13 13:17:04.030972,f
9782,옥포읍,2771026200,대구광역시,2026-01-13 13:17:04.036258,2026-01-13 13:17:04.036261,f
9783,신당리,2771026221,대구광역시,2026-01-13 13:17:04.040945,2026-01-13 13:17:04.040948,f
9784,교항리,2771026222,대구광역시,2026-01-13 13:17:04.044988,2026-01-13 13:17:04.044991,f
9785,강림리,2771026223,대구광역시,2026-01-13 13:17:04.049322,2026-01-13 13:17:04.049323,f
9786,송촌리,2771026224,대구광역시,2026-01-13 13:17:04.05783,2026-01-13 13:17:04.057835,f
9787,간경리,2771026225,대구광역시,2026-01-13 13:17:04.063184,2026-01-13 13:17:04.063187,f
9788,기세리,2771026226,대구광역시,2026-01-13 13:17:04.067561,2026-01-13 13:17:04.067563,f
9789,반송리,2771026227,대구광역시,2026-01-13 13:17:04.071735,2026-01-13 13:17:04.071737,f
9790,김흥리,2771026228,대구광역시,2026-01-13 13:17:04.075856,2026-01-13 13:17:04.075858,f
9791,본리리,2771026229,대구광역시,2026-01-13 13:17:04.081172,2026-01-13 13:17:04.081175,f
9792,현풍읍,2771026500,대구광역시,2026-01-13 13:17:04.085214,2026-01-13 13:17:04.085215,f
9793,상리,2771026521,대구광역시,2026-01-13 13:17:04.09104,2026-01-13 13:17:04.091042,f
9794,중리,2771026522,대구광역시,2026-01-13 13:17:04.096516,2026-01-13 13:17:04.096519,f
9795,부리,2771026523,대구광역시,2026-01-13 13:17:04.100509,2026-01-13 13:17:04.100512,f
9796,하리,2771026524,대구광역시,2026-01-13 13:17:04.104661,2026-01-13 13:17:04.104663,f
9797,성하리,2771026525,대구광역시,2026-01-13 13:17:04.108394,2026-01-13 13:17:04.108395,f
9798,원교리,2771026526,대구광역시,2026-01-13 13:17:04.113108,2026-01-13 13:17:04.113111,f
9799,자모리,2771026527,대구광역시,2026-01-13 13:17:04.117412,2026-01-13 13:17:04.117414,f
9800,오산리,2771026528,대구광역시,2026-01-13 13:17:04.125926,2026-01-13 13:17:04.125928,f
9801,지리,2771026529,대구광역시,2026-01-13 13:17:04.13083,2026-01-13 13:17:04.130832,f
9802,대리,2771026530,대구광역시,2026-01-13 13:17:04.135654,2026-01-13 13:17:04.135657,f
9803,신기리,2771026531,대구광역시,2026-01-13 13:17:04.139928,2026-01-13 13:17:04.139929,f
9804,가창면,2771031000,대구광역시,2026-01-13 13:17:04.144835,2026-01-13 13:17:04.144839,f
9805,용계리,2771031021,대구광역시,2026-01-13 13:17:04.149732,2026-01-13 13:17:04.149734,f
9806,오리,2771031022,대구광역시,2026-01-13 13:17:04.153801,2026-01-13 13:17:04.153803,f
9807,정대리,2771031023,대구광역시,2026-01-13 13:17:04.160605,2026-01-13 13:17:04.160608,f
9808,냉천리,2771031024,대구광역시,2026-01-13 13:17:04.165289,2026-01-13 13:17:04.165291,f
9809,행정리,2771031025,대구광역시,2026-01-13 13:17:04.169592,2026-01-13 13:17:04.169594,f
9810,상원리,2771031026,대구광역시,2026-01-13 13:17:04.17355,2026-01-13 13:17:04.173552,f
9811,단산리,2771031027,대구광역시,2026-01-13 13:17:04.178092,2026-01-13 13:17:04.178096,f
9812,대일리,2771031028,대구광역시,2026-01-13 13:17:04.18243,2026-01-13 13:17:04.182431,f
9813,주리,2771031029,대구광역시,2026-01-13 13:17:04.186684,2026-01-13 13:17:04.186686,f
9814,옥분리,2771031030,대구광역시,2026-01-13 13:17:04.196552,2026-01-13 13:17:04.196555,f
9815,삼산리,2771031031,대구광역시,2026-01-13 13:17:04.201362,2026-01-13 13:17:04.201365,f
9816,우록리,2771031032,대구광역시,2026-01-13 13:17:04.206242,2026-01-13 13:17:04.206245,f
9817,하빈면,2771033000,대구광역시,2026-01-13 13:17:04.210791,2026-01-13 13:17:04.210794,f
9818,하산리,2771033021,대구광역시,2026-01-13 13:17:04.21494,2026-01-13 13:17:04.214943,f
9819,묘리,2771033022,대구광역시,2026-01-13 13:17:04.219339,2026-01-13 13:17:04.219341,f
9820,기곡리,2771033023,대구광역시,2026-01-13 13:17:04.223435,2026-01-13 13:17:04.223437,f
9821,대평리,2771033024,대구광역시,2026-01-13 13:17:04.229427,2026-01-13 13:17:04.22943,f
9822,무등리,2771033025,대구광역시,2026-01-13 13:17:04.235241,2026-01-13 13:17:04.235245,f
9823,현내리,2771033026,대구광역시,2026-01-13 13:17:04.239889,2026-01-13 13:17:04.239891,f
9824,감문리,2771033027,대구광역시,2026-01-13 13:17:04.243728,2026-01-13 13:17:04.24373,f
9825,동곡리,2771033028,대구광역시,2026-01-13 13:17:04.249089,2026-01-13 13:17:04.249091,f
9826,봉촌리,2771033029,대구광역시,2026-01-13 13:17:04.253054,2026-01-13 13:17:04.253056,f
9827,구지면,2771038000,대구광역시,2026-01-13 13:17:04.258171,2026-01-13 13:17:04.258174,f
9828,창리,2771038021,대구광역시,2026-01-13 13:17:04.263852,2026-01-13 13:17:04.263854,f
9829,응암리,2771038022,대구광역시,2026-01-13 13:17:04.26924,2026-01-13 13:17:04.269242,f
9830,고봉리,2771038023,대구광역시,2026-01-13 13:17:04.273752,2026-01-13 13:17:04.273754,f
9831,가천리,2771038024,대구광역시,2026-01-13 13:17:04.278522,2026-01-13 13:17:04.278524,f
9832,평촌리,2771038025,대구광역시,2026-01-13 13:17:04.282357,2026-01-13 13:17:04.282358,f
9833,예현리,2771038026,대구광역시,2026-01-13 13:17:04.285918,2026-01-13 13:17:04.28592,f
9834,유산리,2771038027,대구광역시,2026-01-13 13:17:04.290416,2026-01-13 13:17:04.290418,f
9835,목단리,2771038028,대구광역시,2026-01-13 13:17:04.298906,2026-01-13 13:17:04.298908,f
9836,대암리,2771038029,대구광역시,2026-01-13 13:17:04.303642,2026-01-13 13:17:04.303644,f
9837,내리,2771038030,대구광역시,2026-01-13 13:17:04.307649,2026-01-13 13:17:04.30765,f
9838,화산리,2771038031,대구광역시,2026-01-13 13:17:04.312512,2026-01-13 13:17:04.312516,f
9839,수리리,2771038032,대구광역시,2026-01-13 13:17:04.317096,2026-01-13 13:17:04.317099,f
9840,징리,2771038033,대구광역시,2026-01-13 13:17:04.320864,2026-01-13 13:17:04.320867,f
9841,오설리,2771038034,대구광역시,2026-01-13 13:17:04.324693,2026-01-13 13:17:04.324695,f
9842,도동리,2771038035,대구광역시,2026-01-13 13:17:04.333998,2026-01-13 13:17:04.334,f
9843,내곡동,2714013100,대구광역시,2026-01-13 13:17:04.341107,2026-01-13 13:17:04.341111,f
9844,능성동,2714013200,대구광역시,2026-01-13 13:17:04.347232,2026-01-13 13:17:04.347237,f
9845,사복동,2714012900,대구광역시,2026-01-13 13:17:04.353997,2026-01-13 13:17:04.354,f
9846,숙천동,2714013000,대구광역시,2026-01-13 13:17:04.359117,2026-01-13 13:17:04.35912,f
9847,나호리,2772034021,대구광역시,2026-01-13 13:17:04.363476,2026-01-13 13:17:04.363478,f
9848,이화리,2772034022,대구광역시,2026-01-13 13:17:04.368614,2026-01-13 13:17:04.368617,f
9849,두북리,2772034023,대구광역시,2026-01-13 13:17:04.374097,2026-01-13 13:17:04.374099,f
9850,선곡리,2772034024,대구광역시,2026-01-13 13:17:04.379664,2026-01-13 13:17:04.379666,f
9851,미성리,2772034025,대구광역시,2026-01-13 13:17:04.383707,2026-01-13 13:17:04.383709,f
9852,모산리,2772034026,대구광역시,2026-01-13 13:17:04.387545,2026-01-13 13:17:04.387547,f
9853,문덕리,2772034027,대구광역시,2026-01-13 13:17:04.391241,2026-01-13 13:17:04.391243,f
9854,달산리,2772034028,대구광역시,2026-01-13 13:17:04.395678,2026-01-13 13:17:04.395681,f
9855,봉산리,2772034029,대구광역시,2026-01-13 13:17:04.404276,2026-01-13 13:17:04.404281,f
9856,의흥면,2772035000,대구광역시,2026-01-13 13:17:04.420909,2026-01-13 13:17:04.420918,f
9857,읍내리,2772035021,대구광역시,2026-01-13 13:17:04.433249,2026-01-13 13:17:04.433257,f
9858,수북리,2772035022,대구광역시,2026-01-13 13:17:04.442589,2026-01-13 13:17:04.442591,f
9859,수서리,2772035023,대구광역시,2026-01-13 13:17:04.448616,2026-01-13 13:17:04.448618,f
9860,이지리,2772035024,대구광역시,2026-01-13 13:17:04.452655,2026-01-13 13:17:04.452662,f
9861,파전리,2772035025,대구광역시,2026-01-13 13:17:04.457299,2026-01-13 13:17:04.457301,f
9862,신덕리,2772035026,대구광역시,2026-01-13 13:17:04.461697,2026-01-13 13:17:04.461699,f
9863,지호리,2772035027,대구광역시,2026-01-13 13:17:04.466499,2026-01-13 13:17:04.466502,f
9864,연계리,2772035028,대구광역시,2026-01-13 13:17:04.473117,2026-01-13 13:17:04.473119,f
9865,매성리,2772035029,대구광역시,2026-01-13 13:17:04.47892,2026-01-13 13:17:04.478922,f
9866,원산리,2772035030,대구광역시,2026-01-13 13:17:04.483021,2026-01-13 13:17:04.483022,f
9867,금양리,2772035031,대구광역시,2026-01-13 13:17:04.487197,2026-01-13 13:17:04.487199,f
9868,산성면,2772036000,대구광역시,2026-01-13 13:17:04.494727,2026-01-13 13:17:04.49473,f
9869,백학리,2772036021,대구광역시,2026-01-13 13:17:04.500059,2026-01-13 13:17:04.500063,f
9870,삼산리,2772036022,대구광역시,2026-01-13 13:17:04.507739,2026-01-13 13:17:04.507741,f
9871,봉림리,2772036023,대구광역시,2026-01-13 13:17:04.513313,2026-01-13 13:17:04.513317,f
9872,무암리,2772036024,대구광역시,2026-01-13 13:17:04.517889,2026-01-13 13:17:04.517891,f
9873,운산리,2772036025,대구광역시,2026-01-13 13:17:04.521926,2026-01-13 13:17:04.521929,f
9874,화본리,2772036026,대구광역시,2026-01-13 13:17:04.526262,2026-01-13 13:17:04.526264,f
9875,화전리,2772036027,대구광역시,2026-01-13 13:17:04.53054,2026-01-13 13:17:04.530542,f
9876,삼국유사면,2772037000,대구광역시,2026-01-13 13:17:04.534692,2026-01-13 13:17:04.534694,f
9877,화수리,2772037021,대구광역시,2026-01-13 13:17:04.542196,2026-01-13 13:17:04.542199,f
9878,화북리,2772037022,대구광역시,2026-01-13 13:17:04.547427,2026-01-13 13:17:04.547429,f
9879,괴산리,2772037023,대구광역시,2026-01-13 13:17:04.551588,2026-01-13 13:17:04.55159,f
9880,학성리,2772037024,대구광역시,2026-01-13 13:17:04.556254,2026-01-13 13:17:04.556259,f
9881,장곡리,2772037025,대구광역시,2026-01-13 13:17:04.560819,2026-01-13 13:17:04.560823,f
9882,인곡리,2772037026,대구광역시,2026-01-13 13:17:04.564778,2026-01-13 13:17:04.56478,f
9883,양지리,2772037027,대구광역시,2026-01-13 13:17:04.568952,2026-01-13 13:17:04.568954,f
9884,낙전리,2772037028,대구광역시,2026-01-13 13:17:04.577277,2026-01-13 13:17:04.57728,f
9885,가암리,2772037029,대구광역시,2026-01-13 13:17:04.582792,2026-01-13 13:17:04.582795,f
9886,석산리,2772037030,대구광역시,2026-01-13 13:17:04.586914,2026-01-13 13:17:04.586917,f
9887,학암리,2772037031,대구광역시,2026-01-13 13:17:04.591797,2026-01-13 13:17:04.5918,f
9888,서경리,2772031029,대구광역시,2026-01-13 13:17:04.596396,2026-01-13 13:17:04.596397,f
9889,평호리,2772031030,대구광역시,2026-01-13 13:17:04.600239,2026-01-13 13:17:04.600241,f
9890,산법리,2772031031,대구광역시,2026-01-13 13:17:04.604663,2026-01-13 13:17:04.604666,f
9891,내의리,2772031032,대구광역시,2026-01-13 13:17:04.611089,2026-01-13 13:17:04.611093,f
9892,봉황리,2772031033,대구광역시,2026-01-13 13:17:04.616646,2026-01-13 13:17:04.61665,f
9893,봉소리,2772031034,대구광역시,2026-01-13 13:17:04.621731,2026-01-13 13:17:04.621733,f
9894,효령면,2772032000,대구광역시,2026-01-13 13:17:04.627486,2026-01-13 13:17:04.62749,f
9895,노행리,2772032021,대구광역시,2026-01-13 13:17:04.632134,2026-01-13 13:17:04.632137,f
9896,오천리,2772032022,대구광역시,2026-01-13 13:17:04.63723,2026-01-13 13:17:04.637234,f
9897,성리,2772032023,대구광역시,2026-01-13 13:17:04.645758,2026-01-13 13:17:04.645761,f
9898,병수리,2772032024,대구광역시,2026-01-13 13:17:04.650927,2026-01-13 13:17:04.650929,f
9899,불로리,2772032025,대구광역시,2026-01-13 13:17:04.656738,2026-01-13 13:17:04.656742,f
9900,내리리,2772032026,대구광역시,2026-01-13 13:17:04.664282,2026-01-13 13:17:04.664286,f
9901,중구리,2772032027,대구광역시,2026-01-13 13:17:04.669319,2026-01-13 13:17:04.669321,f
9902,거매리,2772032028,대구광역시,2026-01-13 13:17:04.674064,2026-01-13 13:17:04.674084,f
9903,장군리,2772032029,대구광역시,2026-01-13 13:17:04.680161,2026-01-13 13:17:04.680164,f
9904,장기리,2772032030,대구광역시,2026-01-13 13:17:04.685476,2026-01-13 13:17:04.685479,f
9905,금매리,2772032031,대구광역시,2026-01-13 13:17:04.690232,2026-01-13 13:17:04.690234,f
9906,화계리,2772032032,대구광역시,2026-01-13 13:17:04.69424,2026-01-13 13:17:04.694243,f
9907,마시리,2772032033,대구광역시,2026-01-13 13:17:04.699014,2026-01-13 13:17:04.699016,f
9908,매곡리,2772032034,대구광역시,2026-01-13 13:17:04.703348,2026-01-13 13:17:04.70335,f
9909,고곡리,2772032035,대구광역시,2026-01-13 13:17:04.7073,2026-01-13 13:17:04.707302,f
9910,부계면,2772033000,대구광역시,2026-01-13 13:17:04.714869,2026-01-13 13:17:04.714871,f
9911,창평리,2772033021,대구광역시,2026-01-13 13:17:04.719747,2026-01-13 13:17:04.719753,f
9912,가호리,2772033022,대구광역시,2026-01-13 13:17:04.725845,2026-01-13 13:17:04.725847,f
9913,춘산리,2772033023,대구광역시,2026-01-13 13:17:04.731563,2026-01-13 13:17:04.731565,f
9914,대율리,2772033024,대구광역시,2026-01-13 13:17:04.736174,2026-01-13 13:17:04.736176,f
9915,동산리,2772033025,대구광역시,2026-01-13 13:17:04.741141,2026-01-13 13:17:04.741143,f
9916,남산리,2772033026,대구광역시,2026-01-13 13:17:04.745485,2026-01-13 13:17:04.745486,f
9917,명산리,2772033027,대구광역시,2026-01-13 13:17:04.749407,2026-01-13 13:17:04.749409,f
9918,신화리,2772033028,대구광역시,2026-01-13 13:17:04.755275,2026-01-13 13:17:04.755277,f
9919,우보면,2772034000,대구광역시,2026-01-13 13:17:04.761033,2026-01-13 13:17:04.761035,f
9920,동부리,2772025021,대구광역시,2026-01-13 13:17:04.765166,2026-01-13 13:17:04.765168,f
9921,군위읍,2772025000,대구광역시,2026-01-13 13:17:04.769331,2026-01-13 13:17:04.769333,f
9922,군위군,2772000000,대구광역시,2026-01-13 13:17:04.773746,2026-01-13 13:17:04.773748,f
9923,도산리,2772031028,대구광역시,2026-01-13 13:17:04.780514,2026-01-13 13:17:04.780519,f
9924,신계리,2772031027,대구광역시,2026-01-13 13:17:04.790837,2026-01-13 13:17:04.79084,f
9925,송원리,2772031026,대구광역시,2026-01-13 13:17:04.796307,2026-01-13 13:17:04.79631,f
9926,달산리,2772031025,대구광역시,2026-01-13 13:17:04.801042,2026-01-13 13:17:04.801046,f
9927,위성리,2772031024,대구광역시,2026-01-13 13:17:04.806093,2026-01-13 13:17:04.806096,f
9928,보현리,2772031022,대구광역시,2026-01-13 13:17:04.810034,2026-01-13 13:17:04.810036,f
9929,복성리,2772031023,대구광역시,2026-01-13 13:17:04.814239,2026-01-13 13:17:04.814242,f
9930,소보면,2772031000,대구광역시,2026-01-13 13:17:04.818556,2026-01-13 13:17:04.818558,f
9931,사리리,2772031021,대구광역시,2026-01-13 13:17:04.825258,2026-01-13 13:17:04.82526,f
9932,광현리,2772025036,대구광역시,2026-01-13 13:17:04.830438,2026-01-13 13:17:04.83044,f
9933,대흥리,2772025037,대구광역시,2026-01-13 13:17:04.836055,2026-01-13 13:17:04.836058,f
9934,상곡리,2772025035,대구광역시,2026-01-13 13:17:04.839959,2026-01-13 13:17:04.839961,f
9935,하곡리,2772025033,대구광역시,2026-01-13 13:17:04.844511,2026-01-13 13:17:04.844513,f
9936,용대리,2772025034,대구광역시,2026-01-13 13:17:04.848753,2026-01-13 13:17:04.848757,f
9937,정리,2772025032,대구광역시,2026-01-13 13:17:04.85264,2026-01-13 13:17:04.852642,f
9938,오곡리,2772025031,대구광역시,2026-01-13 13:17:04.860043,2026-01-13 13:17:04.860046,f
9939,대북리,2772025030,대구광역시,2026-01-13 13:17:04.864729,2026-01-13 13:17:04.864731,f
9940,삽령리,2772025029,대구광역시,2026-01-13 13:17:04.870391,2026-01-13 13:17:04.870393,f
9941,외량리,2772025028,대구광역시,2026-01-13 13:17:04.876053,2026-01-13 13:17:04.876058,f
9942,내량리,2772025027,대구광역시,2026-01-13 13:17:04.881306,2026-01-13 13:17:04.881308,f
9943,수서리,2772025025,대구광역시,2026-01-13 13:17:04.885637,2026-01-13 13:17:04.885639,f
9944,사직리,2772025026,대구광역시,2026-01-13 13:17:04.889647,2026-01-13 13:17:04.889649,f
9945,무성리,2772025024,대구광역시,2026-01-13 13:17:04.895165,2026-01-13 13:17:04.895168,f
9946,서부리,2772025022,대구광역시,2026-01-13 13:17:04.900748,2026-01-13 13:17:04.90075,f
9947,금구리,2772025023,대구광역시,2026-01-13 13:17:04.905298,2026-01-13 13:17:04.905301,f
9948,둔곡동,3020015200,대전광역시,2026-01-13 13:17:04.909691,2026-01-13 13:17:04.909694,f
9949,금탄동,3020015000,대전광역시,2026-01-13 13:17:04.914941,2026-01-13 13:17:04.914945,f
9950,신동,3020015100,대전광역시,2026-01-13 13:17:04.919222,2026-01-13 13:17:04.919224,f
9951,금고동,3020014800,대전광역시,2026-01-13 13:17:04.922985,2026-01-13 13:17:04.922986,f
9952,대동,3020014900,대전광역시,2026-01-13 13:17:04.930587,2026-01-13 13:17:04.93059,f
9953,봉산동,3020014500,대전광역시,2026-01-13 13:17:04.937107,2026-01-13 13:17:04.93711,f
9954,관평동,3020014600,대전광역시,2026-01-13 13:17:04.942259,2026-01-13 13:17:04.942262,f
9955,송강동,3020014700,대전광역시,2026-01-13 13:17:04.947059,2026-01-13 13:17:04.947061,f
9956,원촌동,3020014200,대전광역시,2026-01-13 13:17:04.951117,2026-01-13 13:17:04.95112,f
9957,탑립동,3020014300,대전광역시,2026-01-13 13:17:04.955729,2026-01-13 13:17:04.955732,f
9958,용산동,3020014400,대전광역시,2026-01-13 13:17:04.964296,2026-01-13 13:17:04.964298,f
9959,반석동,3020013900,대전광역시,2026-01-13 13:17:04.969443,2026-01-13 13:17:04.969446,f
9960,문지동,3020014000,대전광역시,2026-01-13 13:17:04.973669,2026-01-13 13:17:04.973671,f
9961,전민동,3020014100,대전광역시,2026-01-13 13:17:04.9792,2026-01-13 13:17:04.979202,f
9962,안산동,3020013700,대전광역시,2026-01-13 13:17:04.983577,2026-01-13 13:17:04.98358,f
9963,외삼동,3020013800,대전광역시,2026-01-13 13:17:04.987279,2026-01-13 13:17:04.987281,f
9964,자운동,3020013400,대전광역시,2026-01-13 13:17:04.995719,2026-01-13 13:17:04.995723,f
9965,신봉동,3020013500,대전광역시,2026-01-13 13:17:05.001552,2026-01-13 13:17:05.001554,f
9966,수남동,3020013600,대전광역시,2026-01-13 13:17:05.005795,2026-01-13 13:17:05.005797,f
9967,덕진동,3020013100,대전광역시,2026-01-13 13:17:05.009783,2026-01-13 13:17:05.009786,f
9968,하기동,3020013200,대전광역시,2026-01-13 13:17:05.023102,2026-01-13 13:17:05.023105,f
9969,추목동,3020013300,대전광역시,2026-01-13 13:17:05.028619,2026-01-13 13:17:05.028623,f
9970,장동,3020012800,대전광역시,2026-01-13 13:17:05.046734,2026-01-13 13:17:05.046746,f
9971,방현동,3020012900,대전광역시,2026-01-13 13:17:05.059411,2026-01-13 13:17:05.05942,f
9972,화암동,3020013000,대전광역시,2026-01-13 13:17:05.06974,2026-01-13 13:17:05.069742,f
9973,도룡동,3020012700,대전광역시,2026-01-13 13:17:05.074161,2026-01-13 13:17:05.074163,f
9974,대전광역시,3000000000,대전광역시,2026-01-13 13:17:05.078627,2026-01-13 13:17:05.078629,f
9975,동구,3011000000,대전광역시,2026-01-13 13:17:05.084278,2026-01-13 13:17:05.084284,f
9976,원동,3011010100,대전광역시,2026-01-13 13:17:05.089632,2026-01-13 13:17:05.089634,f
9977,인동,3011010200,대전광역시,2026-01-13 13:17:05.093375,2026-01-13 13:17:05.093376,f
9978,효동,3011010300,대전광역시,2026-01-13 13:17:05.098224,2026-01-13 13:17:05.098227,f
9979,천동,3011010400,대전광역시,2026-01-13 13:17:05.103001,2026-01-13 13:17:05.103004,f
9980,가오동,3011010500,대전광역시,2026-01-13 13:17:05.10978,2026-01-13 13:17:05.109784,f
9981,신흥동,3011010600,대전광역시,2026-01-13 13:17:05.114227,2026-01-13 13:17:05.114229,f
9982,판암동,3011010700,대전광역시,2026-01-13 13:17:05.118769,2026-01-13 13:17:05.118771,f
9983,삼정동,3011010800,대전광역시,2026-01-13 13:17:05.122869,2026-01-13 13:17:05.122871,f
9984,용운동,3011010900,대전광역시,2026-01-13 13:17:05.126512,2026-01-13 13:17:05.126514,f
9985,대동,3011011000,대전광역시,2026-01-13 13:17:05.13025,2026-01-13 13:17:05.130253,f
9986,자양동,3011011100,대전광역시,2026-01-13 13:17:05.138273,2026-01-13 13:17:05.138275,f
9987,신안동,3011011200,대전광역시,2026-01-13 13:17:05.143928,2026-01-13 13:17:05.143931,f
9988,소제동,3011011300,대전광역시,2026-01-13 13:17:05.148031,2026-01-13 13:17:05.148033,f
9989,가양동,3011011400,대전광역시,2026-01-13 13:17:05.152988,2026-01-13 13:17:05.152992,f
9990,용전동,3011011500,대전광역시,2026-01-13 13:17:05.157352,2026-01-13 13:17:05.157354,f
9991,성남동,3011011600,대전광역시,2026-01-13 13:17:05.161489,2026-01-13 13:17:05.161492,f
9992,홍도동,3011011700,대전광역시,2026-01-13 13:17:05.165479,2026-01-13 13:17:05.165481,f
9993,삼성동,3011011800,대전광역시,2026-01-13 13:17:05.172551,2026-01-13 13:17:05.172553,f
9994,정동,3011011900,대전광역시,2026-01-13 13:17:05.178184,2026-01-13 13:17:05.178187,f
9995,중동,3011012000,대전광역시,2026-01-13 13:17:05.182027,2026-01-13 13:17:05.182029,f
9996,추동,3011012100,대전광역시,2026-01-13 13:17:05.186118,2026-01-13 13:17:05.18612,f
9997,비룡동,3011012200,대전광역시,2026-01-13 13:17:05.190908,2026-01-13 13:17:05.19091,f
9998,주산동,3011012300,대전광역시,2026-01-13 13:17:05.194788,2026-01-13 13:17:05.19479,f
9999,용계동,3011012400,대전광역시,2026-01-13 13:17:05.201759,2026-01-13 13:17:05.201762,f
10000,마산동,3011012500,대전광역시,2026-01-13 13:17:05.207084,2026-01-13 13:17:05.207086,f
10001,효평동,3011012600,대전광역시,2026-01-13 13:17:05.21231,2026-01-13 13:17:05.212313,f
10002,직동,3011012700,대전광역시,2026-01-13 13:17:05.217048,2026-01-13 13:17:05.217051,f
10003,세천동,3011012800,대전광역시,2026-01-13 13:17:05.221225,2026-01-13 13:17:05.221227,f
10004,신상동,3011012900,대전광역시,2026-01-13 13:17:05.225114,2026-01-13 13:17:05.225116,f
10005,신하동,3011013000,대전광역시,2026-01-13 13:17:05.229726,2026-01-13 13:17:05.229728,f
10006,신촌동,3011013100,대전광역시,2026-01-13 13:17:05.234485,2026-01-13 13:17:05.234487,f
10007,사성동,3011013200,대전광역시,2026-01-13 13:17:05.241316,2026-01-13 13:17:05.241319,f
10008,내탑동,3011013300,대전광역시,2026-01-13 13:17:05.246824,2026-01-13 13:17:05.246826,f
10009,오동,3011013400,대전광역시,2026-01-13 13:17:05.251067,2026-01-13 13:17:05.25107,f
10010,주촌동,3011013500,대전광역시,2026-01-13 13:17:05.256006,2026-01-13 13:17:05.256009,f
10011,낭월동,3011013600,대전광역시,2026-01-13 13:17:05.260693,2026-01-13 13:17:05.260695,f
10012,대별동,3011013700,대전광역시,2026-01-13 13:17:05.265079,2026-01-13 13:17:05.265082,f
10013,이사동,3011013800,대전광역시,2026-01-13 13:17:05.270049,2026-01-13 13:17:05.270052,f
10014,대성동,3011013900,대전광역시,2026-01-13 13:17:05.277383,2026-01-13 13:17:05.277387,f
10015,장척동,3011014000,대전광역시,2026-01-13 13:17:05.286133,2026-01-13 13:17:05.286135,f
10016,소호동,3011014100,대전광역시,2026-01-13 13:17:05.291033,2026-01-13 13:17:05.291035,f
10017,구도동,3011014200,대전광역시,2026-01-13 13:17:05.296058,2026-01-13 13:17:05.29606,f
10018,삼괴동,3011014300,대전광역시,2026-01-13 13:17:05.30069,2026-01-13 13:17:05.300692,f
10019,상소동,3011014400,대전광역시,2026-01-13 13:17:05.304575,2026-01-13 13:17:05.304578,f
10020,하소동,3011014500,대전광역시,2026-01-13 13:17:05.311393,2026-01-13 13:17:05.311396,f
10021,중구,3014000000,대전광역시,2026-01-13 13:17:05.317581,2026-01-13 13:17:05.317585,f
10022,은행동,3014010100,대전광역시,2026-01-13 13:17:05.321867,2026-01-13 13:17:05.321869,f
10023,선화동,3014010200,대전광역시,2026-01-13 13:17:05.325625,2026-01-13 13:17:05.325627,f
10024,목동,3014010300,대전광역시,2026-01-13 13:17:05.329406,2026-01-13 13:17:05.329407,f
10025,중촌동,3014010400,대전광역시,2026-01-13 13:17:05.333037,2026-01-13 13:17:05.333039,f
10026,대흥동,3014010500,대전광역시,2026-01-13 13:17:05.336538,2026-01-13 13:17:05.33654,f
10027,문창동,3014010600,대전광역시,2026-01-13 13:17:05.34087,2026-01-13 13:17:05.340873,f
10028,석교동,3014010700,대전광역시,2026-01-13 13:17:05.346007,2026-01-13 13:17:05.346009,f
10029,호동,3014010800,대전광역시,2026-01-13 13:17:05.352225,2026-01-13 13:17:05.352228,f
10030,옥계동,3014010900,대전광역시,2026-01-13 13:17:05.356729,2026-01-13 13:17:05.356732,f
10031,대사동,3014011000,대전광역시,2026-01-13 13:17:05.360915,2026-01-13 13:17:05.360917,f
10032,부사동,3014011100,대전광역시,2026-01-13 13:17:05.36495,2026-01-13 13:17:05.364952,f
10033,용두동,3014011200,대전광역시,2026-01-13 13:17:05.368929,2026-01-13 13:17:05.368931,f
10034,오류동,3014011300,대전광역시,2026-01-13 13:17:05.373245,2026-01-13 13:17:05.373247,f
10035,태평동,3014011400,대전광역시,2026-01-13 13:17:05.38078,2026-01-13 13:17:05.380784,f
10036,유천동,3014011500,대전광역시,2026-01-13 13:17:05.3864,2026-01-13 13:17:05.386402,f
10037,문화동,3014011600,대전광역시,2026-01-13 13:17:05.390742,2026-01-13 13:17:05.390744,f
10038,산성동,3014011700,대전광역시,2026-01-13 13:17:05.395355,2026-01-13 13:17:05.395359,f
10039,사정동,3014011800,대전광역시,2026-01-13 13:17:05.399558,2026-01-13 13:17:05.399561,f
10040,안영동,3014011900,대전광역시,2026-01-13 13:17:05.403691,2026-01-13 13:17:05.403693,f
10041,무수동,3014012000,대전광역시,2026-01-13 13:17:05.40777,2026-01-13 13:17:05.407773,f
10042,구완동,3014012100,대전광역시,2026-01-13 13:17:05.415158,2026-01-13 13:17:05.415161,f
10043,침산동,3014012200,대전광역시,2026-01-13 13:17:05.420856,2026-01-13 13:17:05.420858,f
10044,목달동,3014012300,대전광역시,2026-01-13 13:17:05.42483,2026-01-13 13:17:05.424832,f
10045,정생동,3014012400,대전광역시,2026-01-13 13:17:05.429224,2026-01-13 13:17:05.429225,f
10046,어남동,3014012500,대전광역시,2026-01-13 13:17:05.432992,2026-01-13 13:17:05.432994,f
10047,금동,3014012600,대전광역시,2026-01-13 13:17:05.437303,2026-01-13 13:17:05.437305,f
10048,서구,3017000000,대전광역시,2026-01-13 13:17:05.441481,2026-01-13 13:17:05.441486,f
10049,복수동,3017010100,대전광역시,2026-01-13 13:17:05.448541,2026-01-13 13:17:05.448544,f
10050,변동,3017010200,대전광역시,2026-01-13 13:17:05.452574,2026-01-13 13:17:05.452576,f
10051,도마동,3017010300,대전광역시,2026-01-13 13:17:05.456671,2026-01-13 13:17:05.456673,f
10052,정림동,3017010400,대전광역시,2026-01-13 13:17:05.461301,2026-01-13 13:17:05.461304,f
10053,용문동,3017010500,대전광역시,2026-01-13 13:17:05.465261,2026-01-13 13:17:05.465264,f
10054,탄방동,3017010600,대전광역시,2026-01-13 13:17:05.474564,2026-01-13 13:17:05.474568,f
10055,괴정동,3017010800,대전광역시,2026-01-13 13:17:05.482734,2026-01-13 13:17:05.482737,f
10056,가장동,3017010900,대전광역시,2026-01-13 13:17:05.487664,2026-01-13 13:17:05.487667,f
10057,내동,3017011000,대전광역시,2026-01-13 13:17:05.492872,2026-01-13 13:17:05.492875,f
10058,갈마동,3017011100,대전광역시,2026-01-13 13:17:05.497544,2026-01-13 13:17:05.497546,f
10059,둔산동,3017011200,대전광역시,2026-01-13 13:17:05.501652,2026-01-13 13:17:05.501654,f
10060,월평동,3017011300,대전광역시,2026-01-13 13:17:05.505343,2026-01-13 13:17:05.505345,f
10061,가수원동,3017011400,대전광역시,2026-01-13 13:17:05.513339,2026-01-13 13:17:05.513341,f
10062,도안동,3017011500,대전광역시,2026-01-13 13:17:05.51862,2026-01-13 13:17:05.518623,f
10063,관저동,3017011600,대전광역시,2026-01-13 13:17:05.524199,2026-01-13 13:17:05.524201,f
10064,흑석동,3017011700,대전광역시,2026-01-13 13:17:05.528477,2026-01-13 13:17:05.528479,f
10065,매노동,3017011800,대전광역시,2026-01-13 13:17:05.532978,2026-01-13 13:17:05.53298,f
10066,산직동,3017011900,대전광역시,2026-01-13 13:17:05.536649,2026-01-13 13:17:05.536651,f
10067,장안동,3017012000,대전광역시,2026-01-13 13:17:05.540152,2026-01-13 13:17:05.540154,f
10068,평촌동,3017012100,대전광역시,2026-01-13 13:17:05.544922,2026-01-13 13:17:05.544923,f
10069,오동,3017012200,대전광역시,2026-01-13 13:17:05.548737,2026-01-13 13:17:05.548739,f
10070,우명동,3017012300,대전광역시,2026-01-13 13:17:05.555562,2026-01-13 13:17:05.555565,f
10071,원정동,3017012400,대전광역시,2026-01-13 13:17:05.560156,2026-01-13 13:17:05.56016,f
10072,용촌동,3017012500,대전광역시,2026-01-13 13:17:05.566206,2026-01-13 13:17:05.566209,f
10073,봉곡동,3017012600,대전광역시,2026-01-13 13:17:05.570331,2026-01-13 13:17:05.570333,f
10074,괴곡동,3017012700,대전광역시,2026-01-13 13:17:05.574245,2026-01-13 13:17:05.574248,f
10075,만년동,3017012800,대전광역시,2026-01-13 13:17:05.57832,2026-01-13 13:17:05.578321,f
10076,유성구,3020000000,대전광역시,2026-01-13 13:17:05.582823,2026-01-13 13:17:05.582825,f
10077,원내동,3020010100,대전광역시,2026-01-13 13:17:05.587053,2026-01-13 13:17:05.587055,f
10078,교촌동,3020010200,대전광역시,2026-01-13 13:17:05.595197,2026-01-13 13:17:05.595199,f
10079,대정동,3020010300,대전광역시,2026-01-13 13:17:05.600309,2026-01-13 13:17:05.600311,f
10080,용계동,3020010400,대전광역시,2026-01-13 13:17:05.605522,2026-01-13 13:17:05.605524,f
10081,학하동,3020010500,대전광역시,2026-01-13 13:17:05.60964,2026-01-13 13:17:05.609642,f
10082,계산동,3020010600,대전광역시,2026-01-13 13:17:05.617647,2026-01-13 13:17:05.617652,f
10083,성북동,3020010700,대전광역시,2026-01-13 13:17:05.624664,2026-01-13 13:17:05.624669,f
10084,세동,3020010800,대전광역시,2026-01-13 13:17:05.630269,2026-01-13 13:17:05.630271,f
10085,송정동,3020010900,대전광역시,2026-01-13 13:17:05.635686,2026-01-13 13:17:05.635688,f
10086,방동,3020011000,대전광역시,2026-01-13 13:17:05.641594,2026-01-13 13:17:05.641596,f
10087,봉명동,3020011100,대전광역시,2026-01-13 13:17:05.647252,2026-01-13 13:17:05.647254,f
10088,구암동,3020011200,대전광역시,2026-01-13 13:17:05.65192,2026-01-13 13:17:05.651922,f
10089,덕명동,3020011300,대전광역시,2026-01-13 13:17:05.656406,2026-01-13 13:17:05.656407,f
10090,원신흥동,3020011400,대전광역시,2026-01-13 13:17:05.661105,2026-01-13 13:17:05.661108,f
10091,상대동,3020011500,대전광역시,2026-01-13 13:17:05.669626,2026-01-13 13:17:05.66963,f
10092,복용동,3020011600,대전광역시,2026-01-13 13:17:05.679079,2026-01-13 13:17:05.679082,f
10093,장대동,3020011700,대전광역시,2026-01-13 13:17:05.687482,2026-01-13 13:17:05.687485,f
10094,갑동,3020011800,대전광역시,2026-01-13 13:17:05.691633,2026-01-13 13:17:05.691635,f
10095,노은동,3020011900,대전광역시,2026-01-13 13:17:05.69578,2026-01-13 13:17:05.695783,f
10096,지족동,3020012000,대전광역시,2026-01-13 13:17:05.700341,2026-01-13 13:17:05.700344,f
10097,죽동,3020012100,대전광역시,2026-01-13 13:17:05.705189,2026-01-13 13:17:05.705191,f
10098,궁동,3020012200,대전광역시,2026-01-13 13:17:05.709486,2026-01-13 13:17:05.709488,f
10099,어은동,3020012300,대전광역시,2026-01-13 13:17:05.716707,2026-01-13 13:17:05.716709,f
10100,구성동,3020012400,대전광역시,2026-01-13 13:17:05.721075,2026-01-13 13:17:05.721078,f
10101,신성동,3020012500,대전광역시,2026-01-13 13:17:05.726797,2026-01-13 13:17:05.726799,f
10102,가정동,3020012600,대전광역시,2026-01-13 13:17:05.731009,2026-01-13 13:17:05.731012,f
10103,구룡동,3020015300,대전광역시,2026-01-13 13:17:05.73502,2026-01-13 13:17:05.735023,f
10104,대덕구,3023000000,대전광역시,2026-01-13 13:17:05.738787,2026-01-13 13:17:05.738789,f
10105,오정동,3023010100,대전광역시,2026-01-13 13:17:05.743774,2026-01-13 13:17:05.743778,f
10106,대화동,3023010200,대전광역시,2026-01-13 13:17:05.747759,2026-01-13 13:17:05.747761,f
10107,읍내동,3023010300,대전광역시,2026-01-13 13:17:05.757281,2026-01-13 13:17:05.757284,f
10108,연축동,3023010400,대전광역시,2026-01-13 13:17:05.763227,2026-01-13 13:17:05.76323,f
10109,신대동,3023010500,대전광역시,2026-01-13 13:17:05.769315,2026-01-13 13:17:05.769319,f
10110,와동,3023010600,대전광역시,2026-01-13 13:17:05.778766,2026-01-13 13:17:05.778773,f
10111,송촌동,3023010700,대전광역시,2026-01-13 13:17:05.791635,2026-01-13 13:17:05.791642,f
10112,법동,3023010800,대전광역시,2026-01-13 13:17:05.807208,2026-01-13 13:17:05.807213,f
10113,중리동,3023010900,대전광역시,2026-01-13 13:17:05.822414,2026-01-13 13:17:05.82242,f
10114,비래동,3023011000,대전광역시,2026-01-13 13:17:05.828885,2026-01-13 13:17:05.828889,f
10115,석봉동,3023011100,대전광역시,2026-01-13 13:17:05.838329,2026-01-13 13:17:05.838332,f
10116,목상동,3023011200,대전광역시,2026-01-13 13:17:05.845609,2026-01-13 13:17:05.845611,f
10117,문평동,3023011300,대전광역시,2026-01-13 13:17:05.852771,2026-01-13 13:17:05.852774,f
10118,신일동,3023011400,대전광역시,2026-01-13 13:17:05.857206,2026-01-13 13:17:05.857208,f
10119,덕암동,3023011500,대전광역시,2026-01-13 13:17:05.863336,2026-01-13 13:17:05.863342,f
10120,상서동,3023011600,대전광역시,2026-01-13 13:17:05.869274,2026-01-13 13:17:05.869276,f
10121,평촌동,3023011700,대전광역시,2026-01-13 13:17:05.873873,2026-01-13 13:17:05.873875,f
10122,장동,3023011800,대전광역시,2026-01-13 13:17:05.880219,2026-01-13 13:17:05.880221,f
10123,용호동,3023011900,대전광역시,2026-01-13 13:17:05.885947,2026-01-13 13:17:05.885949,f
10124,이현동,3023012000,대전광역시,2026-01-13 13:17:05.89084,2026-01-13 13:17:05.890843,f
10125,갈전동,3023012100,대전광역시,2026-01-13 13:17:05.894937,2026-01-13 13:17:05.89494,f
10126,부수동,3023012200,대전광역시,2026-01-13 13:17:05.899499,2026-01-13 13:17:05.899501,f
10127,황호동,3023012300,대전광역시,2026-01-13 13:17:05.904283,2026-01-13 13:17:05.904286,f
10128,삼정동,3023012400,대전광역시,2026-01-13 13:17:05.909358,2026-01-13 13:17:05.90936,f
10129,미호동,3023012500,대전광역시,2026-01-13 13:17:05.913557,2026-01-13 13:17:05.913559,f
10130,신탄진동,3023012600,대전광역시,2026-01-13 13:17:05.921046,2026-01-13 13:17:05.921056,f
10131,부산광역시,2600000000,부산광역시,2026-01-13 13:17:05.925684,2026-01-13 13:17:05.925686,f
10132,중구,2611000000,부산광역시,2026-01-13 13:17:05.932053,2026-01-13 13:17:05.932057,f
10133,영주동,2611010100,부산광역시,2026-01-13 13:17:05.936234,2026-01-13 13:17:05.936235,f
10134,대창동1가,2611010200,부산광역시,2026-01-13 13:17:05.940232,2026-01-13 13:17:05.940235,f
10135,대창동2가,2611010300,부산광역시,2026-01-13 13:17:05.946005,2026-01-13 13:17:05.946008,f
10136,중앙동1가,2611010400,부산광역시,2026-01-13 13:17:05.950523,2026-01-13 13:17:05.950525,f
10137,중앙동2가,2611010500,부산광역시,2026-01-13 13:17:05.956205,2026-01-13 13:17:05.956207,f
10138,중앙동3가,2611010600,부산광역시,2026-01-13 13:17:05.961837,2026-01-13 13:17:05.961839,f
10139,중앙동4가,2611010700,부산광역시,2026-01-13 13:17:05.966285,2026-01-13 13:17:05.966288,f
10140,중앙동5가,2611010800,부산광역시,2026-01-13 13:17:05.971759,2026-01-13 13:17:05.971762,f
10141,중앙동6가,2611010900,부산광역시,2026-01-13 13:17:05.97577,2026-01-13 13:17:05.975773,f
10142,중앙동7가,2611011000,부산광역시,2026-01-13 13:17:05.980076,2026-01-13 13:17:05.980078,f
10143,동광동1가,2611011100,부산광역시,2026-01-13 13:17:05.98555,2026-01-13 13:17:05.985554,f
10144,동광동2가,2611011200,부산광역시,2026-01-13 13:17:05.990438,2026-01-13 13:17:05.990441,f
10145,동광동3가,2611011300,부산광역시,2026-01-13 13:17:05.995361,2026-01-13 13:17:05.995363,f
10146,동광동4가,2611011400,부산광역시,2026-01-13 13:17:06.001729,2026-01-13 13:17:06.001731,f
10147,동광동5가,2611011500,부산광역시,2026-01-13 13:17:06.006291,2026-01-13 13:17:06.006292,f
10148,대청동1가,2611011600,부산광역시,2026-01-13 13:17:06.014044,2026-01-13 13:17:06.014047,f
10149,대청동2가,2611011700,부산광역시,2026-01-13 13:17:06.018544,2026-01-13 13:17:06.018545,f
10150,대청동3가,2611011800,부산광역시,2026-01-13 13:17:06.023102,2026-01-13 13:17:06.023105,f
10151,대청동4가,2611011900,부산광역시,2026-01-13 13:17:06.027172,2026-01-13 13:17:06.027175,f
10152,보수동1가,2611012000,부산광역시,2026-01-13 13:17:06.031898,2026-01-13 13:17:06.031901,f
10153,보수동2가,2611012100,부산광역시,2026-01-13 13:17:06.04038,2026-01-13 13:17:06.040382,f
10154,보수동3가,2611012200,부산광역시,2026-01-13 13:17:06.047263,2026-01-13 13:17:06.047265,f
10155,부평동1가,2611012300,부산광역시,2026-01-13 13:17:06.05306,2026-01-13 13:17:06.053062,f
10156,부평동2가,2611012400,부산광역시,2026-01-13 13:17:06.057943,2026-01-13 13:17:06.057946,f
10157,부평동3가,2611012500,부산광역시,2026-01-13 13:17:06.063822,2026-01-13 13:17:06.063827,f
10158,부평동4가,2611012600,부산광역시,2026-01-13 13:17:06.071855,2026-01-13 13:17:06.071858,f
10159,신창동1가,2611012700,부산광역시,2026-01-13 13:17:06.077088,2026-01-13 13:17:06.07709,f
10160,신창동2가,2611012800,부산광역시,2026-01-13 13:17:06.082042,2026-01-13 13:17:06.082045,f
10161,신창동3가,2611012900,부산광역시,2026-01-13 13:17:06.088288,2026-01-13 13:17:06.088291,f
10162,신창동4가,2611013000,부산광역시,2026-01-13 13:17:06.093574,2026-01-13 13:17:06.093576,f
10163,창선동1가,2611013100,부산광역시,2026-01-13 13:17:06.097834,2026-01-13 13:17:06.097837,f
10164,창선동2가,2611013200,부산광역시,2026-01-13 13:17:06.105703,2026-01-13 13:17:06.105711,f
10165,광복동1가,2611013300,부산광역시,2026-01-13 13:17:06.11788,2026-01-13 13:17:06.117885,f
10166,광복동2가,2611013400,부산광역시,2026-01-13 13:17:06.133043,2026-01-13 13:17:06.133047,f
10167,광복동3가,2611013500,부산광역시,2026-01-13 13:17:06.138819,2026-01-13 13:17:06.138821,f
10168,남포동1가,2611013600,부산광역시,2026-01-13 13:17:06.144342,2026-01-13 13:17:06.144345,f
10169,남포동2가,2611013700,부산광역시,2026-01-13 13:17:06.149715,2026-01-13 13:17:06.149718,f
10170,남포동3가,2611013800,부산광역시,2026-01-13 13:17:06.156852,2026-01-13 13:17:06.156857,f
10171,남포동4가,2611013900,부산광역시,2026-01-13 13:17:06.167816,2026-01-13 13:17:06.167821,f
10172,남포동5가,2611014000,부산광역시,2026-01-13 13:17:06.177299,2026-01-13 13:17:06.177302,f
10173,남포동6가,2611014100,부산광역시,2026-01-13 13:17:06.184639,2026-01-13 13:17:06.184642,f
10174,서구,2614000000,부산광역시,2026-01-13 13:17:06.190205,2026-01-13 13:17:06.190208,f
10175,동대신동1가,2614010100,부산광역시,2026-01-13 13:17:06.195264,2026-01-13 13:17:06.19527,f
10176,동대신동2가,2614010200,부산광역시,2026-01-13 13:17:06.205559,2026-01-13 13:17:06.205562,f
10177,동대신동3가,2614010300,부산광역시,2026-01-13 13:17:06.210685,2026-01-13 13:17:06.210688,f
10178,서대신동1가,2614010400,부산광역시,2026-01-13 13:17:06.215657,2026-01-13 13:17:06.215659,f
10179,서대신동2가,2614010500,부산광역시,2026-01-13 13:17:06.220117,2026-01-13 13:17:06.220119,f
10180,서대신동3가,2614010600,부산광역시,2026-01-13 13:17:06.224579,2026-01-13 13:17:06.224582,f
10181,부용동1가,2614010700,부산광역시,2026-01-13 13:17:06.228846,2026-01-13 13:17:06.228848,f
10182,부용동2가,2614010800,부산광역시,2026-01-13 13:17:06.233316,2026-01-13 13:17:06.233318,f
10183,부민동1가,2614010900,부산광역시,2026-01-13 13:17:06.238974,2026-01-13 13:17:06.238978,f
10184,부민동2가,2614011000,부산광역시,2026-01-13 13:17:06.247357,2026-01-13 13:17:06.247364,f
10185,부민동3가,2614011100,부산광역시,2026-01-13 13:17:06.256658,2026-01-13 13:17:06.256661,f
10186,토성동1가,2614011200,부산광역시,2026-01-13 13:17:06.263049,2026-01-13 13:17:06.263052,f
10187,토성동2가,2614011300,부산광역시,2026-01-13 13:17:06.267645,2026-01-13 13:17:06.267648,f
10188,토성동3가,2614011400,부산광역시,2026-01-13 13:17:06.272868,2026-01-13 13:17:06.272872,f
10189,아미동1가,2614011500,부산광역시,2026-01-13 13:17:06.281024,2026-01-13 13:17:06.281029,f
10190,아미동2가,2614011600,부산광역시,2026-01-13 13:17:06.291547,2026-01-13 13:17:06.29155,f
10191,토성동4가,2614011700,부산광역시,2026-01-13 13:17:06.297913,2026-01-13 13:17:06.297917,f
10192,토성동5가,2614011800,부산광역시,2026-01-13 13:17:06.303639,2026-01-13 13:17:06.303644,f
10193,초장동,2614011900,부산광역시,2026-01-13 13:17:06.308508,2026-01-13 13:17:06.30851,f
10194,충무동1가,2614012000,부산광역시,2026-01-13 13:17:06.312789,2026-01-13 13:17:06.312791,f
10195,충무동2가,2614012100,부산광역시,2026-01-13 13:17:06.31984,2026-01-13 13:17:06.319843,f
10196,충무동3가,2614012200,부산광역시,2026-01-13 13:17:06.325412,2026-01-13 13:17:06.325415,f
10197,남부민동,2614012300,부산광역시,2026-01-13 13:17:06.330324,2026-01-13 13:17:06.330327,f
10198,암남동,2614012400,부산광역시,2026-01-13 13:17:06.33608,2026-01-13 13:17:06.336081,f
10199,동구,2617000000,부산광역시,2026-01-13 13:17:06.34018,2026-01-13 13:17:06.340183,f
10200,초량동,2617010100,부산광역시,2026-01-13 13:17:06.345653,2026-01-13 13:17:06.345654,f
10201,수정동,2617010200,부산광역시,2026-01-13 13:17:06.349689,2026-01-13 13:17:06.349691,f
10202,좌천동,2617010300,부산광역시,2026-01-13 13:17:06.354073,2026-01-13 13:17:06.354078,f
10203,범일동,2617010400,부산광역시,2026-01-13 13:17:06.358337,2026-01-13 13:17:06.358339,f
10204,영도구,2620000000,부산광역시,2026-01-13 13:17:06.365973,2026-01-13 13:17:06.365975,f
10205,대교동1가,2620010100,부산광역시,2026-01-13 13:17:06.370254,2026-01-13 13:17:06.370257,f
10206,대교동2가,2620010200,부산광역시,2026-01-13 13:17:06.376953,2026-01-13 13:17:06.376955,f
10207,대평동1가,2620010300,부산광역시,2026-01-13 13:17:06.381592,2026-01-13 13:17:06.381597,f
10208,대평동2가,2620010400,부산광역시,2026-01-13 13:17:06.387621,2026-01-13 13:17:06.387626,f
10209,남항동1가,2620010500,부산광역시,2026-01-13 13:17:06.392067,2026-01-13 13:17:06.392069,f
10210,남항동2가,2620010600,부산광역시,2026-01-13 13:17:06.398602,2026-01-13 13:17:06.398607,f
10211,남항동3가,2620010700,부산광역시,2026-01-13 13:17:06.407288,2026-01-13 13:17:06.407296,f
10212,영선동1가,2620010800,부산광역시,2026-01-13 13:17:06.416554,2026-01-13 13:17:06.416556,f
10213,영선동2가,2620010900,부산광역시,2026-01-13 13:17:06.420638,2026-01-13 13:17:06.42064,f
10214,영선동3가,2620011000,부산광역시,2026-01-13 13:17:06.425372,2026-01-13 13:17:06.425375,f
10215,영선동4가,2620011100,부산광역시,2026-01-13 13:17:06.429862,2026-01-13 13:17:06.429865,f
10216,신선동1가,2620011200,부산광역시,2026-01-13 13:17:06.434322,2026-01-13 13:17:06.434325,f
10217,신선동2가,2620011300,부산광역시,2026-01-13 13:17:06.439263,2026-01-13 13:17:06.439272,f
10218,신선동3가,2620011400,부산광역시,2026-01-13 13:17:06.446097,2026-01-13 13:17:06.446098,f
10219,봉래동1가,2620011500,부산광역시,2026-01-13 13:17:06.451448,2026-01-13 13:17:06.45145,f
10220,봉래동2가,2620011600,부산광역시,2026-01-13 13:17:06.457092,2026-01-13 13:17:06.457094,f
10221,봉래동3가,2620011700,부산광역시,2026-01-13 13:17:06.461191,2026-01-13 13:17:06.461194,f
10222,봉래동4가,2620011800,부산광역시,2026-01-13 13:17:06.466277,2026-01-13 13:17:06.466279,f
10223,봉래동5가,2620011900,부산광역시,2026-01-13 13:17:06.470236,2026-01-13 13:17:06.47024,f
10224,청학동,2620012000,부산광역시,2026-01-13 13:17:06.476396,2026-01-13 13:17:06.4764,f
10225,동삼동,2620012100,부산광역시,2026-01-13 13:17:06.483333,2026-01-13 13:17:06.483338,f
10226,부산진구,2623000000,부산광역시,2026-01-13 13:17:06.492988,2026-01-13 13:17:06.492991,f
10227,양정동,2623010100,부산광역시,2026-01-13 13:17:06.499108,2026-01-13 13:17:06.499109,f
10228,전포동,2623010200,부산광역시,2026-01-13 13:17:06.503558,2026-01-13 13:17:06.50356,f
10229,부전동,2623010300,부산광역시,2026-01-13 13:17:06.507353,2026-01-13 13:17:06.507354,f
10230,범천동,2623010400,부산광역시,2026-01-13 13:17:06.512067,2026-01-13 13:17:06.512071,f
10231,범전동,2623010500,부산광역시,2026-01-13 13:17:06.516728,2026-01-13 13:17:06.516731,f
10232,연지동,2623010600,부산광역시,2026-01-13 13:17:06.52098,2026-01-13 13:17:06.520982,f
10233,초읍동,2623010700,부산광역시,2026-01-13 13:17:06.527907,2026-01-13 13:17:06.527909,f
10234,부암동,2623010800,부산광역시,2026-01-13 13:17:06.533845,2026-01-13 13:17:06.533847,f
10235,당감동,2623010900,부산광역시,2026-01-13 13:17:06.538455,2026-01-13 13:17:06.538458,f
10236,가야동,2623011000,부산광역시,2026-01-13 13:17:06.54787,2026-01-13 13:17:06.547874,f
10237,개금동,2623011100,부산광역시,2026-01-13 13:17:06.552941,2026-01-13 13:17:06.552944,f
10238,동래구,2626000000,부산광역시,2026-01-13 13:17:06.566579,2026-01-13 13:17:06.566586,f
10239,명장동,2626010100,부산광역시,2026-01-13 13:17:06.575619,2026-01-13 13:17:06.575623,f
10240,안락동,2626010200,부산광역시,2026-01-13 13:17:06.581064,2026-01-13 13:17:06.581067,f
10241,칠산동,2626010300,부산광역시,2026-01-13 13:17:06.586009,2026-01-13 13:17:06.586013,f
10242,낙민동,2626010400,부산광역시,2026-01-13 13:17:06.590294,2026-01-13 13:17:06.590296,f
10243,복천동,2626010500,부산광역시,2026-01-13 13:17:06.594499,2026-01-13 13:17:06.5945,f
10244,수안동,2626010600,부산광역시,2026-01-13 13:17:06.602634,2026-01-13 13:17:06.60265,f
10245,명륜동,2626010700,부산광역시,2026-01-13 13:17:06.609889,2026-01-13 13:17:06.609892,f
10246,온천동,2626010800,부산광역시,2026-01-13 13:17:06.615405,2026-01-13 13:17:06.615409,f
10247,사직동,2626010900,부산광역시,2026-01-13 13:17:06.61971,2026-01-13 13:17:06.619712,f
10248,남구,2629000000,부산광역시,2026-01-13 13:17:06.624345,2026-01-13 13:17:06.624347,f
10249,대연동,2629010600,부산광역시,2026-01-13 13:17:06.628787,2026-01-13 13:17:06.62879,f
10250,용호동,2629010700,부산광역시,2026-01-13 13:17:06.633384,2026-01-13 13:17:06.633386,f
10251,용당동,2629010800,부산광역시,2026-01-13 13:17:06.638383,2026-01-13 13:17:06.638386,f
10252,문현동,2629010900,부산광역시,2026-01-13 13:17:06.645967,2026-01-13 13:17:06.645969,f
10253,우암동,2629011000,부산광역시,2026-01-13 13:17:06.650865,2026-01-13 13:17:06.650867,f
10254,감만동,2629011100,부산광역시,2026-01-13 13:17:06.655547,2026-01-13 13:17:06.655549,f
10255,북구,2632000000,부산광역시,2026-01-13 13:17:06.659579,2026-01-13 13:17:06.659581,f
10256,금곡동,2632010100,부산광역시,2026-01-13 13:17:06.664808,2026-01-13 13:17:06.664811,f
10257,화명동,2632010200,부산광역시,2026-01-13 13:17:06.66876,2026-01-13 13:17:06.668767,f
10258,만덕동,2632010300,부산광역시,2026-01-13 13:17:06.67297,2026-01-13 13:17:06.672973,f
10259,덕천동,2632010400,부산광역시,2026-01-13 13:17:06.677318,2026-01-13 13:17:06.677321,f
10260,구포동,2632010500,부산광역시,2026-01-13 13:17:06.681387,2026-01-13 13:17:06.681389,f
10261,해운대구,2635000000,부산광역시,2026-01-13 13:17:06.686329,2026-01-13 13:17:06.686331,f
10262,반송동,2635010100,부산광역시,2026-01-13 13:17:06.690377,2026-01-13 13:17:06.690379,f
10263,석대동,2635010200,부산광역시,2026-01-13 13:17:06.69699,2026-01-13 13:17:06.696995,f
10264,반여동,2635010300,부산광역시,2026-01-13 13:17:06.702898,2026-01-13 13:17:06.702901,f
10265,재송동,2635010400,부산광역시,2026-01-13 13:17:06.709383,2026-01-13 13:17:06.709386,f
10266,우동,2635010500,부산광역시,2026-01-13 13:17:06.714509,2026-01-13 13:17:06.714511,f
10267,중동,2635010600,부산광역시,2026-01-13 13:17:06.719843,2026-01-13 13:17:06.719845,f
10268,좌동,2635010700,부산광역시,2026-01-13 13:17:06.725019,2026-01-13 13:17:06.725025,f
10269,송정동,2635010800,부산광역시,2026-01-13 13:17:06.730556,2026-01-13 13:17:06.730558,f
10270,사하구,2638000000,부산광역시,2026-01-13 13:17:06.736155,2026-01-13 13:17:06.736157,f
10271,괴정동,2638010100,부산광역시,2026-01-13 13:17:06.740788,2026-01-13 13:17:06.740791,f
10272,당리동,2638010200,부산광역시,2026-01-13 13:17:06.745302,2026-01-13 13:17:06.745304,f
10273,하단동,2638010300,부산광역시,2026-01-13 13:17:06.749148,2026-01-13 13:17:06.74915,f
10274,신평동,2638010400,부산광역시,2026-01-13 13:17:06.753193,2026-01-13 13:17:06.753196,f
10275,장림동,2638010500,부산광역시,2026-01-13 13:17:06.75766,2026-01-13 13:17:06.757661,f
10276,다대동,2638010600,부산광역시,2026-01-13 13:17:06.765691,2026-01-13 13:17:06.765693,f
10277,구평동,2638010700,부산광역시,2026-01-13 13:17:06.770291,2026-01-13 13:17:06.770293,f
10278,감천동,2638010800,부산광역시,2026-01-13 13:17:06.776737,2026-01-13 13:17:06.77674,f
10279,금정구,2641000000,부산광역시,2026-01-13 13:17:06.780962,2026-01-13 13:17:06.780965,f
10280,두구동,2641010100,부산광역시,2026-01-13 13:17:06.785973,2026-01-13 13:17:06.785976,f
10281,노포동,2641010200,부산광역시,2026-01-13 13:17:06.790291,2026-01-13 13:17:06.790293,f
10282,청룡동,2641010300,부산광역시,2026-01-13 13:17:06.794402,2026-01-13 13:17:06.794404,f
10283,남산동,2641010400,부산광역시,2026-01-13 13:17:06.799442,2026-01-13 13:17:06.799445,f
10284,선동,2641010500,부산광역시,2026-01-13 13:17:06.805257,2026-01-13 13:17:06.805259,f
10285,오륜동,2641010600,부산광역시,2026-01-13 13:17:06.811587,2026-01-13 13:17:06.81159,f
10286,구서동,2641010700,부산광역시,2026-01-13 13:17:06.817737,2026-01-13 13:17:06.817739,f
10287,장전동,2641010800,부산광역시,2026-01-13 13:17:06.823021,2026-01-13 13:17:06.823027,f
10288,부곡동,2641010900,부산광역시,2026-01-13 13:17:06.828028,2026-01-13 13:17:06.828031,f
10289,서동,2641011000,부산광역시,2026-01-13 13:17:06.832615,2026-01-13 13:17:06.832619,f
10290,금사동,2641011100,부산광역시,2026-01-13 13:17:06.836788,2026-01-13 13:17:06.83679,f
10291,회동동,2641011200,부산광역시,2026-01-13 13:17:06.84571,2026-01-13 13:17:06.845713,f
10292,금성동,2641011300,부산광역시,2026-01-13 13:17:06.853701,2026-01-13 13:17:06.853705,f
10293,강서구,2644000000,부산광역시,2026-01-13 13:17:06.859687,2026-01-13 13:17:06.859691,f
10294,대저1동,2644010100,부산광역시,2026-01-13 13:17:06.86495,2026-01-13 13:17:06.864953,f
10295,대저2동,2644010200,부산광역시,2026-01-13 13:17:06.869544,2026-01-13 13:17:06.869546,f
10296,강동동,2644010300,부산광역시,2026-01-13 13:17:06.873804,2026-01-13 13:17:06.873808,f
10297,명지동,2644010400,부산광역시,2026-01-13 13:17:06.8787,2026-01-13 13:17:06.878702,f
10298,죽림동,2644010500,부산광역시,2026-01-13 13:17:06.884325,2026-01-13 13:17:06.884328,f
10299,식만동,2644010600,부산광역시,2026-01-13 13:17:06.88829,2026-01-13 13:17:06.888292,f
10300,죽동동,2644010700,부산광역시,2026-01-13 13:17:06.893778,2026-01-13 13:17:06.89378,f
10301,봉림동,2644010800,부산광역시,2026-01-13 13:17:06.900011,2026-01-13 13:17:06.900012,f
10302,송정동,2644010900,부산광역시,2026-01-13 13:17:06.904661,2026-01-13 13:17:06.904664,f
10303,화전동,2644011000,부산광역시,2026-01-13 13:17:06.909394,2026-01-13 13:17:06.909397,f
10304,녹산동,2644011100,부산광역시,2026-01-13 13:17:06.914328,2026-01-13 13:17:06.914331,f
10305,생곡동,2644011200,부산광역시,2026-01-13 13:17:06.924524,2026-01-13 13:17:06.92453,f
10306,구랑동,2644011300,부산광역시,2026-01-13 13:17:06.936315,2026-01-13 13:17:06.936321,f
10307,지사동,2644011400,부산광역시,2026-01-13 13:17:06.945604,2026-01-13 13:17:06.94561,f
10308,미음동,2644011500,부산광역시,2026-01-13 13:17:06.950909,2026-01-13 13:17:06.950911,f
10309,범방동,2644011600,부산광역시,2026-01-13 13:17:06.95485,2026-01-13 13:17:06.954852,f
10310,신호동,2644011700,부산광역시,2026-01-13 13:17:06.958671,2026-01-13 13:17:06.958673,f
10311,동선동,2644011800,부산광역시,2026-01-13 13:17:06.964361,2026-01-13 13:17:06.964363,f
10312,성북동,2644011900,부산광역시,2026-01-13 13:17:06.968908,2026-01-13 13:17:06.96891,f
10313,눌차동,2644012000,부산광역시,2026-01-13 13:17:06.974628,2026-01-13 13:17:06.97463,f
10314,천성동,2644012100,부산광역시,2026-01-13 13:17:06.979975,2026-01-13 13:17:06.979977,f
10315,대항동,2644012200,부산광역시,2026-01-13 13:17:06.98518,2026-01-13 13:17:06.985182,f
10316,연제구,2647000000,부산광역시,2026-01-13 13:17:06.991314,2026-01-13 13:17:06.991316,f
10317,거제동,2647010100,부산광역시,2026-01-13 13:17:06.995908,2026-01-13 13:17:06.995912,f
10318,연산동,2647010200,부산광역시,2026-01-13 13:17:07.001513,2026-01-13 13:17:07.001516,f
10319,수영구,2650000000,부산광역시,2026-01-13 13:17:07.00975,2026-01-13 13:17:07.009752,f
10320,망미동,2650010100,부산광역시,2026-01-13 13:17:07.014331,2026-01-13 13:17:07.014333,f
10321,수영동,2650010200,부산광역시,2026-01-13 13:17:07.019318,2026-01-13 13:17:07.019321,f
10322,민락동,2650010300,부산광역시,2026-01-13 13:17:07.024217,2026-01-13 13:17:07.024219,f
10323,광안동,2650010400,부산광역시,2026-01-13 13:17:07.029105,2026-01-13 13:17:07.029107,f
10324,남천동,2650010500,부산광역시,2026-01-13 13:17:07.033605,2026-01-13 13:17:07.033607,f
10325,사상구,2653000000,부산광역시,2026-01-13 13:17:07.039627,2026-01-13 13:17:07.039629,f
10326,삼락동,2653010100,부산광역시,2026-01-13 13:17:07.044549,2026-01-13 13:17:07.04455,f
10327,모라동,2653010200,부산광역시,2026-01-13 13:17:07.050061,2026-01-13 13:17:07.050062,f
10328,덕포동,2653010300,부산광역시,2026-01-13 13:17:07.054369,2026-01-13 13:17:07.054371,f
10329,괘법동,2653010400,부산광역시,2026-01-13 13:17:07.058299,2026-01-13 13:17:07.058301,f
10330,감전동,2653010500,부산광역시,2026-01-13 13:17:07.063464,2026-01-13 13:17:07.063466,f
10331,주례동,2653010600,부산광역시,2026-01-13 13:17:07.067999,2026-01-13 13:17:07.068001,f
10332,학장동,2653010700,부산광역시,2026-01-13 13:17:07.072681,2026-01-13 13:17:07.072684,f
10333,엄궁동,2653010800,부산광역시,2026-01-13 13:17:07.079692,2026-01-13 13:17:07.079695,f
10334,기장군,2671000000,부산광역시,2026-01-13 13:17:07.085669,2026-01-13 13:17:07.085672,f
10335,기장읍,2671025000,부산광역시,2026-01-13 13:17:07.090442,2026-01-13 13:17:07.090444,f
10336,동부리,2671025021,부산광역시,2026-01-13 13:17:07.095206,2026-01-13 13:17:07.095209,f
10337,교리,2671025022,부산광역시,2026-01-13 13:17:07.099406,2026-01-13 13:17:07.099407,f
10338,신천리,2671025023,부산광역시,2026-01-13 13:17:07.103632,2026-01-13 13:17:07.103635,f
10339,죽성리,2671025024,부산광역시,2026-01-13 13:17:07.10859,2026-01-13 13:17:07.108595,f
10340,서부리,2671025025,부산광역시,2026-01-13 13:17:07.113563,2026-01-13 13:17:07.113565,f
10341,대라리,2671025026,부산광역시,2026-01-13 13:17:07.1198,2026-01-13 13:17:07.119803,f
10342,청강리,2671025027,부산광역시,2026-01-13 13:17:07.124471,2026-01-13 13:17:07.124473,f
10343,대변리,2671025028,부산광역시,2026-01-13 13:17:07.130495,2026-01-13 13:17:07.130501,f
10344,연화리,2671025029,부산광역시,2026-01-13 13:17:07.134348,2026-01-13 13:17:07.13435,f
10345,만화리,2671025030,부산광역시,2026-01-13 13:17:07.138061,2026-01-13 13:17:07.138062,f
10346,석산리,2671025031,부산광역시,2026-01-13 13:17:07.142869,2026-01-13 13:17:07.142872,f
10347,당사리,2671025032,부산광역시,2026-01-13 13:17:07.147204,2026-01-13 13:17:07.147205,f
10348,시랑리,2671025033,부산광역시,2026-01-13 13:17:07.151153,2026-01-13 13:17:07.151155,f
10349,내리,2671025034,부산광역시,2026-01-13 13:17:07.159885,2026-01-13 13:17:07.159889,f
10350,장안읍,2671025300,부산광역시,2026-01-13 13:17:07.166353,2026-01-13 13:17:07.166355,f
10351,좌천리,2671025321,부산광역시,2026-01-13 13:17:07.172332,2026-01-13 13:17:07.172335,f
10352,효암리,2671025322,부산광역시,2026-01-13 13:17:07.176778,2026-01-13 13:17:07.17678,f
10353,고리,2671025323,부산광역시,2026-01-13 13:17:07.180741,2026-01-13 13:17:07.180744,f
10354,좌동리,2671025324,부산광역시,2026-01-13 13:17:07.185774,2026-01-13 13:17:07.185776,f
10355,장안리,2671025325,부산광역시,2026-01-13 13:17:07.189828,2026-01-13 13:17:07.18983,f
10356,덕선리,2671025326,부산광역시,2026-01-13 13:17:07.193817,2026-01-13 13:17:07.193819,f
10357,용소리,2671025327,부산광역시,2026-01-13 13:17:07.201841,2026-01-13 13:17:07.201844,f
10358,기룡리,2671025328,부산광역시,2026-01-13 13:17:07.206449,2026-01-13 13:17:07.206451,f
10359,명례리,2671025329,부산광역시,2026-01-13 13:17:07.212498,2026-01-13 13:17:07.2125,f
10360,월내리,2671025330,부산광역시,2026-01-13 13:17:07.216586,2026-01-13 13:17:07.216589,f
10361,반룡리,2671025331,부산광역시,2026-01-13 13:17:07.221075,2026-01-13 13:17:07.221077,f
10362,임랑리,2671025332,부산광역시,2026-01-13 13:17:07.225412,2026-01-13 13:17:07.225413,f
10363,오리,2671025333,부산광역시,2026-01-13 13:17:07.229365,2026-01-13 13:17:07.229366,f
10364,길천리,2671025334,부산광역시,2026-01-13 13:17:07.233114,2026-01-13 13:17:07.233116,f
10365,정관읍,2671025600,부산광역시,2026-01-13 13:17:07.242203,2026-01-13 13:17:07.242208,f
10366,방곡리,2671025621,부산광역시,2026-01-13 13:17:07.248541,2026-01-13 13:17:07.248544,f
10367,매학리,2671025622,부산광역시,2026-01-13 13:17:07.254012,2026-01-13 13:17:07.254014,f
10368,임곡리,2671025623,부산광역시,2026-01-13 13:17:07.259263,2026-01-13 13:17:07.259267,f
10369,월평리,2671025624,부산광역시,2026-01-13 13:17:07.264722,2026-01-13 13:17:07.264725,f
10370,달산리,2671025625,부산광역시,2026-01-13 13:17:07.269385,2026-01-13 13:17:07.269389,f
10371,병산리,2671025626,부산광역시,2026-01-13 13:17:07.273696,2026-01-13 13:17:07.273698,f
10372,모전리,2671025627,부산광역시,2026-01-13 13:17:07.284876,2026-01-13 13:17:07.28488,f
10373,용수리,2671025628,부산광역시,2026-01-13 13:17:07.290578,2026-01-13 13:17:07.290582,f
10374,두명리,2671025629,부산광역시,2026-01-13 13:17:07.297255,2026-01-13 13:17:07.297258,f
10375,예림리,2671025630,부산광역시,2026-01-13 13:17:07.303361,2026-01-13 13:17:07.303364,f
10376,철마면,2671033000,부산광역시,2026-01-13 13:17:07.308866,2026-01-13 13:17:07.308868,f
10377,와여리,2671033021,부산광역시,2026-01-13 13:17:07.313194,2026-01-13 13:17:07.313197,f
10378,장전리,2671033022,부산광역시,2026-01-13 13:17:07.318496,2026-01-13 13:17:07.3185,f
10379,백길리,2671033023,부산광역시,2026-01-13 13:17:07.324748,2026-01-13 13:17:07.324752,f
10380,송정리,2671033024,부산광역시,2026-01-13 13:17:07.329704,2026-01-13 13:17:07.329706,f
10381,웅천리,2671033025,부산광역시,2026-01-13 13:17:07.334956,2026-01-13 13:17:07.334959,f
10382,연구리,2671033026,부산광역시,2026-01-13 13:17:07.339719,2026-01-13 13:17:07.339722,f
10383,구칠리,2671033027,부산광역시,2026-01-13 13:17:07.344953,2026-01-13 13:17:07.344955,f
10384,이곡리,2671033028,부산광역시,2026-01-13 13:17:07.3488,2026-01-13 13:17:07.348802,f
10385,고촌리,2671033029,부산광역시,2026-01-13 13:17:07.352761,2026-01-13 13:17:07.352762,f
10386,안평리,2671033030,부산광역시,2026-01-13 13:17:07.357368,2026-01-13 13:17:07.357371,f
10387,임기리,2671033031,부산광역시,2026-01-13 13:17:07.364872,2026-01-13 13:17:07.364877,f
10388,일광읍,2671025900,부산광역시,2026-01-13 13:17:07.369182,2026-01-13 13:17:07.369183,f
10389,삼성리,2671025921,부산광역시,2026-01-13 13:17:07.375617,2026-01-13 13:17:07.375619,f
10390,이천리,2671025922,부산광역시,2026-01-13 13:17:07.379563,2026-01-13 13:17:07.379564,f
10391,학리,2671025923,부산광역시,2026-01-13 13:17:07.3843,2026-01-13 13:17:07.384303,f
10392,동백리,2671025924,부산광역시,2026-01-13 13:17:07.388903,2026-01-13 13:17:07.388905,f
10393,문중리,2671025925,부산광역시,2026-01-13 13:17:07.393604,2026-01-13 13:17:07.393606,f
10394,신평리,2671025926,부산광역시,2026-01-13 13:17:07.399702,2026-01-13 13:17:07.399705,f
10395,칠암리,2671025927,부산광역시,2026-01-13 13:17:07.404334,2026-01-13 13:17:07.404336,f
10396,문동리,2671025928,부산광역시,2026-01-13 13:17:07.410269,2026-01-13 13:17:07.410271,f
10397,청광리,2671025929,부산광역시,2026-01-13 13:17:07.415315,2026-01-13 13:17:07.415319,f
10398,원리,2671025930,부산광역시,2026-01-13 13:17:07.419234,2026-01-13 13:17:07.419236,f
10399,화전리,2671025931,부산광역시,2026-01-13 13:17:07.423033,2026-01-13 13:17:07.423035,f
10400,횡계리,2671025932,부산광역시,2026-01-13 13:17:07.427679,2026-01-13 13:17:07.427682,f
10401,용천리,2671025933,부산광역시,2026-01-13 13:17:07.43175,2026-01-13 13:17:07.431754,f
10402,송파구,1171000000,서울특별시,2026-01-13 13:17:07.435713,2026-01-13 13:17:07.435715,f
10403,잠실동,1171010100,서울특별시,2026-01-13 13:17:07.446178,2026-01-13 13:17:07.446183,f
10404,신천동,1171010200,서울특별시,2026-01-13 13:17:07.452351,2026-01-13 13:17:07.452356,f
10405,풍납동,1171010300,서울특별시,2026-01-13 13:17:07.457018,2026-01-13 13:17:07.45702,f
10406,송파동,1171010400,서울특별시,2026-01-13 13:17:07.462225,2026-01-13 13:17:07.462228,f
10407,석촌동,1171010500,서울특별시,2026-01-13 13:17:07.467946,2026-01-13 13:17:07.467948,f
10408,삼전동,1171010600,서울특별시,2026-01-13 13:17:07.473723,2026-01-13 13:17:07.473727,f
10409,가락동,1171010700,서울특별시,2026-01-13 13:17:07.47809,2026-01-13 13:17:07.478092,f
10410,문정동,1171010800,서울특별시,2026-01-13 13:17:07.487473,2026-01-13 13:17:07.487476,f
10411,장지동,1171010900,서울특별시,2026-01-13 13:17:07.493223,2026-01-13 13:17:07.493227,f
10412,방이동,1171011100,서울특별시,2026-01-13 13:17:07.497997,2026-01-13 13:17:07.498,f
10413,오금동,1171011200,서울특별시,2026-01-13 13:17:07.502136,2026-01-13 13:17:07.502138,f
10414,거여동,1171011300,서울특별시,2026-01-13 13:17:07.506536,2026-01-13 13:17:07.506538,f
10415,마천동,1171011400,서울특별시,2026-01-13 13:17:07.511389,2026-01-13 13:17:07.511392,f
10416,강동구,1174000000,서울특별시,2026-01-13 13:17:07.515826,2026-01-13 13:17:07.515829,f
10417,명일동,1174010100,서울특별시,2026-01-13 13:17:07.52039,2026-01-13 13:17:07.520393,f
10418,고덕동,1174010200,서울특별시,2026-01-13 13:17:07.527173,2026-01-13 13:17:07.527175,f
10419,상일동,1174010300,서울특별시,2026-01-13 13:17:07.532512,2026-01-13 13:17:07.532515,f
10420,길동,1174010500,서울특별시,2026-01-13 13:17:07.538006,2026-01-13 13:17:07.538008,f
10421,둔촌동,1174010600,서울특별시,2026-01-13 13:17:07.542151,2026-01-13 13:17:07.542154,f
10422,암사동,1174010700,서울특별시,2026-01-13 13:17:07.546802,2026-01-13 13:17:07.546805,f
10423,성내동,1174010800,서울특별시,2026-01-13 13:17:07.550745,2026-01-13 13:17:07.550747,f
10424,천호동,1174010900,서울특별시,2026-01-13 13:17:07.554702,2026-01-13 13:17:07.554704,f
10425,강일동,1174011000,서울특별시,2026-01-13 13:17:07.558761,2026-01-13 13:17:07.558763,f
10426,양재동,1165010200,서울특별시,2026-01-13 13:17:07.563279,2026-01-13 13:17:07.563282,f
10427,우면동,1165010300,서울특별시,2026-01-13 13:17:07.568229,2026-01-13 13:17:07.568231,f
10428,원지동,1165010400,서울특별시,2026-01-13 13:17:07.573808,2026-01-13 13:17:07.57381,f
10429,잠원동,1165010600,서울특별시,2026-01-13 13:17:07.588771,2026-01-13 13:17:07.588776,f
10430,반포동,1165010700,서울특별시,2026-01-13 13:17:07.598981,2026-01-13 13:17:07.598985,f
10431,서초동,1165010800,서울특별시,2026-01-13 13:17:07.609578,2026-01-13 13:17:07.609581,f
10432,내곡동,1165010900,서울특별시,2026-01-13 13:17:07.617663,2026-01-13 13:17:07.617666,f
10433,염곡동,1165011000,서울특별시,2026-01-13 13:17:07.623243,2026-01-13 13:17:07.623247,f
10434,신원동,1165011100,서울특별시,2026-01-13 13:17:07.628518,2026-01-13 13:17:07.62852,f
10435,역삼동,1168010100,서울특별시,2026-01-13 13:17:07.632575,2026-01-13 13:17:07.632577,f
10436,개포동,1168010300,서울특별시,2026-01-13 13:17:07.63637,2026-01-13 13:17:07.636372,f
10437,청담동,1168010400,서울특별시,2026-01-13 13:17:07.641146,2026-01-13 13:17:07.641148,f
10438,삼성동,1168010500,서울특별시,2026-01-13 13:17:07.650051,2026-01-13 13:17:07.650054,f
10439,대치동,1168010600,서울특별시,2026-01-13 13:17:07.656419,2026-01-13 13:17:07.656421,f
10440,신사동,1168010700,서울특별시,2026-01-13 13:17:07.662204,2026-01-13 13:17:07.662206,f
10441,논현동,1168010800,서울특별시,2026-01-13 13:17:07.668044,2026-01-13 13:17:07.668046,f
10442,압구정동,1168011000,서울특별시,2026-01-13 13:17:07.672516,2026-01-13 13:17:07.672518,f
10443,세곡동,1168011100,서울특별시,2026-01-13 13:17:07.67657,2026-01-13 13:17:07.676573,f
10444,자곡동,1168011200,서울특별시,2026-01-13 13:17:07.681473,2026-01-13 13:17:07.681476,f
10445,율현동,1168011300,서울특별시,2026-01-13 13:17:07.690035,2026-01-13 13:17:07.690037,f
10446,일원동,1168011400,서울특별시,2026-01-13 13:17:07.696756,2026-01-13 13:17:07.696757,f
10447,수서동,1168011500,서울특별시,2026-01-13 13:17:07.700888,2026-01-13 13:17:07.700889,f
10448,도곡동,1168011800,서울특별시,2026-01-13 13:17:07.705469,2026-01-13 13:17:07.705471,f
10449,노량진동,1159010100,서울특별시,2026-01-13 13:17:07.710274,2026-01-13 13:17:07.710276,f
10450,상도동,1159010200,서울특별시,2026-01-13 13:17:07.714632,2026-01-13 13:17:07.714634,f
10451,상도1동,1159010300,서울특별시,2026-01-13 13:17:07.718887,2026-01-13 13:17:07.718889,f
10452,본동,1159010400,서울특별시,2026-01-13 13:17:07.726872,2026-01-13 13:17:07.726875,f
10453,흑석동,1159010500,서울특별시,2026-01-13 13:17:07.73204,2026-01-13 13:17:07.732042,f
10454,동작동,1159010600,서울특별시,2026-01-13 13:17:07.73701,2026-01-13 13:17:07.737011,f
10455,사당동,1159010700,서울특별시,2026-01-13 13:17:07.741166,2026-01-13 13:17:07.741168,f
10456,대방동,1159010800,서울특별시,2026-01-13 13:17:07.745849,2026-01-13 13:17:07.745851,f
10457,신대방동,1159010900,서울특별시,2026-01-13 13:17:07.75016,2026-01-13 13:17:07.750163,f
10458,관악구,1162000000,서울특별시,2026-01-13 13:17:07.754707,2026-01-13 13:17:07.754711,f
10459,봉천동,1162010100,서울특별시,2026-01-13 13:17:07.759643,2026-01-13 13:17:07.759646,f
10460,신림동,1162010200,서울특별시,2026-01-13 13:17:07.76514,2026-01-13 13:17:07.765143,f
10461,남현동,1162010300,서울특별시,2026-01-13 13:17:07.769065,2026-01-13 13:17:07.769067,f
10462,서초구,1165000000,서울특별시,2026-01-13 13:17:07.773346,2026-01-13 13:17:07.773348,f
10463,방배동,1165010100,서울특별시,2026-01-13 13:17:07.777158,2026-01-13 13:17:07.77716,f
10464,영등포동,1156010100,서울특별시,2026-01-13 13:17:07.780765,2026-01-13 13:17:07.780766,f
10465,영등포동1가,1156010200,서울특별시,2026-01-13 13:17:07.789124,2026-01-13 13:17:07.789127,f
10466,영등포동2가,1156010300,서울특별시,2026-01-13 13:17:07.795543,2026-01-13 13:17:07.795545,f
10467,영등포동3가,1156010400,서울특별시,2026-01-13 13:17:07.80155,2026-01-13 13:17:07.801554,f
10468,영등포동4가,1156010500,서울특별시,2026-01-13 13:17:07.806246,2026-01-13 13:17:07.806248,f
10469,영등포동5가,1156010600,서울특별시,2026-01-13 13:17:07.810059,2026-01-13 13:17:07.810062,f
10470,영등포동6가,1156010700,서울특별시,2026-01-13 13:17:07.814367,2026-01-13 13:17:07.81437,f
10471,영등포동7가,1156010800,서울특별시,2026-01-13 13:17:07.818523,2026-01-13 13:17:07.818525,f
10472,영등포동8가,1156010900,서울특별시,2026-01-13 13:17:07.822256,2026-01-13 13:17:07.822258,f
10473,여의도동,1156011000,서울특별시,2026-01-13 13:17:07.838661,2026-01-13 13:17:07.838664,f
10474,당산동1가,1156011100,서울특별시,2026-01-13 13:17:07.845874,2026-01-13 13:17:07.845877,f
10475,당산동2가,1156011200,서울특별시,2026-01-13 13:17:07.850781,2026-01-13 13:17:07.850794,f
10476,당산동3가,1156011300,서울특별시,2026-01-13 13:17:07.854837,2026-01-13 13:17:07.854838,f
10477,당산동4가,1156011400,서울특별시,2026-01-13 13:17:07.85867,2026-01-13 13:17:07.858672,f
10478,당산동5가,1156011500,서울특별시,2026-01-13 13:17:07.867696,2026-01-13 13:17:07.867699,f
10479,당산동6가,1156011600,서울특별시,2026-01-13 13:17:07.872483,2026-01-13 13:17:07.872485,f
10480,당산동,1156011700,서울특별시,2026-01-13 13:17:07.876774,2026-01-13 13:17:07.876777,f
10481,도림동,1156011800,서울특별시,2026-01-13 13:17:07.880864,2026-01-13 13:17:07.880866,f
10482,문래동1가,1156011900,서울특별시,2026-01-13 13:17:07.886754,2026-01-13 13:17:07.886757,f
10483,문래동2가,1156012000,서울특별시,2026-01-13 13:17:07.891572,2026-01-13 13:17:07.891574,f
10484,문래동3가,1156012100,서울특별시,2026-01-13 13:17:07.89905,2026-01-13 13:17:07.899052,f
10485,문래동4가,1156012200,서울특별시,2026-01-13 13:17:07.903299,2026-01-13 13:17:07.903301,f
10486,문래동5가,1156012300,서울특별시,2026-01-13 13:17:07.908024,2026-01-13 13:17:07.908026,f
10487,문래동6가,1156012400,서울특별시,2026-01-13 13:17:07.912067,2026-01-13 13:17:07.912069,f
10488,양평동1가,1156012500,서울특별시,2026-01-13 13:17:07.916013,2026-01-13 13:17:07.916015,f
10489,양평동2가,1156012600,서울특별시,2026-01-13 13:17:07.921731,2026-01-13 13:17:07.921736,f
10490,양평동3가,1156012700,서울특별시,2026-01-13 13:17:07.925898,2026-01-13 13:17:07.925901,f
10491,양평동4가,1156012800,서울특별시,2026-01-13 13:17:07.929989,2026-01-13 13:17:07.929991,f
10492,양평동5가,1156012900,서울특별시,2026-01-13 13:17:07.933917,2026-01-13 13:17:07.933919,f
10493,양평동6가,1156013000,서울특별시,2026-01-13 13:17:07.937589,2026-01-13 13:17:07.93759,f
10494,양화동,1156013100,서울특별시,2026-01-13 13:17:07.941583,2026-01-13 13:17:07.941584,f
10495,신길동,1156013200,서울특별시,2026-01-13 13:17:07.946205,2026-01-13 13:17:07.946207,f
10496,대림동,1156013300,서울특별시,2026-01-13 13:17:07.950568,2026-01-13 13:17:07.95057,f
10497,양평동,1156013400,서울특별시,2026-01-13 13:17:07.954898,2026-01-13 13:17:07.9549,f
10498,동작구,1159000000,서울특별시,2026-01-13 13:17:07.958984,2026-01-13 13:17:07.958987,f
10499,금천구,1154500000,서울특별시,2026-01-13 13:17:07.964074,2026-01-13 13:17:07.964077,f
10500,가산동,1154510100,서울특별시,2026-01-13 13:17:07.968253,2026-01-13 13:17:07.968256,f
10501,독산동,1154510200,서울특별시,2026-01-13 13:17:07.971944,2026-01-13 13:17:07.971946,f
10502,시흥동,1154510300,서울특별시,2026-01-13 13:17:07.976098,2026-01-13 13:17:07.9761,f
10503,영등포구,1156000000,서울특별시,2026-01-13 13:17:07.979848,2026-01-13 13:17:07.979849,f
10504,강서구,1150000000,서울특별시,2026-01-13 13:17:07.98332,2026-01-13 13:17:07.983321,f
10505,염창동,1150010100,서울특별시,2026-01-13 13:17:07.990025,2026-01-13 13:17:07.990027,f
10506,등촌동,1150010200,서울특별시,2026-01-13 13:17:07.994646,2026-01-13 13:17:07.994649,f
10507,화곡동,1150010300,서울특별시,2026-01-13 13:17:07.999479,2026-01-13 13:17:07.999481,f
10508,가양동,1150010400,서울특별시,2026-01-13 13:17:08.00458,2026-01-13 13:17:08.004582,f
10509,마곡동,1150010500,서울특별시,2026-01-13 13:17:08.008602,2026-01-13 13:17:08.008604,f
10510,내발산동,1150010600,서울특별시,2026-01-13 13:17:08.013721,2026-01-13 13:17:08.013724,f
10511,외발산동,1150010700,서울특별시,2026-01-13 13:17:08.017824,2026-01-13 13:17:08.017827,f
10512,공항동,1150010800,서울특별시,2026-01-13 13:17:08.021353,2026-01-13 13:17:08.021355,f
10513,방화동,1150010900,서울특별시,2026-01-13 13:17:08.025531,2026-01-13 13:17:08.025534,f
10514,개화동,1150011000,서울특별시,2026-01-13 13:17:08.030994,2026-01-13 13:17:08.030996,f
10515,과해동,1150011100,서울특별시,2026-01-13 13:17:08.035268,2026-01-13 13:17:08.03527,f
10516,오곡동,1150011200,서울특별시,2026-01-13 13:17:08.039589,2026-01-13 13:17:08.039591,f
10517,오쇠동,1150011300,서울특별시,2026-01-13 13:17:08.044124,2026-01-13 13:17:08.044127,f
10518,구로구,1153000000,서울특별시,2026-01-13 13:17:08.048031,2026-01-13 13:17:08.048034,f
10519,신도림동,1153010100,서울특별시,2026-01-13 13:17:08.052049,2026-01-13 13:17:08.052051,f
10520,구로동,1153010200,서울특별시,2026-01-13 13:17:08.056211,2026-01-13 13:17:08.056213,f
10521,가리봉동,1153010300,서울특별시,2026-01-13 13:17:08.059968,2026-01-13 13:17:08.05997,f
10522,고척동,1153010600,서울특별시,2026-01-13 13:17:08.063814,2026-01-13 13:17:08.063817,f
10523,개봉동,1153010700,서울특별시,2026-01-13 13:17:08.069077,2026-01-13 13:17:08.069081,f
10524,오류동,1153010800,서울특별시,2026-01-13 13:17:08.073776,2026-01-13 13:17:08.073778,f
10525,궁동,1153010900,서울특별시,2026-01-13 13:17:08.077973,2026-01-13 13:17:08.077975,f
10526,온수동,1153011000,서울특별시,2026-01-13 13:17:08.083262,2026-01-13 13:17:08.083265,f
10527,천왕동,1153011100,서울특별시,2026-01-13 13:17:08.088597,2026-01-13 13:17:08.0886,f
10528,항동,1153011200,서울특별시,2026-01-13 13:17:08.092577,2026-01-13 13:17:08.09258,f
10529,마포구,1144000000,서울특별시,2026-01-13 13:17:08.09674,2026-01-13 13:17:08.096745,f
10530,아현동,1144010100,서울특별시,2026-01-13 13:17:08.1008,2026-01-13 13:17:08.100803,f
10531,공덕동,1144010200,서울특별시,2026-01-13 13:17:08.105159,2026-01-13 13:17:08.105165,f
10532,신공덕동,1144010300,서울특별시,2026-01-13 13:17:08.110416,2026-01-13 13:17:08.110418,f
10533,도화동,1144010400,서울특별시,2026-01-13 13:17:08.114805,2026-01-13 13:17:08.114808,f
10534,용강동,1144010500,서울특별시,2026-01-13 13:17:08.119387,2026-01-13 13:17:08.119389,f
10535,토정동,1144010600,서울특별시,2026-01-13 13:17:08.123487,2026-01-13 13:17:08.123489,f
10536,마포동,1144010700,서울특별시,2026-01-13 13:17:08.127772,2026-01-13 13:17:08.127773,f
10537,대흥동,1144010800,서울특별시,2026-01-13 13:17:08.131409,2026-01-13 13:17:08.13141,f
10538,염리동,1144010900,서울특별시,2026-01-13 13:17:08.135635,2026-01-13 13:17:08.135637,f
10539,노고산동,1144011000,서울특별시,2026-01-13 13:17:08.13928,2026-01-13 13:17:08.139284,f
10540,신수동,1144011100,서울특별시,2026-01-13 13:17:08.143681,2026-01-13 13:17:08.143683,f
10541,현석동,1144011200,서울특별시,2026-01-13 13:17:08.147947,2026-01-13 13:17:08.14795,f
10542,구수동,1144011300,서울특별시,2026-01-13 13:17:08.152086,2026-01-13 13:17:08.152087,f
10543,창전동,1144011400,서울특별시,2026-01-13 13:17:08.155976,2026-01-13 13:17:08.155979,f
10544,상수동,1144011500,서울특별시,2026-01-13 13:17:08.160369,2026-01-13 13:17:08.160372,f
10545,하중동,1144011600,서울특별시,2026-01-13 13:17:08.164902,2026-01-13 13:17:08.164907,f
10546,신정동,1144011700,서울특별시,2026-01-13 13:17:08.168835,2026-01-13 13:17:08.168837,f
10547,당인동,1144011800,서울특별시,2026-01-13 13:17:08.173091,2026-01-13 13:17:08.173093,f
10548,서교동,1144012000,서울특별시,2026-01-13 13:17:08.177664,2026-01-13 13:17:08.177666,f
10549,동교동,1144012100,서울특별시,2026-01-13 13:17:08.181889,2026-01-13 13:17:08.181891,f
10550,합정동,1144012200,서울특별시,2026-01-13 13:17:08.186981,2026-01-13 13:17:08.186984,f
10551,망원동,1144012300,서울특별시,2026-01-13 13:17:08.190744,2026-01-13 13:17:08.190745,f
10552,연남동,1144012400,서울특별시,2026-01-13 13:17:08.194795,2026-01-13 13:17:08.194798,f
10553,성산동,1144012500,서울특별시,2026-01-13 13:17:08.199265,2026-01-13 13:17:08.199267,f
10554,중동,1144012600,서울특별시,2026-01-13 13:17:08.20357,2026-01-13 13:17:08.203574,f
10555,상암동,1144012700,서울특별시,2026-01-13 13:17:08.208485,2026-01-13 13:17:08.208487,f
10556,양천구,1147000000,서울특별시,2026-01-13 13:17:08.216245,2026-01-13 13:17:08.216251,f
10557,신정동,1147010100,서울특별시,2026-01-13 13:17:08.222659,2026-01-13 13:17:08.222664,f
10558,목동,1147010200,서울특별시,2026-01-13 13:17:08.229376,2026-01-13 13:17:08.229378,f
10559,신월동,1147010300,서울특별시,2026-01-13 13:17:08.23339,2026-01-13 13:17:08.233392,f
10560,서대문구,1141000000,서울특별시,2026-01-13 13:17:08.237238,2026-01-13 13:17:08.23724,f
10561,충정로2가,1141010100,서울특별시,2026-01-13 13:17:08.242256,2026-01-13 13:17:08.242258,f
10562,충정로3가,1141010200,서울특별시,2026-01-13 13:17:08.24661,2026-01-13 13:17:08.246612,f
10563,합동,1141010300,서울특별시,2026-01-13 13:17:08.25047,2026-01-13 13:17:08.250472,f
10564,미근동,1141010400,서울특별시,2026-01-13 13:17:08.254335,2026-01-13 13:17:08.254337,f
10565,냉천동,1141010500,서울특별시,2026-01-13 13:17:08.258084,2026-01-13 13:17:08.258085,f
10566,천연동,1141010600,서울특별시,2026-01-13 13:17:08.263159,2026-01-13 13:17:08.263161,f
10567,옥천동,1141010700,서울특별시,2026-01-13 13:17:08.267748,2026-01-13 13:17:08.267751,f
10568,영천동,1141010800,서울특별시,2026-01-13 13:17:08.272075,2026-01-13 13:17:08.272077,f
10569,현저동,1141010900,서울특별시,2026-01-13 13:17:08.276088,2026-01-13 13:17:08.27609,f
10570,북아현동,1141011000,서울특별시,2026-01-13 13:17:08.280273,2026-01-13 13:17:08.280275,f
10571,홍제동,1141011100,서울특별시,2026-01-13 13:17:08.285462,2026-01-13 13:17:08.285466,f
10572,대현동,1141011200,서울특별시,2026-01-13 13:17:08.290412,2026-01-13 13:17:08.290415,f
10573,대신동,1141011300,서울특별시,2026-01-13 13:17:08.295295,2026-01-13 13:17:08.295297,f
10574,신촌동,1141011400,서울특별시,2026-01-13 13:17:08.299697,2026-01-13 13:17:08.299699,f
10575,봉원동,1141011500,서울특별시,2026-01-13 13:17:08.303842,2026-01-13 13:17:08.303845,f
10576,창천동,1141011600,서울특별시,2026-01-13 13:17:08.310181,2026-01-13 13:17:08.310183,f
10577,연희동,1141011700,서울특별시,2026-01-13 13:17:08.314179,2026-01-13 13:17:08.314181,f
10578,홍은동,1141011800,서울특별시,2026-01-13 13:17:08.320141,2026-01-13 13:17:08.320147,f
10579,북가좌동,1141011900,서울특별시,2026-01-13 13:17:08.326806,2026-01-13 13:17:08.326809,f
10580,남가좌동,1141012000,서울특별시,2026-01-13 13:17:08.331208,2026-01-13 13:17:08.33121,f
10581,노원구,1135000000,서울특별시,2026-01-13 13:17:08.335237,2026-01-13 13:17:08.335239,f
10582,월계동,1135010200,서울특별시,2026-01-13 13:17:08.338877,2026-01-13 13:17:08.338878,f
10583,공릉동,1135010300,서울특별시,2026-01-13 13:17:08.343151,2026-01-13 13:17:08.343154,f
10584,하계동,1135010400,서울특별시,2026-01-13 13:17:08.347923,2026-01-13 13:17:08.347925,f
10585,상계동,1135010500,서울특별시,2026-01-13 13:17:08.352334,2026-01-13 13:17:08.352336,f
10586,중계동,1135010600,서울특별시,2026-01-13 13:17:08.3617,2026-01-13 13:17:08.361703,f
10587,은평구,1138000000,서울특별시,2026-01-13 13:17:08.366303,2026-01-13 13:17:08.366305,f
10588,수색동,1138010100,서울특별시,2026-01-13 13:17:08.37018,2026-01-13 13:17:08.370183,f
10589,녹번동,1138010200,서울특별시,2026-01-13 13:17:08.374097,2026-01-13 13:17:08.374099,f
10590,불광동,1138010300,서울특별시,2026-01-13 13:17:08.3781,2026-01-13 13:17:08.378101,f
10591,갈현동,1138010400,서울특별시,2026-01-13 13:17:08.381853,2026-01-13 13:17:08.381854,f
10592,구산동,1138010500,서울특별시,2026-01-13 13:17:08.387495,2026-01-13 13:17:08.3875,f
10593,대조동,1138010600,서울특별시,2026-01-13 13:17:08.393376,2026-01-13 13:17:08.393379,f
10594,응암동,1138010700,서울특별시,2026-01-13 13:17:08.39827,2026-01-13 13:17:08.398273,f
10595,역촌동,1138010800,서울특별시,2026-01-13 13:17:08.403531,2026-01-13 13:17:08.403534,f
10596,신사동,1138010900,서울특별시,2026-01-13 13:17:08.409516,2026-01-13 13:17:08.40952,f
10597,증산동,1138011000,서울특별시,2026-01-13 13:17:08.414989,2026-01-13 13:17:08.414992,f
10598,진관동,1138011400,서울특별시,2026-01-13 13:17:08.419503,2026-01-13 13:17:08.419505,f
10599,보문동5가,1129012700,서울특별시,2026-01-13 13:17:08.423595,2026-01-13 13:17:08.423597,f
10600,보문동6가,1129012800,서울특별시,2026-01-13 13:17:08.42847,2026-01-13 13:17:08.428473,f
10601,보문동7가,1129012900,서울특별시,2026-01-13 13:17:08.433156,2026-01-13 13:17:08.433159,f
10602,보문동1가,1129013000,서울특별시,2026-01-13 13:17:08.437475,2026-01-13 13:17:08.437477,f
10603,보문동2가,1129013100,서울특별시,2026-01-13 13:17:08.441448,2026-01-13 13:17:08.44145,f
10604,보문동3가,1129013200,서울특별시,2026-01-13 13:17:08.445897,2026-01-13 13:17:08.4459,f
10605,정릉동,1129013300,서울특별시,2026-01-13 13:17:08.449756,2026-01-13 13:17:08.449758,f
10606,길음동,1129013400,서울특별시,2026-01-13 13:17:08.453704,2026-01-13 13:17:08.453706,f
10607,종암동,1129013500,서울특별시,2026-01-13 13:17:08.457559,2026-01-13 13:17:08.457561,f
10608,하월곡동,1129013600,서울특별시,2026-01-13 13:17:08.461304,2026-01-13 13:17:08.461306,f
10609,상월곡동,1129013700,서울특별시,2026-01-13 13:17:08.466042,2026-01-13 13:17:08.466047,f
10610,장위동,1129013800,서울특별시,2026-01-13 13:17:08.47137,2026-01-13 13:17:08.471373,f
10611,석관동,1129013900,서울특별시,2026-01-13 13:17:08.476862,2026-01-13 13:17:08.476865,f
10612,강북구,1130500000,서울특별시,2026-01-13 13:17:08.481494,2026-01-13 13:17:08.481498,f
10613,미아동,1130510100,서울특별시,2026-01-13 13:17:08.485623,2026-01-13 13:17:08.485626,f
10614,번동,1130510200,서울특별시,2026-01-13 13:17:08.49017,2026-01-13 13:17:08.490173,f
10615,수유동,1130510300,서울특별시,2026-01-13 13:17:08.495196,2026-01-13 13:17:08.495199,f
10616,우이동,1130510400,서울특별시,2026-01-13 13:17:08.499575,2026-01-13 13:17:08.499578,f
10617,도봉구,1132000000,서울특별시,2026-01-13 13:17:08.503353,2026-01-13 13:17:08.503354,f
10618,쌍문동,1132010500,서울특별시,2026-01-13 13:17:08.50742,2026-01-13 13:17:08.507421,f
10619,방학동,1132010600,서울특별시,2026-01-13 13:17:08.512408,2026-01-13 13:17:08.51241,f
10620,창동,1132010700,서울특별시,2026-01-13 13:17:08.516645,2026-01-13 13:17:08.516647,f
10621,도봉동,1132010800,서울특별시,2026-01-13 13:17:08.520945,2026-01-13 13:17:08.520946,f
10622,중랑구,1126000000,서울특별시,2026-01-13 13:17:08.525982,2026-01-13 13:17:08.525985,f
10623,면목동,1126010100,서울특별시,2026-01-13 13:17:08.529899,2026-01-13 13:17:08.529901,f
10624,상봉동,1126010200,서울특별시,2026-01-13 13:17:08.533886,2026-01-13 13:17:08.533888,f
10625,중화동,1126010300,서울특별시,2026-01-13 13:17:08.537458,2026-01-13 13:17:08.53746,f
10626,묵동,1126010400,서울특별시,2026-01-13 13:17:08.54118,2026-01-13 13:17:08.541182,f
10627,망우동,1126010500,서울특별시,2026-01-13 13:17:08.54564,2026-01-13 13:17:08.545643,f
10628,신내동,1126010600,서울특별시,2026-01-13 13:17:08.550137,2026-01-13 13:17:08.550139,f
10629,성북구,1129000000,서울특별시,2026-01-13 13:17:08.554751,2026-01-13 13:17:08.554753,f
10630,성북동,1129010100,서울특별시,2026-01-13 13:17:08.559811,2026-01-13 13:17:08.559816,f
10631,성북동1가,1129010200,서울특별시,2026-01-13 13:17:08.564572,2026-01-13 13:17:08.564576,f
10632,돈암동,1129010300,서울특별시,2026-01-13 13:17:08.568733,2026-01-13 13:17:08.568735,f
10633,동소문동1가,1129010400,서울특별시,2026-01-13 13:17:08.572805,2026-01-13 13:17:08.572808,f
10634,동소문동2가,1129010500,서울특별시,2026-01-13 13:17:08.576655,2026-01-13 13:17:08.576657,f
10635,동소문동3가,1129010600,서울특별시,2026-01-13 13:17:08.580834,2026-01-13 13:17:08.580838,f
10636,동소문동4가,1129010700,서울특별시,2026-01-13 13:17:08.585723,2026-01-13 13:17:08.585725,f
10637,동소문동5가,1129010800,서울특별시,2026-01-13 13:17:08.59,2026-01-13 13:17:08.590002,f
10638,동소문동6가,1129010900,서울특별시,2026-01-13 13:17:08.594151,2026-01-13 13:17:08.594153,f
10639,동소문동7가,1129011000,서울특별시,2026-01-13 13:17:08.598406,2026-01-13 13:17:08.598408,f
10640,삼선동1가,1129011100,서울특별시,2026-01-13 13:17:08.602697,2026-01-13 13:17:08.602699,f
10641,삼선동2가,1129011200,서울특별시,2026-01-13 13:17:08.607715,2026-01-13 13:17:08.607717,f
10642,삼선동3가,1129011300,서울특별시,2026-01-13 13:17:08.613401,2026-01-13 13:17:08.613405,f
10643,삼선동4가,1129011400,서울특별시,2026-01-13 13:17:08.619535,2026-01-13 13:17:08.619538,f
10644,삼선동5가,1129011500,서울특별시,2026-01-13 13:17:08.627655,2026-01-13 13:17:08.627659,f
10645,동선동1가,1129011600,서울특별시,2026-01-13 13:17:08.636523,2026-01-13 13:17:08.636528,f
10646,동선동2가,1129011700,서울특별시,2026-01-13 13:17:08.643157,2026-01-13 13:17:08.643161,f
10647,동선동3가,1129011800,서울특별시,2026-01-13 13:17:08.651541,2026-01-13 13:17:08.651545,f
10648,동선동4가,1129011900,서울특별시,2026-01-13 13:17:08.663813,2026-01-13 13:17:08.663821,f
10649,동선동5가,1129012000,서울특별시,2026-01-13 13:17:08.672403,2026-01-13 13:17:08.672412,f
10650,안암동1가,1129012100,서울특별시,2026-01-13 13:17:08.680809,2026-01-13 13:17:08.680813,f
10651,안암동2가,1129012200,서울특별시,2026-01-13 13:17:08.686763,2026-01-13 13:17:08.686766,f
10652,안암동3가,1129012300,서울특별시,2026-01-13 13:17:08.694914,2026-01-13 13:17:08.694919,f
10653,안암동4가,1129012400,서울특별시,2026-01-13 13:17:08.702318,2026-01-13 13:17:08.702323,f
10654,안암동5가,1129012500,서울특별시,2026-01-13 13:17:08.709369,2026-01-13 13:17:08.709374,f
10655,보문동4가,1129012600,서울특별시,2026-01-13 13:17:08.714028,2026-01-13 13:17:08.714029,f
10656,광장동,1121510400,서울특별시,2026-01-13 13:17:08.718343,2026-01-13 13:17:08.718345,f
10657,자양동,1121510500,서울특별시,2026-01-13 13:17:08.723027,2026-01-13 13:17:08.723029,f
10658,화양동,1121510700,서울특별시,2026-01-13 13:17:08.72837,2026-01-13 13:17:08.728372,f
10659,군자동,1121510900,서울특별시,2026-01-13 13:17:08.732309,2026-01-13 13:17:08.732311,f
10660,동대문구,1123000000,서울특별시,2026-01-13 13:17:08.736692,2026-01-13 13:17:08.736694,f
10661,신설동,1123010100,서울특별시,2026-01-13 13:17:08.740551,2026-01-13 13:17:08.740553,f
10662,용두동,1123010200,서울특별시,2026-01-13 13:17:08.746221,2026-01-13 13:17:08.746224,f
10663,제기동,1123010300,서울특별시,2026-01-13 13:17:08.751552,2026-01-13 13:17:08.751555,f
10664,전농동,1123010400,서울특별시,2026-01-13 13:17:08.757006,2026-01-13 13:17:08.757015,f
10665,답십리동,1123010500,서울특별시,2026-01-13 13:17:08.761724,2026-01-13 13:17:08.761726,f
10666,장안동,1123010600,서울특별시,2026-01-13 13:17:08.766278,2026-01-13 13:17:08.76628,f
10667,청량리동,1123010700,서울특별시,2026-01-13 13:17:08.77022,2026-01-13 13:17:08.770222,f
10668,회기동,1123010800,서울특별시,2026-01-13 13:17:08.774384,2026-01-13 13:17:08.774386,f
10669,휘경동,1123010900,서울특별시,2026-01-13 13:17:08.778475,2026-01-13 13:17:08.778477,f
10670,이문동,1123011000,서울특별시,2026-01-13 13:17:08.782995,2026-01-13 13:17:08.782997,f
10671,상왕십리동,1120010100,서울특별시,2026-01-13 13:17:08.787518,2026-01-13 13:17:08.78752,f
10672,하왕십리동,1120010200,서울특별시,2026-01-13 13:17:08.791805,2026-01-13 13:17:08.791808,f
10673,홍익동,1120010300,서울특별시,2026-01-13 13:17:08.796094,2026-01-13 13:17:08.796098,f
10674,도선동,1120010400,서울특별시,2026-01-13 13:17:08.800847,2026-01-13 13:17:08.80085,f
10675,마장동,1120010500,서울특별시,2026-01-13 13:17:08.805407,2026-01-13 13:17:08.805409,f
10676,사근동,1120010600,서울특별시,2026-01-13 13:17:08.809257,2026-01-13 13:17:08.809259,f
10677,행당동,1120010700,서울특별시,2026-01-13 13:17:08.813569,2026-01-13 13:17:08.813572,f
10678,응봉동,1120010800,서울특별시,2026-01-13 13:17:08.817593,2026-01-13 13:17:08.817594,f
10679,금호동1가,1120010900,서울특별시,2026-01-13 13:17:08.821199,2026-01-13 13:17:08.821201,f
10680,금호동2가,1120011000,서울특별시,2026-01-13 13:17:08.825931,2026-01-13 13:17:08.825933,f
10681,금호동3가,1120011100,서울특별시,2026-01-13 13:17:08.830208,2026-01-13 13:17:08.830211,f
10682,금호동4가,1120011200,서울특별시,2026-01-13 13:17:08.834856,2026-01-13 13:17:08.834858,f
10683,옥수동,1120011300,서울특별시,2026-01-13 13:17:08.839658,2026-01-13 13:17:08.83966,f
10684,성수동1가,1120011400,서울특별시,2026-01-13 13:17:08.844624,2026-01-13 13:17:08.844628,f
10685,성수동2가,1120011500,서울특별시,2026-01-13 13:17:08.852874,2026-01-13 13:17:08.852878,f
10686,송정동,1120011800,서울특별시,2026-01-13 13:17:08.859662,2026-01-13 13:17:08.859666,f
10687,용답동,1120012200,서울특별시,2026-01-13 13:17:08.865219,2026-01-13 13:17:08.865223,f
10688,광진구,1121500000,서울특별시,2026-01-13 13:17:08.870235,2026-01-13 13:17:08.870237,f
10689,중곡동,1121510100,서울특별시,2026-01-13 13:17:08.874007,2026-01-13 13:17:08.874008,f
10690,능동,1121510200,서울특별시,2026-01-13 13:17:08.878671,2026-01-13 13:17:08.878673,f
10691,구의동,1121510300,서울특별시,2026-01-13 13:17:08.884148,2026-01-13 13:17:08.88415,f
10692,한강로1가,1117012400,서울특별시,2026-01-13 13:17:08.889455,2026-01-13 13:17:08.889457,f
10693,한강로2가,1117012500,서울특별시,2026-01-13 13:17:08.8935,2026-01-13 13:17:08.893503,f
10694,용산동3가,1117012600,서울특별시,2026-01-13 13:17:08.896911,2026-01-13 13:17:08.896912,f
10695,용산동5가,1117012700,서울특별시,2026-01-13 13:17:08.900855,2026-01-13 13:17:08.900857,f
10696,한강로3가,1117012800,서울특별시,2026-01-13 13:17:08.905017,2026-01-13 13:17:08.905024,f
10697,이촌동,1117012900,서울특별시,2026-01-13 13:17:08.909356,2026-01-13 13:17:08.909359,f
10698,이태원동,1117013000,서울특별시,2026-01-13 13:17:08.913641,2026-01-13 13:17:08.913643,f
10699,한남동,1117013100,서울특별시,2026-01-13 13:17:08.918158,2026-01-13 13:17:08.91816,f
10700,동빙고동,1117013200,서울특별시,2026-01-13 13:17:08.922176,2026-01-13 13:17:08.922179,f
10701,서빙고동,1117013300,서울특별시,2026-01-13 13:17:08.926684,2026-01-13 13:17:08.926686,f
10702,주성동,1117013400,서울특별시,2026-01-13 13:17:08.930275,2026-01-13 13:17:08.930277,f
10703,용산동6가,1117013500,서울특별시,2026-01-13 13:17:08.934268,2026-01-13 13:17:08.93427,f
10704,보광동,1117013600,서울특별시,2026-01-13 13:17:08.937951,2026-01-13 13:17:08.937953,f
10705,성동구,1120000000,서울특별시,2026-01-13 13:17:08.941483,2026-01-13 13:17:08.941485,f
10706,예장동,1114014200,서울특별시,2026-01-13 13:17:08.94785,2026-01-13 13:17:08.947852,f
10707,장충동1가,1114014300,서울특별시,2026-01-13 13:17:08.951794,2026-01-13 13:17:08.951796,f
10708,장충동2가,1114014400,서울특별시,2026-01-13 13:17:08.956314,2026-01-13 13:17:08.956318,f
10709,광희동1가,1114014500,서울특별시,2026-01-13 13:17:08.961915,2026-01-13 13:17:08.961919,f
10710,광희동2가,1114014600,서울특별시,2026-01-13 13:17:08.966687,2026-01-13 13:17:08.96669,f
10711,쌍림동,1114014700,서울특별시,2026-01-13 13:17:08.971581,2026-01-13 13:17:08.971583,f
10712,을지로6가,1114014800,서울특별시,2026-01-13 13:17:08.975503,2026-01-13 13:17:08.975507,f
10713,을지로7가,1114014900,서울특별시,2026-01-13 13:17:08.979264,2026-01-13 13:17:08.979266,f
10714,을지로4가,1114015000,서울특별시,2026-01-13 13:17:08.983635,2026-01-13 13:17:08.983637,f
10715,을지로5가,1114015100,서울특별시,2026-01-13 13:17:08.988703,2026-01-13 13:17:08.988708,f
10716,주교동,1114015200,서울특별시,2026-01-13 13:17:08.995144,2026-01-13 13:17:08.995147,f
10717,방산동,1114015300,서울특별시,2026-01-13 13:17:08.999992,2026-01-13 13:17:08.999994,f
10718,오장동,1114015400,서울특별시,2026-01-13 13:17:09.004825,2026-01-13 13:17:09.004828,f
10719,을지로3가,1114015500,서울특별시,2026-01-13 13:17:09.009193,2026-01-13 13:17:09.009195,f
10720,입정동,1114015600,서울특별시,2026-01-13 13:17:09.013436,2026-01-13 13:17:09.013438,f
10721,산림동,1114015700,서울특별시,2026-01-13 13:17:09.017465,2026-01-13 13:17:09.017468,f
10722,충무로3가,1114015800,서울특별시,2026-01-13 13:17:09.021352,2026-01-13 13:17:09.021355,f
10723,초동,1114015900,서울특별시,2026-01-13 13:17:09.025311,2026-01-13 13:17:09.025314,f
10724,인현동1가,1114016000,서울특별시,2026-01-13 13:17:09.030182,2026-01-13 13:17:09.030185,f
10725,저동2가,1114016100,서울특별시,2026-01-13 13:17:09.034277,2026-01-13 13:17:09.034279,f
10726,신당동,1114016200,서울특별시,2026-01-13 13:17:09.038311,2026-01-13 13:17:09.038319,f
10727,흥인동,1114016300,서울특별시,2026-01-13 13:17:09.043461,2026-01-13 13:17:09.043463,f
10728,무학동,1114016400,서울특별시,2026-01-13 13:17:09.047749,2026-01-13 13:17:09.047751,f
10729,황학동,1114016500,서울특별시,2026-01-13 13:17:09.051821,2026-01-13 13:17:09.051823,f
10730,서소문동,1114016600,서울특별시,2026-01-13 13:17:09.055688,2026-01-13 13:17:09.05569,f
10731,정동,1114016700,서울특별시,2026-01-13 13:17:09.059258,2026-01-13 13:17:09.05926,f
10732,순화동,1114016800,서울특별시,2026-01-13 13:17:09.063466,2026-01-13 13:17:09.063468,f
10733,의주로1가,1114016900,서울특별시,2026-01-13 13:17:09.067677,2026-01-13 13:17:09.067679,f
10734,충정로1가,1114017000,서울특별시,2026-01-13 13:17:09.072895,2026-01-13 13:17:09.072898,f
10735,중림동,1114017100,서울특별시,2026-01-13 13:17:09.077617,2026-01-13 13:17:09.07762,f
10736,의주로2가,1114017200,서울특별시,2026-01-13 13:17:09.082376,2026-01-13 13:17:09.082379,f
10737,만리동1가,1114017300,서울특별시,2026-01-13 13:17:09.087667,2026-01-13 13:17:09.08767,f
10738,만리동2가,1114017400,서울특별시,2026-01-13 13:17:09.092488,2026-01-13 13:17:09.09249,f
10739,용산구,1117000000,서울특별시,2026-01-13 13:17:09.098368,2026-01-13 13:17:09.098371,f
10740,후암동,1117010100,서울특별시,2026-01-13 13:17:09.103285,2026-01-13 13:17:09.103287,f
10741,용산동2가,1117010200,서울특별시,2026-01-13 13:17:09.108741,2026-01-13 13:17:09.108743,f
10742,용산동4가,1117010300,서울특별시,2026-01-13 13:17:09.112703,2026-01-13 13:17:09.112705,f
10743,갈월동,1117010400,서울특별시,2026-01-13 13:17:09.116763,2026-01-13 13:17:09.116765,f
10744,남영동,1117010500,서울특별시,2026-01-13 13:17:09.121805,2026-01-13 13:17:09.121809,f
10745,용산동1가,1117010600,서울특별시,2026-01-13 13:17:09.128261,2026-01-13 13:17:09.128264,f
10746,동자동,1117010700,서울특별시,2026-01-13 13:17:09.132613,2026-01-13 13:17:09.132615,f
10747,서계동,1117010800,서울특별시,2026-01-13 13:17:09.136482,2026-01-13 13:17:09.136484,f
10748,청파동1가,1117010900,서울특별시,2026-01-13 13:17:09.140354,2026-01-13 13:17:09.140356,f
10749,청파동2가,1117011000,서울특별시,2026-01-13 13:17:09.145785,2026-01-13 13:17:09.145788,f
10750,청파동3가,1117011100,서울특별시,2026-01-13 13:17:09.15034,2026-01-13 13:17:09.150342,f
10751,원효로1가,1117011200,서울특별시,2026-01-13 13:17:09.154333,2026-01-13 13:17:09.154335,f
10752,원효로2가,1117011300,서울특별시,2026-01-13 13:17:09.158964,2026-01-13 13:17:09.158966,f
10753,신창동,1117011400,서울특별시,2026-01-13 13:17:09.163677,2026-01-13 13:17:09.163679,f
10754,산천동,1117011500,서울특별시,2026-01-13 13:17:09.167903,2026-01-13 13:17:09.167905,f
10755,청암동,1117011600,서울특별시,2026-01-13 13:17:09.171748,2026-01-13 13:17:09.17175,f
10756,원효로3가,1117011700,서울특별시,2026-01-13 13:17:09.17574,2026-01-13 13:17:09.175743,f
10757,원효로4가,1117011800,서울특별시,2026-01-13 13:17:09.179734,2026-01-13 13:17:09.179736,f
10758,효창동,1117011900,서울특별시,2026-01-13 13:17:09.183515,2026-01-13 13:17:09.183518,f
10759,도원동,1117012000,서울특별시,2026-01-13 13:17:09.188068,2026-01-13 13:17:09.188069,f
10760,용문동,1117012100,서울특별시,2026-01-13 13:17:09.191941,2026-01-13 13:17:09.191943,f
10761,문배동,1117012200,서울특별시,2026-01-13 13:17:09.195841,2026-01-13 13:17:09.195843,f
10762,신계동,1117012300,서울특별시,2026-01-13 13:17:09.200739,2026-01-13 13:17:09.200742,f
10763,명륜1가,1111017000,서울특별시,2026-01-13 13:17:09.204845,2026-01-13 13:17:09.204848,f
10764,명륜2가,1111017100,서울특별시,2026-01-13 13:17:09.208988,2026-01-13 13:17:09.20899,f
10765,명륜4가,1111017200,서울특별시,2026-01-13 13:17:09.212984,2026-01-13 13:17:09.212985,f
10766,명륜3가,1111017300,서울특별시,2026-01-13 13:17:09.216709,2026-01-13 13:17:09.21671,f
10767,창신동,1111017400,서울특별시,2026-01-13 13:17:09.220307,2026-01-13 13:17:09.220309,f
10768,숭인동,1111017500,서울특별시,2026-01-13 13:17:09.22483,2026-01-13 13:17:09.224832,f
10769,교남동,1111017600,서울특별시,2026-01-13 13:17:09.229236,2026-01-13 13:17:09.229238,f
10770,평동,1111017700,서울특별시,2026-01-13 13:17:09.232981,2026-01-13 13:17:09.232983,f
10771,송월동,1111017800,서울특별시,2026-01-13 13:17:09.236919,2026-01-13 13:17:09.23692,f
10772,홍파동,1111017900,서울특별시,2026-01-13 13:17:09.241138,2026-01-13 13:17:09.24114,f
10773,교북동,1111018000,서울특별시,2026-01-13 13:17:09.246273,2026-01-13 13:17:09.246275,f
10774,행촌동,1111018100,서울특별시,2026-01-13 13:17:09.250368,2026-01-13 13:17:09.250371,f
10775,구기동,1111018200,서울특별시,2026-01-13 13:17:09.254542,2026-01-13 13:17:09.254544,f
10776,평창동,1111018300,서울특별시,2026-01-13 13:17:09.258178,2026-01-13 13:17:09.258179,f
10777,부암동,1111018400,서울특별시,2026-01-13 13:17:09.26222,2026-01-13 13:17:09.262222,f
10778,홍지동,1111018500,서울특별시,2026-01-13 13:17:09.267244,2026-01-13 13:17:09.267247,f
10779,신영동,1111018600,서울특별시,2026-01-13 13:17:09.271277,2026-01-13 13:17:09.271279,f
10780,무악동,1111018700,서울특별시,2026-01-13 13:17:09.275057,2026-01-13 13:17:09.275059,f
10781,중구,1114000000,서울특별시,2026-01-13 13:17:09.279177,2026-01-13 13:17:09.279179,f
10782,무교동,1114010100,서울특별시,2026-01-13 13:17:09.283663,2026-01-13 13:17:09.283667,f
10783,다동,1114010200,서울특별시,2026-01-13 13:17:09.288344,2026-01-13 13:17:09.288346,f
10784,태평로1가,1114010300,서울특별시,2026-01-13 13:17:09.292162,2026-01-13 13:17:09.292164,f
10785,을지로1가,1114010400,서울특별시,2026-01-13 13:17:09.296279,2026-01-13 13:17:09.296281,f
10786,을지로2가,1114010500,서울특별시,2026-01-13 13:17:09.300087,2026-01-13 13:17:09.300088,f
10787,남대문로1가,1114010600,서울특별시,2026-01-13 13:17:09.303738,2026-01-13 13:17:09.303739,f
10788,삼각동,1114010700,서울특별시,2026-01-13 13:17:09.309476,2026-01-13 13:17:09.309478,f
10789,수하동,1114010800,서울특별시,2026-01-13 13:17:09.314232,2026-01-13 13:17:09.314235,f
10790,장교동,1114010900,서울특별시,2026-01-13 13:17:09.318535,2026-01-13 13:17:09.318537,f
10791,수표동,1114011000,서울특별시,2026-01-13 13:17:09.322708,2026-01-13 13:17:09.322711,f
10792,소공동,1114011100,서울특별시,2026-01-13 13:17:09.327212,2026-01-13 13:17:09.327216,f
10793,남창동,1114011200,서울특별시,2026-01-13 13:17:09.332476,2026-01-13 13:17:09.332479,f
10794,북창동,1114011300,서울특별시,2026-01-13 13:17:09.336543,2026-01-13 13:17:09.336546,f
10795,태평로2가,1114011400,서울특별시,2026-01-13 13:17:09.340464,2026-01-13 13:17:09.340466,f
10796,남대문로2가,1114011500,서울특별시,2026-01-13 13:17:09.344356,2026-01-13 13:17:09.344358,f
10797,남대문로3가,1114011600,서울특별시,2026-01-13 13:17:09.348179,2026-01-13 13:17:09.348181,f
10798,남대문로4가,1114011700,서울특별시,2026-01-13 13:17:09.353718,2026-01-13 13:17:09.353722,f
10799,남대문로5가,1114011800,서울특별시,2026-01-13 13:17:09.358203,2026-01-13 13:17:09.358205,f
10800,봉래동1가,1114011900,서울특별시,2026-01-13 13:17:09.363792,2026-01-13 13:17:09.363795,f
10801,봉래동2가,1114012000,서울특별시,2026-01-13 13:17:09.368412,2026-01-13 13:17:09.368414,f
10802,회현동1가,1114012100,서울특별시,2026-01-13 13:17:09.373249,2026-01-13 13:17:09.373252,f
10803,회현동2가,1114012200,서울특별시,2026-01-13 13:17:09.37727,2026-01-13 13:17:09.377272,f
10804,회현동3가,1114012300,서울특별시,2026-01-13 13:17:09.380905,2026-01-13 13:17:09.380906,f
10805,충무로1가,1114012400,서울특별시,2026-01-13 13:17:09.387511,2026-01-13 13:17:09.387514,f
10806,충무로2가,1114012500,서울특별시,2026-01-13 13:17:09.392548,2026-01-13 13:17:09.39255,f
10807,명동1가,1114012600,서울특별시,2026-01-13 13:17:09.396856,2026-01-13 13:17:09.396858,f
10808,명동2가,1114012700,서울특별시,2026-01-13 13:17:09.400847,2026-01-13 13:17:09.40085,f
10809,남산동1가,1114012800,서울특별시,2026-01-13 13:17:09.405367,2026-01-13 13:17:09.405373,f
10810,남산동2가,1114012900,서울특별시,2026-01-13 13:17:09.410139,2026-01-13 13:17:09.410142,f
10811,남산동3가,1114013000,서울특별시,2026-01-13 13:17:09.414321,2026-01-13 13:17:09.414323,f
10812,저동1가,1114013100,서울특별시,2026-01-13 13:17:09.418543,2026-01-13 13:17:09.418546,f
10813,충무로4가,1114013200,서울특별시,2026-01-13 13:17:09.422034,2026-01-13 13:17:09.422036,f
10814,충무로5가,1114013300,서울특별시,2026-01-13 13:17:09.426252,2026-01-13 13:17:09.426255,f
10815,인현동2가,1114013400,서울특별시,2026-01-13 13:17:09.431132,2026-01-13 13:17:09.431135,f
10816,예관동,1114013500,서울특별시,2026-01-13 13:17:09.4354,2026-01-13 13:17:09.435402,f
10817,묵정동,1114013600,서울특별시,2026-01-13 13:17:09.439753,2026-01-13 13:17:09.439755,f
10818,필동1가,1114013700,서울특별시,2026-01-13 13:17:09.444833,2026-01-13 13:17:09.444836,f
10819,필동2가,1114013800,서울특별시,2026-01-13 13:17:09.448995,2026-01-13 13:17:09.448997,f
10820,필동3가,1114013900,서울특별시,2026-01-13 13:17:09.456982,2026-01-13 13:17:09.456986,f
10821,남학동,1114014000,서울특별시,2026-01-13 13:17:09.46399,2026-01-13 13:17:09.463993,f
10822,주자동,1114014100,서울특별시,2026-01-13 13:17:09.470524,2026-01-13 13:17:09.470528,f
10823,강남구,1168000000,서울특별시,2026-01-13 13:17:09.475189,2026-01-13 13:17:09.475191,f
10824,서울특별시,1100000000,서울특별시,2026-01-13 13:17:09.479183,2026-01-13 13:17:09.479185,f
10825,종로구,1111000000,서울특별시,2026-01-13 13:17:09.484128,2026-01-13 13:17:09.484131,f
10826,청운동,1111010100,서울특별시,2026-01-13 13:17:09.490159,2026-01-13 13:17:09.490162,f
10827,신교동,1111010200,서울특별시,2026-01-13 13:17:09.495611,2026-01-13 13:17:09.495614,f
10828,궁정동,1111010300,서울특별시,2026-01-13 13:17:09.500196,2026-01-13 13:17:09.500197,f
10829,효자동,1111010400,서울특별시,2026-01-13 13:17:09.503868,2026-01-13 13:17:09.503869,f
10830,창성동,1111010500,서울특별시,2026-01-13 13:17:09.507652,2026-01-13 13:17:09.507653,f
10831,통의동,1111010600,서울특별시,2026-01-13 13:17:09.512689,2026-01-13 13:17:09.512691,f
10832,적선동,1111010700,서울특별시,2026-01-13 13:17:09.516675,2026-01-13 13:17:09.516677,f
10833,통인동,1111010800,서울특별시,2026-01-13 13:17:09.520516,2026-01-13 13:17:09.520519,f
10834,누상동,1111010900,서울특별시,2026-01-13 13:17:09.524493,2026-01-13 13:17:09.524495,f
10835,누하동,1111011000,서울특별시,2026-01-13 13:17:09.529816,2026-01-13 13:17:09.529818,f
10836,옥인동,1111011100,서울특별시,2026-01-13 13:17:09.534247,2026-01-13 13:17:09.534249,f
10837,체부동,1111011200,서울특별시,2026-01-13 13:17:09.538153,2026-01-13 13:17:09.538155,f
10838,필운동,1111011300,서울특별시,2026-01-13 13:17:09.542609,2026-01-13 13:17:09.54261,f
10839,내자동,1111011400,서울특별시,2026-01-13 13:17:09.547373,2026-01-13 13:17:09.547375,f
10840,사직동,1111011500,서울특별시,2026-01-13 13:17:09.552094,2026-01-13 13:17:09.552097,f
10841,도렴동,1111011600,서울특별시,2026-01-13 13:17:09.555982,2026-01-13 13:17:09.555984,f
10842,당주동,1111011700,서울특별시,2026-01-13 13:17:09.55956,2026-01-13 13:17:09.559562,f
10843,내수동,1111011800,서울특별시,2026-01-13 13:17:09.563748,2026-01-13 13:17:09.56375,f
10844,세종로,1111011900,서울특별시,2026-01-13 13:17:09.568115,2026-01-13 13:17:09.568117,f
10845,신문로1가,1111012000,서울특별시,2026-01-13 13:17:09.572415,2026-01-13 13:17:09.572418,f
10846,신문로2가,1111012100,서울특별시,2026-01-13 13:17:09.576639,2026-01-13 13:17:09.576641,f
10847,청진동,1111012200,서울특별시,2026-01-13 13:17:09.580175,2026-01-13 13:17:09.580176,f
10848,서린동,1111012300,서울특별시,2026-01-13 13:17:09.584476,2026-01-13 13:17:09.584478,f
10849,수송동,1111012400,서울특별시,2026-01-13 13:17:09.588699,2026-01-13 13:17:09.588701,f
10850,중학동,1111012500,서울특별시,2026-01-13 13:17:09.592794,2026-01-13 13:17:09.592796,f
10851,종로1가,1111012600,서울특별시,2026-01-13 13:17:09.596865,2026-01-13 13:17:09.596867,f
10852,공평동,1111012700,서울특별시,2026-01-13 13:17:09.600746,2026-01-13 13:17:09.600748,f
10853,관훈동,1111012800,서울특별시,2026-01-13 13:17:09.606073,2026-01-13 13:17:09.606077,f
10854,견지동,1111012900,서울특별시,2026-01-13 13:17:09.61105,2026-01-13 13:17:09.611053,f
10855,와룡동,1111013000,서울특별시,2026-01-13 13:17:09.615215,2026-01-13 13:17:09.615217,f
10856,권농동,1111013100,서울특별시,2026-01-13 13:17:09.619129,2026-01-13 13:17:09.619131,f
10857,운니동,1111013200,서울특별시,2026-01-13 13:17:09.623029,2026-01-13 13:17:09.62303,f
10858,익선동,1111013300,서울특별시,2026-01-13 13:17:09.627623,2026-01-13 13:17:09.627627,f
10859,경운동,1111013400,서울특별시,2026-01-13 13:17:09.632242,2026-01-13 13:17:09.632244,f
10860,관철동,1111013500,서울특별시,2026-01-13 13:17:09.63623,2026-01-13 13:17:09.636233,f
10861,인사동,1111013600,서울특별시,2026-01-13 13:17:09.640044,2026-01-13 13:17:09.640047,f
10862,낙원동,1111013700,서울특별시,2026-01-13 13:17:09.644812,2026-01-13 13:17:09.644816,f
10863,종로2가,1111013800,서울특별시,2026-01-13 13:17:09.64929,2026-01-13 13:17:09.649293,f
10864,팔판동,1111013900,서울특별시,2026-01-13 13:17:09.653413,2026-01-13 13:17:09.653414,f
10865,삼청동,1111014000,서울특별시,2026-01-13 13:17:09.657244,2026-01-13 13:17:09.657246,f
10866,안국동,1111014100,서울특별시,2026-01-13 13:17:09.661206,2026-01-13 13:17:09.661208,f
10867,소격동,1111014200,서울특별시,2026-01-13 13:17:09.664886,2026-01-13 13:17:09.664887,f
10868,화동,1111014300,서울특별시,2026-01-13 13:17:09.669666,2026-01-13 13:17:09.669671,f
10869,사간동,1111014400,서울특별시,2026-01-13 13:17:09.674209,2026-01-13 13:17:09.674211,f
10870,송현동,1111014500,서울특별시,2026-01-13 13:17:09.67865,2026-01-13 13:17:09.678652,f
10871,가회동,1111014600,서울특별시,2026-01-13 13:17:09.682835,2026-01-13 13:17:09.682837,f
10872,재동,1111014700,서울특별시,2026-01-13 13:17:09.686846,2026-01-13 13:17:09.686848,f
10873,계동,1111014800,서울특별시,2026-01-13 13:17:09.691581,2026-01-13 13:17:09.691584,f
10874,원서동,1111014900,서울특별시,2026-01-13 13:17:09.695922,2026-01-13 13:17:09.695924,f
10875,훈정동,1111015000,서울특별시,2026-01-13 13:17:09.699843,2026-01-13 13:17:09.699845,f
10876,묘동,1111015100,서울특별시,2026-01-13 13:17:09.704402,2026-01-13 13:17:09.704404,f
10877,봉익동,1111015200,서울특별시,2026-01-13 13:17:09.709158,2026-01-13 13:17:09.709164,f
10878,돈의동,1111015300,서울특별시,2026-01-13 13:17:09.713708,2026-01-13 13:17:09.713712,f
10879,장사동,1111015400,서울특별시,2026-01-13 13:17:09.717945,2026-01-13 13:17:09.717948,f
10880,관수동,1111015500,서울특별시,2026-01-13 13:17:09.721822,2026-01-13 13:17:09.721823,f
10881,종로3가,1111015600,서울특별시,2026-01-13 13:17:09.725877,2026-01-13 13:17:09.725879,f
10882,인의동,1111015700,서울특별시,2026-01-13 13:17:09.730746,2026-01-13 13:17:09.730749,f
10883,예지동,1111015800,서울특별시,2026-01-13 13:17:09.735248,2026-01-13 13:17:09.735249,f
10884,원남동,1111015900,서울특별시,2026-01-13 13:17:09.739018,2026-01-13 13:17:09.739019,f
10885,연지동,1111016000,서울특별시,2026-01-13 13:17:09.743248,2026-01-13 13:17:09.74325,f
10886,종로4가,1111016100,서울특별시,2026-01-13 13:17:09.747068,2026-01-13 13:17:09.74707,f
10887,효제동,1111016200,서울특별시,2026-01-13 13:17:09.752256,2026-01-13 13:17:09.752258,f
10888,종로5가,1111016300,서울특별시,2026-01-13 13:17:09.756548,2026-01-13 13:17:09.75655,f
10889,종로6가,1111016400,서울특별시,2026-01-13 13:17:09.760451,2026-01-13 13:17:09.760453,f
10890,이화동,1111016500,서울특별시,2026-01-13 13:17:09.765018,2026-01-13 13:17:09.76502,f
10891,연건동,1111016600,서울특별시,2026-01-13 13:17:09.769294,2026-01-13 13:17:09.769296,f
10892,충신동,1111016700,서울특별시,2026-01-13 13:17:09.773507,2026-01-13 13:17:09.773509,f
10893,동숭동,1111016800,서울특별시,2026-01-13 13:17:09.777253,2026-01-13 13:17:09.777254,f
10894,혜화동,1111016900,서울특별시,2026-01-13 13:17:09.78075,2026-01-13 13:17:09.780751,f
10895,세종특별자치시,3611000000,세종특별자치시,2026-01-13 13:17:09.785135,2026-01-13 13:17:09.785139,f
10896,반곡동,3611010100,세종특별자치시,2026-01-13 13:17:09.789896,2026-01-13 13:17:09.789898,f
10897,소담동,3611010200,세종특별자치시,2026-01-13 13:17:09.795225,2026-01-13 13:17:09.795229,f
10898,보람동,3611010300,세종특별자치시,2026-01-13 13:17:09.800642,2026-01-13 13:17:09.800644,f
10899,대평동,3611010400,세종특별자치시,2026-01-13 13:17:09.80727,2026-01-13 13:17:09.807273,f
10900,가람동,3611010500,세종특별자치시,2026-01-13 13:17:09.813064,2026-01-13 13:17:09.813066,f
10901,한솔동,3611010600,세종특별자치시,2026-01-13 13:17:09.817953,2026-01-13 13:17:09.817956,f
10902,나성동,3611010700,세종특별자치시,2026-01-13 13:17:09.822147,2026-01-13 13:17:09.822149,f
10903,새롬동,3611010800,세종특별자치시,2026-01-13 13:17:09.82595,2026-01-13 13:17:09.825953,f
10904,다정동,3611010900,세종특별자치시,2026-01-13 13:17:09.831463,2026-01-13 13:17:09.831466,f
10905,어진동,3611011000,세종특별자치시,2026-01-13 13:17:09.835383,2026-01-13 13:17:09.835384,f
10906,종촌동,3611011100,세종특별자치시,2026-01-13 13:17:09.839237,2026-01-13 13:17:09.83924,f
10907,고운동,3611011200,세종특별자치시,2026-01-13 13:17:09.844225,2026-01-13 13:17:09.844227,f
10908,아름동,3611011300,세종특별자치시,2026-01-13 13:17:09.848316,2026-01-13 13:17:09.848318,f
10909,도담동,3611011400,세종특별자치시,2026-01-13 13:17:09.852357,2026-01-13 13:17:09.852358,f
10910,산울동,3611011500,세종특별자치시,2026-01-13 13:17:09.856103,2026-01-13 13:17:09.856105,f
10911,해밀동,3611011600,세종특별자치시,2026-01-13 13:17:09.85981,2026-01-13 13:17:09.859813,f
10912,합강동,3611011700,세종특별자치시,2026-01-13 13:17:09.863937,2026-01-13 13:17:09.863938,f
10913,집현동,3611011800,세종특별자치시,2026-01-13 13:17:09.86793,2026-01-13 13:17:09.867932,f
10914,조치원읍,3611025000,세종특별자치시,2026-01-13 13:17:09.873297,2026-01-13 13:17:09.873301,f
10915,원리,3611025021,세종특별자치시,2026-01-13 13:17:09.877327,2026-01-13 13:17:09.877329,f
10916,상리,3611025022,세종특별자치시,2026-01-13 13:17:09.881058,2026-01-13 13:17:09.88106,f
10917,평리,3611025023,세종특별자치시,2026-01-13 13:17:09.886828,2026-01-13 13:17:09.886829,f
10918,교리,3611025024,세종특별자치시,2026-01-13 13:17:09.891232,2026-01-13 13:17:09.891234,f
10919,정리,3611025025,세종특별자치시,2026-01-13 13:17:09.895365,2026-01-13 13:17:09.895368,f
10920,명리,3611025026,세종특별자치시,2026-01-13 13:17:09.899523,2026-01-13 13:17:09.899525,f
10921,남리,3611025027,세종특별자치시,2026-01-13 13:17:09.903229,2026-01-13 13:17:09.90323,f
10922,침산리,3611025028,세종특별자치시,2026-01-13 13:17:09.907627,2026-01-13 13:17:09.90763,f
10923,신흥리,3611025029,세종특별자치시,2026-01-13 13:17:09.911857,2026-01-13 13:17:09.911859,f
10924,죽림리,3611025030,세종특별자치시,2026-01-13 13:17:09.915763,2026-01-13 13:17:09.915774,f
10925,번암리,3611025031,세종특별자치시,2026-01-13 13:17:09.919719,2026-01-13 13:17:09.919721,f
10926,신안리,3611025032,세종특별자치시,2026-01-13 13:17:09.92396,2026-01-13 13:17:09.923962,f
10927,봉산리,3611025033,세종특별자치시,2026-01-13 13:17:09.929353,2026-01-13 13:17:09.929355,f
10928,서창리,3611025034,세종특별자치시,2026-01-13 13:17:09.933681,2026-01-13 13:17:09.933683,f
10929,연기면,3611031000,세종특별자치시,2026-01-13 13:17:09.937502,2026-01-13 13:17:09.937503,f
10930,연기리,3611031021,세종특별자치시,2026-01-13 13:17:09.941759,2026-01-13 13:17:09.941761,f
10931,보통리,3611031022,세종특별자치시,2026-01-13 13:17:09.94557,2026-01-13 13:17:09.945572,f
10932,눌왕리,3611031023,세종특별자치시,2026-01-13 13:17:09.95101,2026-01-13 13:17:09.951014,f
10933,수산리,3611031024,세종특별자치시,2026-01-13 13:17:09.955356,2026-01-13 13:17:09.955359,f
10934,연동면,3611032000,세종특별자치시,2026-01-13 13:17:09.959612,2026-01-13 13:17:09.959615,f
10935,내판리,3611032021,세종특별자치시,2026-01-13 13:17:09.964606,2026-01-13 13:17:09.964609,f
10936,문주리,3611032022,세종특별자치시,2026-01-13 13:17:09.969839,2026-01-13 13:17:09.969843,f
10937,명학리,3611032023,세종특별자치시,2026-01-13 13:17:09.973957,2026-01-13 13:17:09.973959,f
10938,응암리,3611032024,세종특별자치시,2026-01-13 13:17:09.977823,2026-01-13 13:17:09.977825,f
10939,노송리,3611032025,세종특별자치시,2026-01-13 13:17:09.981381,2026-01-13 13:17:09.981383,f
10940,예양리,3611032026,세종특별자치시,2026-01-13 13:17:09.985395,2026-01-13 13:17:09.985397,f
10941,송용리,3611032027,세종특별자치시,2026-01-13 13:17:09.992776,2026-01-13 13:17:09.992781,f
10942,합강리,3611032028,세종특별자치시,2026-01-13 13:17:09.999262,2026-01-13 13:17:09.999264,f
10943,부강면,3611033000,세종특별자치시,2026-01-13 13:17:10.003959,2026-01-13 13:17:10.003962,f
10944,부강리,3611033021,세종특별자치시,2026-01-13 13:17:10.008351,2026-01-13 13:17:10.008353,f
10945,행산리,3611033022,세종특별자치시,2026-01-13 13:17:10.013703,2026-01-13 13:17:10.013706,f
10946,산수리,3611033023,세종특별자치시,2026-01-13 13:17:10.017668,2026-01-13 13:17:10.017669,f
10947,갈산리,3611033024,세종특별자치시,2026-01-13 13:17:10.021435,2026-01-13 13:17:10.021436,f
10948,문곡리,3611033025,세종특별자치시,2026-01-13 13:17:10.025697,2026-01-13 13:17:10.025699,f
10949,등곡리,3611033026,세종특별자치시,2026-01-13 13:17:10.029685,2026-01-13 13:17:10.029688,f
10950,노호리,3611033027,세종특별자치시,2026-01-13 13:17:10.035524,2026-01-13 13:17:10.035526,f
10951,금호리,3611033028,세종특별자치시,2026-01-13 13:17:10.0394,2026-01-13 13:17:10.039402,f
10952,금남면,3611034000,세종특별자치시,2026-01-13 13:17:10.043245,2026-01-13 13:17:10.043247,f
10953,용포리,3611034021,세종특별자치시,2026-01-13 13:17:10.047572,2026-01-13 13:17:10.047576,f
10954,발산리,3611034022,세종특별자치시,2026-01-13 13:17:10.051794,2026-01-13 13:17:10.051796,f
10955,감성리,3611034023,세종특별자치시,2026-01-13 13:17:10.056085,2026-01-13 13:17:10.056088,f
10956,두만리,3611034024,세종특별자치시,2026-01-13 13:17:10.0599,2026-01-13 13:17:10.059901,f
10957,용담리,3611034025,세종특별자치시,2026-01-13 13:17:10.06352,2026-01-13 13:17:10.063522,f
10958,축산리,3611034026,세종특별자치시,2026-01-13 13:17:10.067887,2026-01-13 13:17:10.067888,f
10959,금천리,3611034027,세종특별자치시,2026-01-13 13:17:10.072183,2026-01-13 13:17:10.072185,f
10960,영치리,3611034028,세종특별자치시,2026-01-13 13:17:10.075858,2026-01-13 13:17:10.07586,f
10961,남곡리,3611034029,세종특별자치시,2026-01-13 13:17:10.079925,2026-01-13 13:17:10.079927,f
10962,황용리,3611034030,세종특별자치시,2026-01-13 13:17:10.086988,2026-01-13 13:17:10.086993,f
10963,영대리,3611034031,세종특별자치시,2026-01-13 13:17:10.095302,2026-01-13 13:17:10.095307,f
10964,달전리,3611034032,세종특별자치시,2026-01-13 13:17:10.101936,2026-01-13 13:17:10.101939,f
10965,박산리,3611034033,세종특별자치시,2026-01-13 13:17:10.107713,2026-01-13 13:17:10.107717,f
10966,대박리,3611034034,세종특별자치시,2026-01-13 13:17:10.114354,2026-01-13 13:17:10.114356,f
10967,부용리,3611034035,세종특별자치시,2026-01-13 13:17:10.120138,2026-01-13 13:17:10.120143,f
10968,장재리,3611034036,세종특별자치시,2026-01-13 13:17:10.129298,2026-01-13 13:17:10.129303,f
10969,호탄리,3611034037,세종특별자치시,2026-01-13 13:17:10.140025,2026-01-13 13:17:10.140031,f
10970,신촌리,3611034038,세종특별자치시,2026-01-13 13:17:10.14825,2026-01-13 13:17:10.148256,f
10971,도암리,3611034039,세종특별자치시,2026-01-13 13:17:10.154318,2026-01-13 13:17:10.154323,f
10972,성덕리,3611034040,세종특별자치시,2026-01-13 13:17:10.161299,2026-01-13 13:17:10.161302,f
10973,영곡리,3611034041,세종특별자치시,2026-01-13 13:17:10.166554,2026-01-13 13:17:10.166557,f
10974,성강리,3611034042,세종특별자치시,2026-01-13 13:17:10.171331,2026-01-13 13:17:10.171333,f
10975,봉암리,3611034043,세종특별자치시,2026-01-13 13:17:10.175734,2026-01-13 13:17:10.175737,f
10976,국곡리,3611034044,세종특별자치시,2026-01-13 13:17:10.180692,2026-01-13 13:17:10.180696,f
10977,원봉리,3611034045,세종특별자치시,2026-01-13 13:17:10.186656,2026-01-13 13:17:10.186658,f
10978,도남리,3611034046,세종특별자치시,2026-01-13 13:17:10.193962,2026-01-13 13:17:10.193966,f
10979,장군면,3611035000,세종특별자치시,2026-01-13 13:17:10.199555,2026-01-13 13:17:10.199559,f
10980,도계리,3611035021,세종특별자치시,2026-01-13 13:17:10.204213,2026-01-13 13:17:10.204217,f
10981,평기리,3611035022,세종특별자치시,2026-01-13 13:17:10.209156,2026-01-13 13:17:10.209158,f
10982,대교리,3611035023,세종특별자치시,2026-01-13 13:17:10.217361,2026-01-13 13:17:10.217363,f
10983,봉안리,3611035024,세종특별자치시,2026-01-13 13:17:10.223201,2026-01-13 13:17:10.223203,f
10984,금암리,3611035025,세종특별자치시,2026-01-13 13:17:10.227646,2026-01-13 13:17:10.227649,f
10985,하봉리,3611035026,세종특별자치시,2026-01-13 13:17:10.234015,2026-01-13 13:17:10.234017,f
10986,은용리,3611035027,세종특별자치시,2026-01-13 13:17:10.237836,2026-01-13 13:17:10.237838,f
10987,산학리,3611035028,세종특별자치시,2026-01-13 13:17:10.243165,2026-01-13 13:17:10.243167,f
10988,송문리,3611035029,세종특별자치시,2026-01-13 13:17:10.247408,2026-01-13 13:17:10.24741,f
10989,송정리,3611035030,세종특별자치시,2026-01-13 13:17:10.252268,2026-01-13 13:17:10.25227,f
10990,송학리,3611035031,세종특별자치시,2026-01-13 13:17:10.256092,2026-01-13 13:17:10.256093,f
10991,용현리,3611035032,세종특별자치시,2026-01-13 13:17:10.259738,2026-01-13 13:17:10.259739,f
10992,용암리,3611035033,세종특별자치시,2026-01-13 13:17:10.263668,2026-01-13 13:17:10.26367,f
10993,태산리,3611035034,세종특별자치시,2026-01-13 13:17:10.267801,2026-01-13 13:17:10.267803,f
10994,연서면,3611036000,세종특별자치시,2026-01-13 13:17:10.272308,2026-01-13 13:17:10.272309,f
10995,월하리,3611036021,세종특별자치시,2026-01-13 13:17:10.276114,2026-01-13 13:17:10.276116,f
10996,쌍전리,3611036022,세종특별자치시,2026-01-13 13:17:10.279828,2026-01-13 13:17:10.27983,f
10997,성제리,3611036023,세종특별자치시,2026-01-13 13:17:10.283714,2026-01-13 13:17:10.283717,f
10998,고복리,3611036024,세종특별자치시,2026-01-13 13:17:10.288989,2026-01-13 13:17:10.288991,f
10999,용암리,3611036025,세종특별자치시,2026-01-13 13:17:10.29273,2026-01-13 13:17:10.292732,f
11000,쌍류리,3611036026,세종특별자치시,2026-01-13 13:17:10.296679,2026-01-13 13:17:10.296681,f
11001,청라리,3611036027,세종특별자치시,2026-01-13 13:17:10.300336,2026-01-13 13:17:10.300339,f
11002,기룡리,3611036028,세종특별자치시,2026-01-13 13:17:10.303974,2026-01-13 13:17:10.303976,f
11003,신대리,3611036029,세종특별자치시,2026-01-13 13:17:10.308255,2026-01-13 13:17:10.308257,f
11004,국촌리,3611036030,세종특별자치시,2026-01-13 13:17:10.312611,2026-01-13 13:17:10.312613,f
11005,와촌리,3611036031,세종특별자치시,2026-01-13 13:17:10.316936,2026-01-13 13:17:10.316938,f
11006,부동리,3611036032,세종특별자치시,2026-01-13 13:17:10.320759,2026-01-13 13:17:10.320761,f
11007,봉암리,3611036033,세종특별자치시,2026-01-13 13:17:10.324523,2026-01-13 13:17:10.324525,f
11008,전의면,3611037000,세종특별자치시,2026-01-13 13:17:10.329076,2026-01-13 13:17:10.329078,f
11009,읍내리,3611037021,세종특별자치시,2026-01-13 13:17:10.333945,2026-01-13 13:17:10.333947,f
11010,동교리,3611037022,세종특별자치시,2026-01-13 13:17:10.337743,2026-01-13 13:17:10.337746,f
11011,서정리,3611037023,세종특별자치시,2026-01-13 13:17:10.341917,2026-01-13 13:17:10.34192,f
11012,원성리,3611037024,세종특별자치시,2026-01-13 13:17:10.346076,2026-01-13 13:17:10.346079,f
11013,신흥리,3611037025,세종특별자치시,2026-01-13 13:17:10.351589,2026-01-13 13:17:10.351592,f
11014,유천리,3611037026,세종특별자치시,2026-01-13 13:17:10.356076,2026-01-13 13:17:10.356078,f
11015,관정리,3611037027,세종특별자치시,2026-01-13 13:17:10.360029,2026-01-13 13:17:10.360032,f
11016,신정리,3611037028,세종특별자치시,2026-01-13 13:17:10.365629,2026-01-13 13:17:10.365634,f
11017,노곡리,3611037029,세종특별자치시,2026-01-13 13:17:10.370094,2026-01-13 13:17:10.370097,f
11018,신방리,3611037030,세종특별자치시,2026-01-13 13:17:10.374275,2026-01-13 13:17:10.374277,f
11019,영당리,3611037031,세종특별자치시,2026-01-13 13:17:10.378024,2026-01-13 13:17:10.378027,f
11020,양곡리,3611037032,세종특별자치시,2026-01-13 13:17:10.381648,2026-01-13 13:17:10.38165,f
11021,달전리,3611037033,세종특별자치시,2026-01-13 13:17:10.385403,2026-01-13 13:17:10.385406,f
11022,금사리,3611037034,세종특별자치시,2026-01-13 13:17:10.389776,2026-01-13 13:17:10.389779,f
11023,다방리,3611037035,세종특별자치시,2026-01-13 13:17:10.393909,2026-01-13 13:17:10.393912,f
11024,전동면,3611038000,세종특별자치시,2026-01-13 13:17:10.398375,2026-01-13 13:17:10.398377,f
11025,노장리,3611038021,세종특별자치시,2026-01-13 13:17:10.40248,2026-01-13 13:17:10.402484,f
11026,봉대리,3611038022,세종특별자치시,2026-01-13 13:17:10.40675,2026-01-13 13:17:10.406752,f
11027,청송리,3611038023,세종특별자치시,2026-01-13 13:17:10.411824,2026-01-13 13:17:10.411827,f
11028,석곡리,3611038024,세종특별자치시,2026-01-13 13:17:10.417025,2026-01-13 13:17:10.417027,f
11029,보덕리,3611038025,세종특별자치시,2026-01-13 13:17:10.421031,2026-01-13 13:17:10.421032,f
11030,송곡리,3611038026,세종특별자치시,2026-01-13 13:17:10.424724,2026-01-13 13:17:10.424726,f
11031,송정리,3611038027,세종특별자치시,2026-01-13 13:17:10.428896,2026-01-13 13:17:10.428899,f
11032,청람리,3611038028,세종특별자치시,2026-01-13 13:17:10.433329,2026-01-13 13:17:10.433332,f
11033,미곡리,3611038029,세종특별자치시,2026-01-13 13:17:10.437081,2026-01-13 13:17:10.437083,f
11034,송성리,3611038030,세종특별자치시,2026-01-13 13:17:10.442692,2026-01-13 13:17:10.442697,f
11035,심중리,3611038031,세종특별자치시,2026-01-13 13:17:10.447985,2026-01-13 13:17:10.447988,f
11036,소정면,3611039000,세종특별자치시,2026-01-13 13:17:10.452648,2026-01-13 13:17:10.45265,f
11037,소정리,3611039021,세종특별자치시,2026-01-13 13:17:10.457038,2026-01-13 13:17:10.45704,f
11038,운당리,3611039022,세종특별자치시,2026-01-13 13:17:10.461911,2026-01-13 13:17:10.461913,f
11039,대곡리,3611039023,세종특별자치시,2026-01-13 13:17:10.4666,2026-01-13 13:17:10.466603,f
11040,고등리,3611039024,세종특별자치시,2026-01-13 13:17:10.477073,2026-01-13 13:17:10.477081,f
11041,세종동,3611011900,세종특별자치시,2026-01-13 13:17:10.488318,2026-01-13 13:17:10.488321,f
11042,누리동,3611012000,세종특별자치시,2026-01-13 13:17:10.500176,2026-01-13 13:17:10.500182,f
11043,한별동,3611012100,세종특별자치시,2026-01-13 13:17:10.509265,2026-01-13 13:17:10.509267,f
11044,다솜동,3611012200,세종특별자치시,2026-01-13 13:17:10.51508,2026-01-13 13:17:10.515085,f
11045,용호동,3611012300,세종특별자치시,2026-01-13 13:17:10.520026,2026-01-13 13:17:10.52003,f
11046,울산광역시,3100000000,울산광역시,2026-01-13 13:17:10.525112,2026-01-13 13:17:10.525114,f
11047,중구,3111000000,울산광역시,2026-01-13 13:17:10.530056,2026-01-13 13:17:10.530059,f
11048,학성동,3111010100,울산광역시,2026-01-13 13:17:10.535652,2026-01-13 13:17:10.535658,f
11049,학산동,3111010200,울산광역시,2026-01-13 13:17:10.540295,2026-01-13 13:17:10.540297,f
11050,복산동,3111010300,울산광역시,2026-01-13 13:17:10.545873,2026-01-13 13:17:10.545876,f
11051,북정동,3111010400,울산광역시,2026-01-13 13:17:10.550835,2026-01-13 13:17:10.550838,f
11052,옥교동,3111010500,울산광역시,2026-01-13 13:17:10.554689,2026-01-13 13:17:10.55469,f
11053,성남동,3111010600,울산광역시,2026-01-13 13:17:10.558301,2026-01-13 13:17:10.558303,f
11054,교동,3111010700,울산광역시,2026-01-13 13:17:10.562573,2026-01-13 13:17:10.562576,f
11055,우정동,3111010800,울산광역시,2026-01-13 13:17:10.566877,2026-01-13 13:17:10.566879,f
11056,성안동,3111010900,울산광역시,2026-01-13 13:17:10.571823,2026-01-13 13:17:10.571829,f
11057,유곡동,3111011000,울산광역시,2026-01-13 13:17:10.577231,2026-01-13 13:17:10.577234,f
11058,태화동,3111011100,울산광역시,2026-01-13 13:17:10.581549,2026-01-13 13:17:10.581552,f
11059,다운동,3111011200,울산광역시,2026-01-13 13:17:10.585727,2026-01-13 13:17:10.58573,f
11060,동동,3111011300,울산광역시,2026-01-13 13:17:10.589905,2026-01-13 13:17:10.589907,f
11061,서동,3111011400,울산광역시,2026-01-13 13:17:10.593707,2026-01-13 13:17:10.593708,f
11062,남외동,3111011500,울산광역시,2026-01-13 13:17:10.597619,2026-01-13 13:17:10.597621,f
11063,장현동,3111011600,울산광역시,2026-01-13 13:17:10.602117,2026-01-13 13:17:10.60212,f
11064,약사동,3111011700,울산광역시,2026-01-13 13:17:10.606937,2026-01-13 13:17:10.606941,f
11065,반구동,3111011800,울산광역시,2026-01-13 13:17:10.611294,2026-01-13 13:17:10.611297,f
11066,남구,3114000000,울산광역시,2026-01-13 13:17:10.615364,2026-01-13 13:17:10.615368,f
11067,무거동,3114010100,울산광역시,2026-01-13 13:17:10.619377,2026-01-13 13:17:10.619379,f
11068,옥동,3114010200,울산광역시,2026-01-13 13:17:10.623139,2026-01-13 13:17:10.623141,f
11069,두왕동,3114010300,울산광역시,2026-01-13 13:17:10.627182,2026-01-13 13:17:10.627184,f
11070,신정동,3114010400,울산광역시,2026-01-13 13:17:10.632078,2026-01-13 13:17:10.63208,f
11071,달동,3114010500,울산광역시,2026-01-13 13:17:10.636045,2026-01-13 13:17:10.636048,f
11072,삼산동,3114010600,울산광역시,2026-01-13 13:17:10.640069,2026-01-13 13:17:10.640072,f
11073,여천동,3114010700,울산광역시,2026-01-13 13:17:10.644465,2026-01-13 13:17:10.644468,f
11074,야음동,3114010800,울산광역시,2026-01-13 13:17:10.648334,2026-01-13 13:17:10.648336,f
11075,선암동,3114010900,울산광역시,2026-01-13 13:17:10.653383,2026-01-13 13:17:10.653387,f
11076,상개동,3114011000,울산광역시,2026-01-13 13:17:10.657295,2026-01-13 13:17:10.657297,f
11077,부곡동,3114011100,울산광역시,2026-01-13 13:17:10.661056,2026-01-13 13:17:10.661058,f
11078,고사동,3114011200,울산광역시,2026-01-13 13:17:10.664872,2026-01-13 13:17:10.664874,f
11079,성암동,3114011300,울산광역시,2026-01-13 13:17:10.66866,2026-01-13 13:17:10.668669,f
11080,황성동,3114011400,울산광역시,2026-01-13 13:17:10.67322,2026-01-13 13:17:10.673222,f
11081,용연동,3114011500,울산광역시,2026-01-13 13:17:10.677248,2026-01-13 13:17:10.677249,f
11082,남화동,3114011600,울산광역시,2026-01-13 13:17:10.681076,2026-01-13 13:17:10.681078,f
11083,용잠동,3114011700,울산광역시,2026-01-13 13:17:10.686704,2026-01-13 13:17:10.686706,f
11084,장생포동,3114011800,울산광역시,2026-01-13 13:17:10.690995,2026-01-13 13:17:10.690997,f
11085,매암동,3114011900,울산광역시,2026-01-13 13:17:10.695941,2026-01-13 13:17:10.695943,f
11086,동구,3117000000,울산광역시,2026-01-13 13:17:10.701146,2026-01-13 13:17:10.701148,f
11087,방어동,3117010100,울산광역시,2026-01-13 13:17:10.705024,2026-01-13 13:17:10.705027,f
11088,화정동,3117010200,울산광역시,2026-01-13 13:17:10.710318,2026-01-13 13:17:10.710323,f
11089,일산동,3117010300,울산광역시,2026-01-13 13:17:10.714543,2026-01-13 13:17:10.714545,f
11090,전하동,3117010400,울산광역시,2026-01-13 13:17:10.718725,2026-01-13 13:17:10.718727,f
11091,미포동,3117010500,울산광역시,2026-01-13 13:17:10.722964,2026-01-13 13:17:10.722966,f
11092,주전동,3117010600,울산광역시,2026-01-13 13:17:10.727533,2026-01-13 13:17:10.727538,f
11093,동부동,3117010700,울산광역시,2026-01-13 13:17:10.73532,2026-01-13 13:17:10.735324,f
11094,서부동,3117010800,울산광역시,2026-01-13 13:17:10.742379,2026-01-13 13:17:10.742383,f
11095,북구,3120000000,울산광역시,2026-01-13 13:17:10.749022,2026-01-13 13:17:10.749024,f
11096,창평동,3120010100,울산광역시,2026-01-13 13:17:10.754282,2026-01-13 13:17:10.754284,f
11097,호계동,3120010200,울산광역시,2026-01-13 13:17:10.758859,2026-01-13 13:17:10.758861,f
11098,매곡동,3120010300,울산광역시,2026-01-13 13:17:10.763849,2026-01-13 13:17:10.763853,f
11099,가대동,3120010400,울산광역시,2026-01-13 13:17:10.768813,2026-01-13 13:17:10.768815,f
11100,신천동,3120010500,울산광역시,2026-01-13 13:17:10.772624,2026-01-13 13:17:10.772626,f
11101,중산동,3120010600,울산광역시,2026-01-13 13:17:10.777051,2026-01-13 13:17:10.777054,f
11102,상안동,3120010700,울산광역시,2026-01-13 13:17:10.781497,2026-01-13 13:17:10.781498,f
11103,천곡동,3120010800,울산광역시,2026-01-13 13:17:10.785841,2026-01-13 13:17:10.785843,f
11104,달천동,3120010900,울산광역시,2026-01-13 13:17:10.789976,2026-01-13 13:17:10.789979,f
11105,시례동,3120011000,울산광역시,2026-01-13 13:17:10.797579,2026-01-13 13:17:10.797582,f
11106,무룡동,3120011100,울산광역시,2026-01-13 13:17:10.802037,2026-01-13 13:17:10.802039,f
11107,구유동,3120011200,울산광역시,2026-01-13 13:17:10.806836,2026-01-13 13:17:10.806839,f
11108,정자동,3120011300,울산광역시,2026-01-13 13:17:10.811347,2026-01-13 13:17:10.811349,f
11109,신명동,3120011400,울산광역시,2026-01-13 13:17:10.815174,2026-01-13 13:17:10.815176,f
11110,대안동,3120011500,울산광역시,2026-01-13 13:17:10.819012,2026-01-13 13:17:10.819014,f
11111,당사동,3120011600,울산광역시,2026-01-13 13:17:10.822679,2026-01-13 13:17:10.822681,f
11112,신현동,3120011700,울산광역시,2026-01-13 13:17:10.82613,2026-01-13 13:17:10.826131,f
11113,산하동,3120011800,울산광역시,2026-01-13 13:17:10.831084,2026-01-13 13:17:10.831088,f
11114,어물동,3120011900,울산광역시,2026-01-13 13:17:10.835064,2026-01-13 13:17:10.835065,f
11115,명촌동,3120012000,울산광역시,2026-01-13 13:17:10.839145,2026-01-13 13:17:10.839147,f
11116,진장동,3120012100,울산광역시,2026-01-13 13:17:10.843739,2026-01-13 13:17:10.843742,f
11117,연암동,3120012200,울산광역시,2026-01-13 13:17:10.848291,2026-01-13 13:17:10.848295,f
11118,효문동,3120012300,울산광역시,2026-01-13 13:17:10.852822,2026-01-13 13:17:10.852824,f
11119,양정동,3120012400,울산광역시,2026-01-13 13:17:10.85663,2026-01-13 13:17:10.856631,f
11120,화봉동,3120012500,울산광역시,2026-01-13 13:17:10.860308,2026-01-13 13:17:10.86031,f
11121,송정동,3120012600,울산광역시,2026-01-13 13:17:10.864109,2026-01-13 13:17:10.864112,f
11122,염포동,3120012700,울산광역시,2026-01-13 13:17:10.867985,2026-01-13 13:17:10.867986,f
11123,울주군,3171000000,울산광역시,2026-01-13 13:17:10.872272,2026-01-13 13:17:10.872275,f
11124,온산읍,3171025000,울산광역시,2026-01-13 13:17:10.877666,2026-01-13 13:17:10.877667,f
11125,화산리,3171025021,울산광역시,2026-01-13 13:17:10.884679,2026-01-13 13:17:10.884683,f
11126,삼평리,3171025022,울산광역시,2026-01-13 13:17:10.889044,2026-01-13 13:17:10.889046,f
11127,강양리,3171025023,울산광역시,2026-01-13 13:17:10.895757,2026-01-13 13:17:10.895772,f
11128,우봉리,3171025024,울산광역시,2026-01-13 13:17:10.899862,2026-01-13 13:17:10.899863,f
11129,당월리,3171025025,울산광역시,2026-01-13 13:17:10.903612,2026-01-13 13:17:10.903614,f
11130,처용리,3171025026,울산광역시,2026-01-13 13:17:10.908108,2026-01-13 13:17:10.908109,f
11131,산암리,3171025027,울산광역시,2026-01-13 13:17:10.913469,2026-01-13 13:17:10.913472,f
11132,대정리,3171025028,울산광역시,2026-01-13 13:17:10.918186,2026-01-13 13:17:10.918188,f
11133,방도리,3171025029,울산광역시,2026-01-13 13:17:10.923756,2026-01-13 13:17:10.92377,f
11134,이진리,3171025030,울산광역시,2026-01-13 13:17:10.93001,2026-01-13 13:17:10.930015,f
11135,원산리,3171025031,울산광역시,2026-01-13 13:17:10.934461,2026-01-13 13:17:10.934463,f
11136,덕신리,3171025032,울산광역시,2026-01-13 13:17:10.938065,2026-01-13 13:17:10.938066,f
11137,학남리,3171025033,울산광역시,2026-01-13 13:17:10.942084,2026-01-13 13:17:10.942086,f
11138,언양읍,3171025300,울산광역시,2026-01-13 13:17:10.945831,2026-01-13 13:17:10.945832,f
11139,반송리,3171025321,울산광역시,2026-01-13 13:17:10.953042,2026-01-13 13:17:10.953043,f
11140,반천리,3171025322,울산광역시,2026-01-13 13:17:10.958151,2026-01-13 13:17:10.958155,f
11141,반곡리,3171025323,울산광역시,2026-01-13 13:17:10.964469,2026-01-13 13:17:10.964473,f
11142,어음리,3171025324,울산광역시,2026-01-13 13:17:10.969622,2026-01-13 13:17:10.969624,f
11143,송대리,3171025325,울산광역시,2026-01-13 13:17:10.973568,2026-01-13 13:17:10.973571,f
11144,평리,3171025326,울산광역시,2026-01-13 13:17:10.977754,2026-01-13 13:17:10.977755,f
11145,다개리,3171025327,울산광역시,2026-01-13 13:17:10.981639,2026-01-13 13:17:10.981641,f
11146,대곡리,3171025328,울산광역시,2026-01-13 13:17:10.986209,2026-01-13 13:17:10.986211,f
11147,직동리,3171025329,울산광역시,2026-01-13 13:17:10.998145,2026-01-13 13:17:10.998152,f
11148,동부리,3171025330,울산광역시,2026-01-13 13:17:11.006944,2026-01-13 13:17:11.006947,f
11149,서부리,3171025331,울산광역시,2026-01-13 13:17:11.011924,2026-01-13 13:17:11.011927,f
11150,남부리,3171025332,울산광역시,2026-01-13 13:17:11.016866,2026-01-13 13:17:11.01687,f
11151,반연리,3171025333,울산광역시,2026-01-13 13:17:11.021274,2026-01-13 13:17:11.021277,f
11152,태기리,3171025334,울산광역시,2026-01-13 13:17:11.025531,2026-01-13 13:17:11.025534,f
11153,구수리,3171025335,울산광역시,2026-01-13 13:17:11.033777,2026-01-13 13:17:11.033781,f
11154,온양읍,3171025600,울산광역시,2026-01-13 13:17:11.038986,2026-01-13 13:17:11.038988,f
11155,발리,3171025621,울산광역시,2026-01-13 13:17:11.045739,2026-01-13 13:17:11.045742,f
11156,대안리,3171025622,울산광역시,2026-01-13 13:17:11.05051,2026-01-13 13:17:11.050512,f
11157,망양리,3171025623,울산광역시,2026-01-13 13:17:11.054156,2026-01-13 13:17:11.054159,f
11158,남창리,3171025624,울산광역시,2026-01-13 13:17:11.05851,2026-01-13 13:17:11.058512,f
11159,동상리,3171025625,울산광역시,2026-01-13 13:17:11.062393,2026-01-13 13:17:11.062395,f
11160,삼광리,3171025626,울산광역시,2026-01-13 13:17:11.0667,2026-01-13 13:17:11.066705,f
11161,내광리,3171025627,울산광역시,2026-01-13 13:17:11.074024,2026-01-13 13:17:11.074026,f
11162,외광리,3171025628,울산광역시,2026-01-13 13:17:11.0806,2026-01-13 13:17:11.080603,f
11163,운화리,3171025629,울산광역시,2026-01-13 13:17:11.090731,2026-01-13 13:17:11.090733,f
11164,고산리,3171025630,울산광역시,2026-01-13 13:17:11.095303,2026-01-13 13:17:11.095305,f
11165,범서읍,3171025900,울산광역시,2026-01-13 13:17:11.100974,2026-01-13 13:17:11.100977,f
11166,사연리,3171025921,울산광역시,2026-01-13 13:17:11.106087,2026-01-13 13:17:11.10609,f
11167,천상리,3171025922,울산광역시,2026-01-13 13:17:11.115808,2026-01-13 13:17:11.115811,f
11168,입암리,3171025923,울산광역시,2026-01-13 13:17:11.122464,2026-01-13 13:17:11.122469,f
11169,굴화리,3171025924,울산광역시,2026-01-13 13:17:11.134601,2026-01-13 13:17:11.13461,f
11170,서사리,3171025925,울산광역시,2026-01-13 13:17:11.1548,2026-01-13 13:17:11.154808,f
11171,두산리,3171025926,울산광역시,2026-01-13 13:17:11.166754,2026-01-13 13:17:11.166779,f
11172,구영리,3171025927,울산광역시,2026-01-13 13:17:11.177456,2026-01-13 13:17:11.17746,f
11173,중리,3171025928,울산광역시,2026-01-13 13:17:11.186502,2026-01-13 13:17:11.186508,f
11174,망성리,3171025929,울산광역시,2026-01-13 13:17:11.192851,2026-01-13 13:17:11.192854,f
11175,척과리,3171025930,울산광역시,2026-01-13 13:17:11.202532,2026-01-13 13:17:11.202535,f
11176,청량읍,3171026200,울산광역시,2026-01-13 13:17:11.207322,2026-01-13 13:17:11.207324,f
11177,덕하리,3171026221,울산광역시,2026-01-13 13:17:11.21197,2026-01-13 13:17:11.211974,f
11178,동천리,3171026222,울산광역시,2026-01-13 13:17:11.216225,2026-01-13 13:17:11.216227,f
11179,상남리,3171026223,울산광역시,2026-01-13 13:17:11.220219,2026-01-13 13:17:11.220221,f
11180,개곡리,3171026224,울산광역시,2026-01-13 13:17:11.226097,2026-01-13 13:17:11.226099,f
11181,중리,3171026225,울산광역시,2026-01-13 13:17:11.230958,2026-01-13 13:17:11.23096,f
11182,문죽리,3171026226,울산광역시,2026-01-13 13:17:11.237707,2026-01-13 13:17:11.23771,f
11183,삼정리,3171026227,울산광역시,2026-01-13 13:17:11.242439,2026-01-13 13:17:11.242441,f
11184,율리,3171026228,울산광역시,2026-01-13 13:17:11.247082,2026-01-13 13:17:11.247085,f
11185,용암리,3171026229,울산광역시,2026-01-13 13:17:11.252531,2026-01-13 13:17:11.252533,f
11186,삼남읍,3171026500,울산광역시,2026-01-13 13:17:11.257501,2026-01-13 13:17:11.257505,f
11187,교동리,3171026521,울산광역시,2026-01-13 13:17:11.266384,2026-01-13 13:17:11.266387,f
11188,상천리,3171026522,울산광역시,2026-01-13 13:17:11.272991,2026-01-13 13:17:11.272994,f
11189,신화리,3171026523,울산광역시,2026-01-13 13:17:11.278947,2026-01-13 13:17:11.278949,f
11190,방기리,3171026524,울산광역시,2026-01-13 13:17:11.284238,2026-01-13 13:17:11.284241,f
11191,가천리,3171026525,울산광역시,2026-01-13 13:17:11.289031,2026-01-13 13:17:11.289035,f
11192,서생면,3171031000,울산광역시,2026-01-13 13:17:11.293821,2026-01-13 13:17:11.293824,f
11193,신암리,3171031021,울산광역시,2026-01-13 13:17:11.29754,2026-01-13 13:17:11.297542,f
11194,명산리,3171031022,울산광역시,2026-01-13 13:17:11.301775,2026-01-13 13:17:11.301778,f
11195,나사리,3171031023,울산광역시,2026-01-13 13:17:11.307854,2026-01-13 13:17:11.307856,f
11196,화산리,3171031024,울산광역시,2026-01-13 13:17:11.314233,2026-01-13 13:17:11.314239,f
11197,대송리,3171031025,울산광역시,2026-01-13 13:17:11.318934,2026-01-13 13:17:11.318935,f
11198,용리,3171031026,울산광역시,2026-01-13 13:17:11.322686,2026-01-13 13:17:11.322688,f
11199,서생리,3171031027,울산광역시,2026-01-13 13:17:11.326994,2026-01-13 13:17:11.326997,f
11200,진하리,3171031028,울산광역시,2026-01-13 13:17:11.331061,2026-01-13 13:17:11.331063,f
11201,화정리,3171031029,울산광역시,2026-01-13 13:17:11.335802,2026-01-13 13:17:11.335804,f
11202,위양리,3171031030,울산광역시,2026-01-13 13:17:11.341917,2026-01-13 13:17:11.341919,f
11203,웅촌면,3171034000,울산광역시,2026-01-13 13:17:11.34768,2026-01-13 13:17:11.347683,f
11204,초천리,3171034021,울산광역시,2026-01-13 13:17:11.361998,2026-01-13 13:17:11.362006,f
11205,석천리,3171034022,울산광역시,2026-01-13 13:17:11.371276,2026-01-13 13:17:11.37128,f
11206,곡천리,3171034023,울산광역시,2026-01-13 13:17:11.375814,2026-01-13 13:17:11.375818,f
11207,검단리,3171034024,울산광역시,2026-01-13 13:17:11.383219,2026-01-13 13:17:11.383221,f
11208,은현리,3171034025,울산광역시,2026-01-13 13:17:11.387594,2026-01-13 13:17:11.387596,f
11209,고연리,3171034026,울산광역시,2026-01-13 13:17:11.394478,2026-01-13 13:17:11.39448,f
11210,대대리,3171034027,울산광역시,2026-01-13 13:17:11.399216,2026-01-13 13:17:11.399218,f
11211,통천리,3171034028,울산광역시,2026-01-13 13:17:11.403642,2026-01-13 13:17:11.403644,f
11212,대복리,3171034029,울산광역시,2026-01-13 13:17:11.407487,2026-01-13 13:17:11.407489,f
11213,두동면,3171036000,울산광역시,2026-01-13 13:17:11.412109,2026-01-13 13:17:11.412111,f
11214,만화리,3171036021,울산광역시,2026-01-13 13:17:11.41675,2026-01-13 13:17:11.416752,f
11215,구미리,3171036022,울산광역시,2026-01-13 13:17:11.42351,2026-01-13 13:17:11.423524,f
11216,월평리,3171036023,울산광역시,2026-01-13 13:17:11.429672,2026-01-13 13:17:11.429675,f
11217,삼정리,3171036024,울산광역시,2026-01-13 13:17:11.436227,2026-01-13 13:17:11.436235,f
11218,이전리,3171036025,울산광역시,2026-01-13 13:17:11.443056,2026-01-13 13:17:11.443058,f
11219,봉계리,3171036026,울산광역시,2026-01-13 13:17:11.447388,2026-01-13 13:17:11.44739,f
11220,천전리,3171036027,울산광역시,2026-01-13 13:17:11.452052,2026-01-13 13:17:11.452055,f
11221,은편리,3171036028,울산광역시,2026-01-13 13:17:11.457784,2026-01-13 13:17:11.457787,f
11222,두서면,3171037000,울산광역시,2026-01-13 13:17:11.463096,2026-01-13 13:17:11.463098,f
11223,차리,3171037021,울산광역시,2026-01-13 13:17:11.467597,2026-01-13 13:17:11.467599,f
11224,구량리,3171037022,울산광역시,2026-01-13 13:17:11.474075,2026-01-13 13:17:11.474078,f
11225,복안리,3171037023,울산광역시,2026-01-13 13:17:11.481946,2026-01-13 13:17:11.481949,f
11226,미호리,3171037024,울산광역시,2026-01-13 13:17:11.491096,2026-01-13 13:17:11.491098,f
11227,활천리,3171037025,울산광역시,2026-01-13 13:17:11.498085,2026-01-13 13:17:11.498087,f
11228,내와리,3171037026,울산광역시,2026-01-13 13:17:11.502111,2026-01-13 13:17:11.502113,f
11229,전읍리,3171037027,울산광역시,2026-01-13 13:17:11.506547,2026-01-13 13:17:11.506548,f
11230,인보리,3171037028,울산광역시,2026-01-13 13:17:11.510175,2026-01-13 13:17:11.510177,f
11231,서하리,3171037029,울산광역시,2026-01-13 13:17:11.513955,2026-01-13 13:17:11.513957,f
11232,상북면,3171038000,울산광역시,2026-01-13 13:17:11.518857,2026-01-13 13:17:11.51886,f
11233,지내리,3171038021,울산광역시,2026-01-13 13:17:11.527118,2026-01-13 13:17:11.527121,f
11234,양등리,3171038022,울산광역시,2026-01-13 13:17:11.531569,2026-01-13 13:17:11.531571,f
11235,산전리,3171038023,울산광역시,2026-01-13 13:17:11.53658,2026-01-13 13:17:11.536582,f
11236,길천리,3171038024,울산광역시,2026-01-13 13:17:11.540251,2026-01-13 13:17:11.540252,f
11237,이천리,3171038025,울산광역시,2026-01-13 13:17:11.544962,2026-01-13 13:17:11.544964,f
11238,덕현리,3171038026,울산광역시,2026-01-13 13:17:11.549523,2026-01-13 13:17:11.54953,f
11239,명촌리,3171038027,울산광역시,2026-01-13 13:17:11.554125,2026-01-13 13:17:11.554127,f
11240,천전리,3171038028,울산광역시,2026-01-13 13:17:11.560878,2026-01-13 13:17:11.56088,f
11241,거리,3171038029,울산광역시,2026-01-13 13:17:11.566036,2026-01-13 13:17:11.566039,f
11242,궁근정리,3171038030,울산광역시,2026-01-13 13:17:11.57161,2026-01-13 13:17:11.571612,f
11243,향산리,3171038032,울산광역시,2026-01-13 13:17:11.57604,2026-01-13 13:17:11.576042,f
11244,소호리,3171038033,울산광역시,2026-01-13 13:17:11.580372,2026-01-13 13:17:11.580375,f
11245,등억알프스리,3171038034,울산광역시,2026-01-13 13:17:11.584123,2026-01-13 13:17:11.584125,f
11246,삼동면,3171040000,울산광역시,2026-01-13 13:17:11.587731,2026-01-13 13:17:11.587733,f
11247,둔기리,3171040021,울산광역시,2026-01-13 13:17:11.596153,2026-01-13 13:17:11.596156,f
11248,조일리,3171040022,울산광역시,2026-01-13 13:17:11.600924,2026-01-13 13:17:11.600927,f
11249,출강리,3171040023,울산광역시,2026-01-13 13:17:11.605935,2026-01-13 13:17:11.605938,f
11250,작동리,3171040024,울산광역시,2026-01-13 13:17:11.611032,2026-01-13 13:17:11.611035,f
11251,보은리,3171040025,울산광역시,2026-01-13 13:17:11.616279,2026-01-13 13:17:11.616281,f
11252,하잠리,3171040026,울산광역시,2026-01-13 13:17:11.620434,2026-01-13 13:17:11.620436,f
11253,금곡리,3171040027,울산광역시,2026-01-13 13:17:11.629131,2026-01-13 13:17:11.629133,f
11254,인천광역시,2800000000,인천광역시,2026-01-13 13:17:11.637815,2026-01-13 13:17:11.637817,f
11255,중구,2811000000,인천광역시,2026-01-13 13:17:11.643004,2026-01-13 13:17:11.643007,f
11256,중앙동1가,2811010100,인천광역시,2026-01-13 13:17:11.648448,2026-01-13 13:17:11.64845,f
11257,중앙동2가,2811010200,인천광역시,2026-01-13 13:17:11.653672,2026-01-13 13:17:11.653676,f
11258,중앙동3가,2811010300,인천광역시,2026-01-13 13:17:11.659521,2026-01-13 13:17:11.659525,f
11259,중앙동4가,2811010400,인천광역시,2026-01-13 13:17:11.664506,2026-01-13 13:17:11.664509,f
11260,해안동1가,2811010500,인천광역시,2026-01-13 13:17:11.670224,2026-01-13 13:17:11.670227,f
11261,해안동2가,2811010600,인천광역시,2026-01-13 13:17:11.676379,2026-01-13 13:17:11.676381,f
11262,해안동3가,2811010700,인천광역시,2026-01-13 13:17:11.682473,2026-01-13 13:17:11.682481,f
11263,해안동4가,2811010800,인천광역시,2026-01-13 13:17:11.687853,2026-01-13 13:17:11.687856,f
11264,관동1가,2811010900,인천광역시,2026-01-13 13:17:11.692719,2026-01-13 13:17:11.692722,f
11265,관동2가,2811011000,인천광역시,2026-01-13 13:17:11.699511,2026-01-13 13:17:11.699513,f
11266,관동3가,2811011100,인천광역시,2026-01-13 13:17:11.70791,2026-01-13 13:17:11.707913,f
11267,항동1가,2811011200,인천광역시,2026-01-13 13:17:11.718205,2026-01-13 13:17:11.718212,f
11268,항동2가,2811011300,인천광역시,2026-01-13 13:17:11.727949,2026-01-13 13:17:11.727952,f
11269,항동3가,2811011400,인천광역시,2026-01-13 13:17:11.736073,2026-01-13 13:17:11.736076,f
11270,항동4가,2811011500,인천광역시,2026-01-13 13:17:11.744996,2026-01-13 13:17:11.745002,f
11271,항동5가,2811011600,인천광역시,2026-01-13 13:17:11.757175,2026-01-13 13:17:11.75718,f
11272,항동6가,2811011700,인천광역시,2026-01-13 13:17:11.76537,2026-01-13 13:17:11.765372,f
11273,항동7가,2811011800,인천광역시,2026-01-13 13:17:11.774174,2026-01-13 13:17:11.774177,f
11274,송학동1가,2811011900,인천광역시,2026-01-13 13:17:11.780586,2026-01-13 13:17:11.780589,f
11275,송학동2가,2811012000,인천광역시,2026-01-13 13:17:11.785168,2026-01-13 13:17:11.785171,f
11276,송학동3가,2811012100,인천광역시,2026-01-13 13:17:11.789704,2026-01-13 13:17:11.789706,f
11277,사동,2811012200,인천광역시,2026-01-13 13:17:11.795796,2026-01-13 13:17:11.795799,f
11278,신생동,2811012300,인천광역시,2026-01-13 13:17:11.805387,2026-01-13 13:17:11.80539,f
11279,신포동,2811012400,인천광역시,2026-01-13 13:17:11.810302,2026-01-13 13:17:11.810304,f
11280,답동,2811012500,인천광역시,2026-01-13 13:17:11.81445,2026-01-13 13:17:11.814453,f
11281,신흥동1가,2811012600,인천광역시,2026-01-13 13:17:11.818613,2026-01-13 13:17:11.818615,f
11282,신흥동2가,2811012700,인천광역시,2026-01-13 13:17:11.822214,2026-01-13 13:17:11.822216,f
11283,신흥동3가,2811012800,인천광역시,2026-01-13 13:17:11.826279,2026-01-13 13:17:11.826281,f
11284,선화동,2811012900,인천광역시,2026-01-13 13:17:11.830275,2026-01-13 13:17:11.830278,f
11285,유동,2811013000,인천광역시,2026-01-13 13:17:11.834844,2026-01-13 13:17:11.834846,f
11286,율목동,2811013100,인천광역시,2026-01-13 13:17:11.839689,2026-01-13 13:17:11.839691,f
11287,도원동,2811013200,인천광역시,2026-01-13 13:17:11.845781,2026-01-13 13:17:11.845784,f
11288,내동,2811013300,인천광역시,2026-01-13 13:17:11.84985,2026-01-13 13:17:11.849853,f
11289,경동,2811013400,인천광역시,2026-01-13 13:17:11.854633,2026-01-13 13:17:11.854635,f
11290,용동,2811013500,인천광역시,2026-01-13 13:17:11.858244,2026-01-13 13:17:11.858245,f
11291,인현동,2811013600,인천광역시,2026-01-13 13:17:11.862012,2026-01-13 13:17:11.862015,f
11292,전동,2811013700,인천광역시,2026-01-13 13:17:11.866133,2026-01-13 13:17:11.866137,f
11293,북성동1가,2811013800,인천광역시,2026-01-13 13:17:11.875314,2026-01-13 13:17:11.875316,f
11294,북성동2가,2811013900,인천광역시,2026-01-13 13:17:11.880895,2026-01-13 13:17:11.880897,f
11295,북성동3가,2811014000,인천광역시,2026-01-13 13:17:11.886302,2026-01-13 13:17:11.886305,f
11296,선린동,2811014100,인천광역시,2026-01-13 13:17:11.890778,2026-01-13 13:17:11.890781,f
11297,송월동1가,2811014200,인천광역시,2026-01-13 13:17:11.895896,2026-01-13 13:17:11.895899,f
11298,송월동2가,2811014300,인천광역시,2026-01-13 13:17:11.89973,2026-01-13 13:17:11.899731,f
11299,송월동3가,2811014400,인천광역시,2026-01-13 13:17:11.903211,2026-01-13 13:17:11.903212,f
11300,중산동,2811014500,인천광역시,2026-01-13 13:17:11.910857,2026-01-13 13:17:11.91086,f
11301,운남동,2811014600,인천광역시,2026-01-13 13:17:11.915804,2026-01-13 13:17:11.915807,f
11302,운서동,2811014700,인천광역시,2026-01-13 13:17:11.920567,2026-01-13 13:17:11.92057,f
11303,운북동,2811014800,인천광역시,2026-01-13 13:17:11.925116,2026-01-13 13:17:11.925119,f
11304,을왕동,2811014900,인천광역시,2026-01-13 13:17:11.930718,2026-01-13 13:17:11.930721,f
11305,남북동,2811015000,인천광역시,2026-01-13 13:17:11.935622,2026-01-13 13:17:11.935624,f
11306,덕교동,2811015100,인천광역시,2026-01-13 13:17:11.944663,2026-01-13 13:17:11.944666,f
11307,무의동,2811015200,인천광역시,2026-01-13 13:17:11.951022,2026-01-13 13:17:11.951025,f
11308,동구,2814000000,인천광역시,2026-01-13 13:17:11.956201,2026-01-13 13:17:11.956203,f
11309,만석동,2814010100,인천광역시,2026-01-13 13:17:11.959961,2026-01-13 13:17:11.959962,f
11310,화수동,2814010200,인천광역시,2026-01-13 13:17:11.964164,2026-01-13 13:17:11.964166,f
11311,송현동,2814010300,인천광역시,2026-01-13 13:17:11.968579,2026-01-13 13:17:11.968582,f
11312,화평동,2814010400,인천광역시,2026-01-13 13:17:11.972932,2026-01-13 13:17:11.972934,f
11313,창영동,2814010500,인천광역시,2026-01-13 13:17:11.980138,2026-01-13 13:17:11.980139,f
11314,금곡동,2814010600,인천광역시,2026-01-13 13:17:11.990631,2026-01-13 13:17:11.990637,f
11315,송림동,2814010700,인천광역시,2026-01-13 13:17:12.000246,2026-01-13 13:17:12.00025,f
11316,미추홀구,2817700000,인천광역시,2026-01-13 13:17:12.00502,2026-01-13 13:17:12.005022,f
11317,숭의동,2817710100,인천광역시,2026-01-13 13:17:12.013555,2026-01-13 13:17:12.013557,f
11318,용현동,2817710200,인천광역시,2026-01-13 13:17:12.020186,2026-01-13 13:17:12.020188,f
11319,학익동,2817710300,인천광역시,2026-01-13 13:17:12.025298,2026-01-13 13:17:12.0253,f
11320,도화동,2817710400,인천광역시,2026-01-13 13:17:12.029613,2026-01-13 13:17:12.029615,f
11321,주안동,2817710500,인천광역시,2026-01-13 13:17:12.036257,2026-01-13 13:17:12.036262,f
11322,관교동,2817710600,인천광역시,2026-01-13 13:17:12.042771,2026-01-13 13:17:12.042773,f
11323,문학동,2817710700,인천광역시,2026-01-13 13:17:12.050374,2026-01-13 13:17:12.050376,f
11324,연수구,2818500000,인천광역시,2026-01-13 13:17:12.055306,2026-01-13 13:17:12.055313,f
11325,옥련동,2818510100,인천광역시,2026-01-13 13:17:12.062146,2026-01-13 13:17:12.062149,f
11326,선학동,2818510200,인천광역시,2026-01-13 13:17:12.067112,2026-01-13 13:17:12.067118,f
11327,연수동,2818510300,인천광역시,2026-01-13 13:17:12.071247,2026-01-13 13:17:12.07125,f
11328,청학동,2818510400,인천광역시,2026-01-13 13:17:12.076085,2026-01-13 13:17:12.076088,f
11329,동춘동,2818510500,인천광역시,2026-01-13 13:17:12.080498,2026-01-13 13:17:12.080501,f
11330,송도동,2818510600,인천광역시,2026-01-13 13:17:12.090692,2026-01-13 13:17:12.090695,f
11331,남동구,2820000000,인천광역시,2026-01-13 13:17:12.095722,2026-01-13 13:17:12.095725,f
11332,구월동,2820010100,인천광역시,2026-01-13 13:17:12.101787,2026-01-13 13:17:12.101789,f
11333,간석동,2820010200,인천광역시,2026-01-13 13:17:12.107346,2026-01-13 13:17:12.107347,f
11334,만수동,2820010300,인천광역시,2026-01-13 13:17:12.112007,2026-01-13 13:17:12.112009,f
11335,장수동,2820010400,인천광역시,2026-01-13 13:17:12.117391,2026-01-13 13:17:12.117394,f
11336,서창동,2820010500,인천광역시,2026-01-13 13:17:12.12219,2026-01-13 13:17:12.122193,f
11337,운연동,2820010600,인천광역시,2026-01-13 13:17:12.130804,2026-01-13 13:17:12.130807,f
11338,남촌동,2820010700,인천광역시,2026-01-13 13:17:12.136795,2026-01-13 13:17:12.136797,f
11339,수산동,2820010800,인천광역시,2026-01-13 13:17:12.141759,2026-01-13 13:17:12.141761,f
11340,도림동,2820010900,인천광역시,2026-01-13 13:17:12.147788,2026-01-13 13:17:12.14779,f
11341,논현동,2820011000,인천광역시,2026-01-13 13:17:12.151814,2026-01-13 13:17:12.151816,f
11342,고잔동,2820011100,인천광역시,2026-01-13 13:17:12.156809,2026-01-13 13:17:12.156811,f
11343,부평구,2823700000,인천광역시,2026-01-13 13:17:12.1609,2026-01-13 13:17:12.160903,f
11344,부평동,2823710100,인천광역시,2026-01-13 13:17:12.164896,2026-01-13 13:17:12.164899,f
11345,십정동,2823710200,인천광역시,2026-01-13 13:17:12.171282,2026-01-13 13:17:12.171284,f
11346,산곡동,2823710300,인천광역시,2026-01-13 13:17:12.176444,2026-01-13 13:17:12.176446,f
11347,청천동,2823710400,인천광역시,2026-01-13 13:17:12.182613,2026-01-13 13:17:12.182617,f
11348,삼산동,2823710500,인천광역시,2026-01-13 13:17:12.18829,2026-01-13 13:17:12.188292,f
11349,갈산동,2823710600,인천광역시,2026-01-13 13:17:12.193252,2026-01-13 13:17:12.193256,f
11350,부개동,2823710700,인천광역시,2026-01-13 13:17:12.1981,2026-01-13 13:17:12.198102,f
11351,일신동,2823710800,인천광역시,2026-01-13 13:17:12.202241,2026-01-13 13:17:12.202244,f
11352,구산동,2823710900,인천광역시,2026-01-13 13:17:12.212653,2026-01-13 13:17:12.21266,f
11353,계양구,2824500000,인천광역시,2026-01-13 13:17:12.223596,2026-01-13 13:17:12.223602,f
11354,효성동,2824510100,인천광역시,2026-01-13 13:17:12.23128,2026-01-13 13:17:12.231283,f
11355,계산동,2824510200,인천광역시,2026-01-13 13:17:12.236857,2026-01-13 13:17:12.236861,f
11356,작전동,2824510300,인천광역시,2026-01-13 13:17:12.241909,2026-01-13 13:17:12.241915,f
11357,서운동,2824510400,인천광역시,2026-01-13 13:17:12.246713,2026-01-13 13:17:12.246715,f
11358,임학동,2824510500,인천광역시,2026-01-13 13:17:12.253093,2026-01-13 13:17:12.253095,f
11359,용종동,2824510600,인천광역시,2026-01-13 13:17:12.258445,2026-01-13 13:17:12.258448,f
11360,병방동,2824510700,인천광역시,2026-01-13 13:17:12.263621,2026-01-13 13:17:12.263623,f
11361,방축동,2824510800,인천광역시,2026-01-13 13:17:12.269804,2026-01-13 13:17:12.269806,f
11362,박촌동,2824510900,인천광역시,2026-01-13 13:17:12.274766,2026-01-13 13:17:12.274769,f
11363,동양동,2824511000,인천광역시,2026-01-13 13:17:12.279613,2026-01-13 13:17:12.279615,f
11364,귤현동,2824511100,인천광역시,2026-01-13 13:17:12.28374,2026-01-13 13:17:12.283742,f
11365,상야동,2824511200,인천광역시,2026-01-13 13:17:12.288115,2026-01-13 13:17:12.288117,f
11366,하야동,2824511300,인천광역시,2026-01-13 13:17:12.294071,2026-01-13 13:17:12.294074,f
11367,평동,2824511400,인천광역시,2026-01-13 13:17:12.298857,2026-01-13 13:17:12.298859,f
11368,노오지동,2824511500,인천광역시,2026-01-13 13:17:12.303493,2026-01-13 13:17:12.303495,f
11369,선주지동,2824511600,인천광역시,2026-01-13 13:17:12.308233,2026-01-13 13:17:12.308235,f
11370,이화동,2824511700,인천광역시,2026-01-13 13:17:12.312401,2026-01-13 13:17:12.312404,f
11371,오류동,2824511800,인천광역시,2026-01-13 13:17:12.317163,2026-01-13 13:17:12.317166,f
11372,갈현동,2824511900,인천광역시,2026-01-13 13:17:12.321321,2026-01-13 13:17:12.321323,f
11373,둑실동,2824512000,인천광역시,2026-01-13 13:17:12.329183,2026-01-13 13:17:12.329186,f
11374,목상동,2824512100,인천광역시,2026-01-13 13:17:12.338596,2026-01-13 13:17:12.338602,f
11375,다남동,2824512200,인천광역시,2026-01-13 13:17:12.344844,2026-01-13 13:17:12.344846,f
11376,장기동,2824512300,인천광역시,2026-01-13 13:17:12.349562,2026-01-13 13:17:12.349566,f
11377,서구,2826000000,인천광역시,2026-01-13 13:17:12.354285,2026-01-13 13:17:12.354288,f
11378,백석동,2826010100,인천광역시,2026-01-13 13:17:12.363346,2026-01-13 13:17:12.36335,f
11379,시천동,2826010200,인천광역시,2026-01-13 13:17:12.368308,2026-01-13 13:17:12.368309,f
11380,검암동,2826010300,인천광역시,2026-01-13 13:17:12.373737,2026-01-13 13:17:12.373739,f
11381,경서동,2826010400,인천광역시,2026-01-13 13:17:12.383387,2026-01-13 13:17:12.38339,f
11382,공촌동,2826010500,인천광역시,2026-01-13 13:17:12.388818,2026-01-13 13:17:12.38882,f
11383,연희동,2826010600,인천광역시,2026-01-13 13:17:12.393843,2026-01-13 13:17:12.393847,f
11384,심곡동,2826010700,인천광역시,2026-01-13 13:17:12.398325,2026-01-13 13:17:12.398327,f
11385,가정동,2826010800,인천광역시,2026-01-13 13:17:12.403609,2026-01-13 13:17:12.403611,f
11386,신현동,2826010900,인천광역시,2026-01-13 13:17:12.409167,2026-01-13 13:17:12.409169,f
11387,석남동,2826011000,인천광역시,2026-01-13 13:17:12.41523,2026-01-13 13:17:12.415233,f
11388,원창동,2826011100,인천광역시,2026-01-13 13:17:12.420529,2026-01-13 13:17:12.420531,f
11389,가좌동,2826011200,인천광역시,2026-01-13 13:17:12.424891,2026-01-13 13:17:12.424893,f
11390,마전동,2826011300,인천광역시,2026-01-13 13:17:12.428773,2026-01-13 13:17:12.428775,f
11391,당하동,2826011400,인천광역시,2026-01-13 13:17:12.433517,2026-01-13 13:17:12.433523,f
11392,원당동,2826011500,인천광역시,2026-01-13 13:17:12.443207,2026-01-13 13:17:12.443211,f
11393,대곡동,2826011700,인천광역시,2026-01-13 13:17:12.450495,2026-01-13 13:17:12.450498,f
11394,금곡동,2826011800,인천광역시,2026-01-13 13:17:12.456226,2026-01-13 13:17:12.456231,f
11395,오류동,2826011900,인천광역시,2026-01-13 13:17:12.461492,2026-01-13 13:17:12.461494,f
11396,왕길동,2826012000,인천광역시,2026-01-13 13:17:12.465714,2026-01-13 13:17:12.465717,f
11397,불로동,2826012100,인천광역시,2026-01-13 13:17:12.470326,2026-01-13 13:17:12.470328,f
11398,청라동,2826012200,인천광역시,2026-01-13 13:17:12.474849,2026-01-13 13:17:12.474851,f
11399,강화군,2871000000,인천광역시,2026-01-13 13:17:12.479235,2026-01-13 13:17:12.479236,f
11400,강화읍,2871025000,인천광역시,2026-01-13 13:17:12.485279,2026-01-13 13:17:12.485282,f
11401,신문리,2871025021,인천광역시,2026-01-13 13:17:12.491138,2026-01-13 13:17:12.491141,f
11402,관청리,2871025022,인천광역시,2026-01-13 13:17:12.49592,2026-01-13 13:17:12.495922,f
11403,국화리,2871025023,인천광역시,2026-01-13 13:17:12.500012,2026-01-13 13:17:12.500014,f
11404,남산리,2871025024,인천광역시,2026-01-13 13:17:12.50422,2026-01-13 13:17:12.504222,f
11405,갑곳리,2871025025,인천광역시,2026-01-13 13:17:12.507859,2026-01-13 13:17:12.50786,f
11406,용정리,2871025026,인천광역시,2026-01-13 13:17:12.511996,2026-01-13 13:17:12.511998,f
11407,옥림리,2871025027,인천광역시,2026-01-13 13:17:12.519291,2026-01-13 13:17:12.519293,f
11408,월곳리,2871025028,인천광역시,2026-01-13 13:17:12.524928,2026-01-13 13:17:12.52493,f
11409,대산리,2871025029,인천광역시,2026-01-13 13:17:12.532852,2026-01-13 13:17:12.532855,f
11410,선원면,2871031000,인천광역시,2026-01-13 13:17:12.538229,2026-01-13 13:17:12.538232,f
11411,금월리,2871031021,인천광역시,2026-01-13 13:17:12.54296,2026-01-13 13:17:12.542962,f
11412,연리,2871031022,인천광역시,2026-01-13 13:17:12.547121,2026-01-13 13:17:12.547124,f
11413,지산리,2871031023,인천광역시,2026-01-13 13:17:12.551199,2026-01-13 13:17:12.5512,f
11414,신정리,2871031024,인천광역시,2026-01-13 13:17:12.559675,2026-01-13 13:17:12.559678,f
11415,창리,2871031025,인천광역시,2026-01-13 13:17:12.565159,2026-01-13 13:17:12.565162,f
11416,선행리,2871031026,인천광역시,2026-01-13 13:17:12.570885,2026-01-13 13:17:12.570888,f
11417,냉정리,2871031027,인천광역시,2026-01-13 13:17:12.576867,2026-01-13 13:17:12.576869,f
11418,불은면,2871032000,인천광역시,2026-01-13 13:17:12.581825,2026-01-13 13:17:12.581827,f
11419,두운리,2871032021,인천광역시,2026-01-13 13:17:12.586533,2026-01-13 13:17:12.586536,f
11420,고능리,2871032022,인천광역시,2026-01-13 13:17:12.591097,2026-01-13 13:17:12.5911,f
11421,오두리,2871032023,인천광역시,2026-01-13 13:17:12.604502,2026-01-13 13:17:12.60451,f
11422,넙성리,2871032024,인천광역시,2026-01-13 13:17:12.623615,2026-01-13 13:17:12.623623,f
11423,신현리,2871032025,인천광역시,2026-01-13 13:17:12.636732,2026-01-13 13:17:12.63674,f
11424,삼동암리,2871032026,인천광역시,2026-01-13 13:17:12.646213,2026-01-13 13:17:12.646216,f
11425,삼성리,2871032027,인천광역시,2026-01-13 13:17:12.650706,2026-01-13 13:17:12.650708,f
11426,덕성리,2871032028,인천광역시,2026-01-13 13:17:12.654719,2026-01-13 13:17:12.65472,f
11427,길상면,2871033000,인천광역시,2026-01-13 13:17:12.659231,2026-01-13 13:17:12.659236,f
11428,온수리,2871033021,인천광역시,2026-01-13 13:17:12.664387,2026-01-13 13:17:12.66439,f
11429,선두리,2871033022,인천광역시,2026-01-13 13:17:12.669882,2026-01-13 13:17:12.669885,f
11430,동검리,2871033023,인천광역시,2026-01-13 13:17:12.675892,2026-01-13 13:17:12.675894,f
11431,초지리,2871033024,인천광역시,2026-01-13 13:17:12.680498,2026-01-13 13:17:12.6805,f
11432,장흥리,2871033025,인천광역시,2026-01-13 13:17:12.686993,2026-01-13 13:17:12.686996,f
11433,길직리,2871033026,인천광역시,2026-01-13 13:17:12.691592,2026-01-13 13:17:12.691594,f
11434,화도면,2871034000,인천광역시,2026-01-13 13:17:12.696394,2026-01-13 13:17:12.696397,f
11435,내리,2871034021,인천광역시,2026-01-13 13:17:12.704385,2026-01-13 13:17:12.704388,f
11436,상방리,2871034022,인천광역시,2026-01-13 13:17:12.709593,2026-01-13 13:17:12.709596,f
11437,문산리,2871034023,인천광역시,2026-01-13 13:17:12.71492,2026-01-13 13:17:12.714923,f
11438,덕포리,2871034024,인천광역시,2026-01-13 13:17:12.720276,2026-01-13 13:17:12.72028,f
11439,사기리,2871034025,인천광역시,2026-01-13 13:17:12.724907,2026-01-13 13:17:12.724909,f
11440,동막리,2871034026,인천광역시,2026-01-13 13:17:12.729923,2026-01-13 13:17:12.729925,f
11441,흥왕리,2871034027,인천광역시,2026-01-13 13:17:12.735585,2026-01-13 13:17:12.735589,f
11442,여차리,2871034028,인천광역시,2026-01-13 13:17:12.745022,2026-01-13 13:17:12.745025,f
11443,장화리,2871034029,인천광역시,2026-01-13 13:17:12.752349,2026-01-13 13:17:12.752357,f
11444,양도면,2871035000,인천광역시,2026-01-13 13:17:12.760292,2026-01-13 13:17:12.760296,f
11445,하일리,2871035021,인천광역시,2026-01-13 13:17:12.765935,2026-01-13 13:17:12.765938,f
11446,능내리,2871035022,인천광역시,2026-01-13 13:17:12.777182,2026-01-13 13:17:12.777189,f
11447,건평리,2871035023,인천광역시,2026-01-13 13:17:12.788943,2026-01-13 13:17:12.788946,f
11448,인산리,2871035024,인천광역시,2026-01-13 13:17:12.795919,2026-01-13 13:17:12.795925,f
11449,삼흥리,2871035025,인천광역시,2026-01-13 13:17:12.801722,2026-01-13 13:17:12.801725,f
11450,길정리,2871035026,인천광역시,2026-01-13 13:17:12.805969,2026-01-13 13:17:12.805973,f
11451,도장리,2871035027,인천광역시,2026-01-13 13:17:12.811571,2026-01-13 13:17:12.811575,f
11452,조산리,2871035028,인천광역시,2026-01-13 13:17:12.816747,2026-01-13 13:17:12.816749,f
11453,내가면,2871036000,인천광역시,2026-01-13 13:17:12.82187,2026-01-13 13:17:12.821872,f
11454,고천리,2871036021,인천광역시,2026-01-13 13:17:12.830063,2026-01-13 13:17:12.830065,f
11455,오상리,2871036022,인천광역시,2026-01-13 13:17:12.836461,2026-01-13 13:17:12.836482,f
11456,외포리,2871036023,인천광역시,2026-01-13 13:17:12.846617,2026-01-13 13:17:12.846641,f
11457,황청리,2871036024,인천광역시,2026-01-13 13:17:12.852183,2026-01-13 13:17:12.852186,f
11458,구하리,2871036025,인천광역시,2026-01-13 13:17:12.856771,2026-01-13 13:17:12.856773,f
11459,하점면,2871037000,인천광역시,2026-01-13 13:17:12.860533,2026-01-13 13:17:12.860535,f
11460,신봉리,2871037021,인천광역시,2026-01-13 13:17:12.86513,2026-01-13 13:17:12.865132,f
11461,장정리,2871037022,인천광역시,2026-01-13 13:17:12.869685,2026-01-13 13:17:12.869688,f
11462,부근리,2871037023,인천광역시,2026-01-13 13:17:12.875252,2026-01-13 13:17:12.875255,f
11463,삼거리,2871037024,인천광역시,2026-01-13 13:17:12.880359,2026-01-13 13:17:12.88036,f
11464,신삼리,2871037025,인천광역시,2026-01-13 13:17:12.887272,2026-01-13 13:17:12.887275,f
11465,망월리,2871037026,인천광역시,2026-01-13 13:17:12.892276,2026-01-13 13:17:12.89228,f
11466,창후리,2871037027,인천광역시,2026-01-13 13:17:12.897032,2026-01-13 13:17:12.897035,f
11467,이강리,2871037028,인천광역시,2026-01-13 13:17:12.901383,2026-01-13 13:17:12.901386,f
11468,양사면,2871038000,인천광역시,2026-01-13 13:17:12.906307,2026-01-13 13:17:12.906313,f
11469,철산리,2871038021,인천광역시,2026-01-13 13:17:12.916842,2026-01-13 13:17:12.916848,f
11470,덕하리,2871038022,인천광역시,2026-01-13 13:17:12.923236,2026-01-13 13:17:12.92324,f
11471,북성리,2871038023,인천광역시,2026-01-13 13:17:12.928219,2026-01-13 13:17:12.928222,f
11472,교산리,2871038024,인천광역시,2026-01-13 13:17:12.934274,2026-01-13 13:17:12.93428,f
11473,인화리,2871038025,인천광역시,2026-01-13 13:17:12.94147,2026-01-13 13:17:12.941472,f
11474,송해면,2871039000,인천광역시,2026-01-13 13:17:12.945817,2026-01-13 13:17:12.94582,f
11475,솔정리,2871039021,인천광역시,2026-01-13 13:17:12.951269,2026-01-13 13:17:12.95127,f
11476,신당리,2871039022,인천광역시,2026-01-13 13:17:12.957131,2026-01-13 13:17:12.957134,f
11477,숭뢰리,2871039023,인천광역시,2026-01-13 13:17:12.96115,2026-01-13 13:17:12.961153,f
11478,당산리,2871039024,인천광역시,2026-01-13 13:17:12.966702,2026-01-13 13:17:12.966705,f
11479,상도리,2871039025,인천광역시,2026-01-13 13:17:12.974777,2026-01-13 13:17:12.974782,f
11480,하도리,2871039026,인천광역시,2026-01-13 13:17:12.980943,2026-01-13 13:17:12.980946,f
11481,양오리,2871039027,인천광역시,2026-01-13 13:17:12.986357,2026-01-13 13:17:12.986358,f
11482,교동면,2871040000,인천광역시,2026-01-13 13:17:12.992076,2026-01-13 13:17:12.992078,f
11483,대룡리,2871040021,인천광역시,2026-01-13 13:17:13.002557,2026-01-13 13:17:13.00256,f
11484,읍내리,2871040022,인천광역시,2026-01-13 13:17:13.007684,2026-01-13 13:17:13.007687,f
11485,상용리,2871040023,인천광역시,2026-01-13 13:17:13.012316,2026-01-13 13:17:13.012318,f
11486,봉소리,2871040024,인천광역시,2026-01-13 13:17:13.020828,2026-01-13 13:17:13.020831,f
11487,고구리,2871040025,인천광역시,2026-01-13 13:17:13.02644,2026-01-13 13:17:13.026442,f
11488,삼선리,2871040026,인천광역시,2026-01-13 13:17:13.030629,2026-01-13 13:17:13.030631,f
11489,인사리,2871040027,인천광역시,2026-01-13 13:17:13.034669,2026-01-13 13:17:13.034671,f
11490,난정리,2871040028,인천광역시,2026-01-13 13:17:13.039582,2026-01-13 13:17:13.039584,f
11491,양갑리,2871040029,인천광역시,2026-01-13 13:17:13.043826,2026-01-13 13:17:13.043828,f
11492,동산리,2871040030,인천광역시,2026-01-13 13:17:13.047888,2026-01-13 13:17:13.047891,f
11493,서한리,2871040031,인천광역시,2026-01-13 13:17:13.055561,2026-01-13 13:17:13.055563,f
11494,무학리,2871040032,인천광역시,2026-01-13 13:17:13.059821,2026-01-13 13:17:13.059823,f
11495,지석리,2871040033,인천광역시,2026-01-13 13:17:13.065358,2026-01-13 13:17:13.06536,f
11496,삼산면,2871041000,인천광역시,2026-01-13 13:17:13.069182,2026-01-13 13:17:13.069184,f
11497,석모리,2871041021,인천광역시,2026-01-13 13:17:13.072825,2026-01-13 13:17:13.072827,f
11498,상리,2871041022,인천광역시,2026-01-13 13:17:13.077249,2026-01-13 13:17:13.077251,f
11499,하리,2871041023,인천광역시,2026-01-13 13:17:13.081531,2026-01-13 13:17:13.081533,f
11500,석포리,2871041024,인천광역시,2026-01-13 13:17:13.089959,2026-01-13 13:17:13.089961,f
11501,매음리,2871041025,인천광역시,2026-01-13 13:17:13.096508,2026-01-13 13:17:13.096511,f
11502,서검리,2871041026,인천광역시,2026-01-13 13:17:13.100947,2026-01-13 13:17:13.100949,f
11503,미법리,2871041027,인천광역시,2026-01-13 13:17:13.105383,2026-01-13 13:17:13.105386,f
11504,서도면,2871042000,인천광역시,2026-01-13 13:17:13.111687,2026-01-13 13:17:13.11169,f
11505,주문도리,2871042021,인천광역시,2026-01-13 13:17:13.116364,2026-01-13 13:17:13.116367,f
11506,아차도리,2871042022,인천광역시,2026-01-13 13:17:13.124495,2026-01-13 13:17:13.124497,f
11507,말도리,2871042023,인천광역시,2026-01-13 13:17:13.129694,2026-01-13 13:17:13.129696,f
11508,볼음도리,2871042024,인천광역시,2026-01-13 13:17:13.135726,2026-01-13 13:17:13.135728,f
11509,옹진군,2872000000,인천광역시,2026-01-13 13:17:13.140811,2026-01-13 13:17:13.140814,f
11510,북도면,2872031000,인천광역시,2026-01-13 13:17:13.146088,2026-01-13 13:17:13.14609,f
11511,시도리,2872031021,인천광역시,2026-01-13 13:17:13.151218,2026-01-13 13:17:13.151221,f
11512,신도리,2872031022,인천광역시,2026-01-13 13:17:13.15928,2026-01-13 13:17:13.159282,f
11513,모도리,2872031023,인천광역시,2026-01-13 13:17:13.163938,2026-01-13 13:17:13.16394,f
11514,장봉리,2872031024,인천광역시,2026-01-13 13:17:13.168643,2026-01-13 13:17:13.168646,f
11515,백령면,2872033000,인천광역시,2026-01-13 13:17:13.172586,2026-01-13 13:17:13.172588,f
11516,진촌리,2872033021,인천광역시,2026-01-13 13:17:13.178283,2026-01-13 13:17:13.178285,f
11517,북포리,2872033022,인천광역시,2026-01-13 13:17:13.182614,2026-01-13 13:17:13.182617,f
11518,가을리,2872033023,인천광역시,2026-01-13 13:17:13.186866,2026-01-13 13:17:13.186868,f
11519,연화리,2872033024,인천광역시,2026-01-13 13:17:13.19278,2026-01-13 13:17:13.192783,f
11520,남포리,2872033025,인천광역시,2026-01-13 13:17:13.199017,2026-01-13 13:17:13.19902,f
11521,대청면,2872034000,인천광역시,2026-01-13 13:17:13.205192,2026-01-13 13:17:13.205194,f
11522,대청리,2872034021,인천광역시,2026-01-13 13:17:13.209294,2026-01-13 13:17:13.209296,f
11523,소청리,2872034022,인천광역시,2026-01-13 13:17:13.214496,2026-01-13 13:17:13.2145,f
11524,덕적면,2872035000,인천광역시,2026-01-13 13:17:13.229044,2026-01-13 13:17:13.229048,f
11525,북리,2872035021,인천광역시,2026-01-13 13:17:13.238782,2026-01-13 13:17:13.238788,f
11526,진리,2872035022,인천광역시,2026-01-13 13:17:13.243998,2026-01-13 13:17:13.244,f
11527,서포리,2872035023,인천광역시,2026-01-13 13:17:13.248343,2026-01-13 13:17:13.248345,f
11528,소야리,2872035024,인천광역시,2026-01-13 13:17:13.252045,2026-01-13 13:17:13.252047,f
11529,울도리,2872035025,인천광역시,2026-01-13 13:17:13.258976,2026-01-13 13:17:13.258978,f
11530,백아리,2872035026,인천광역시,2026-01-13 13:17:13.264299,2026-01-13 13:17:13.264302,f
11531,문갑리,2872035027,인천광역시,2026-01-13 13:17:13.268679,2026-01-13 13:17:13.268682,f
11532,굴업리,2872035028,인천광역시,2026-01-13 13:17:13.272642,2026-01-13 13:17:13.272643,f
11533,영흥면,2872036000,인천광역시,2026-01-13 13:17:13.276974,2026-01-13 13:17:13.276979,f
11534,외리,2872036021,인천광역시,2026-01-13 13:17:13.282266,2026-01-13 13:17:13.282267,f
11535,내리,2872036022,인천광역시,2026-01-13 13:17:13.286131,2026-01-13 13:17:13.286132,f
11536,선재리,2872036023,인천광역시,2026-01-13 13:17:13.29114,2026-01-13 13:17:13.291143,f
11537,자월면,2872037000,인천광역시,2026-01-13 13:17:13.296136,2026-01-13 13:17:13.296143,f
11538,자월리,2872037021,인천광역시,2026-01-13 13:17:13.301565,2026-01-13 13:17:13.301567,f
11539,이작리,2872037022,인천광역시,2026-01-13 13:17:13.305512,2026-01-13 13:17:13.305515,f
11540,승봉리,2872037023,인천광역시,2026-01-13 13:17:13.309051,2026-01-13 13:17:13.309052,f
11541,연평면,2872038000,인천광역시,2026-01-13 13:17:13.312679,2026-01-13 13:17:13.312681,f
11542,연평리,2872038021,인천광역시,2026-01-13 13:17:13.318344,2026-01-13 13:17:13.318348,f
11543,유달동,4611013200,전라남도,2026-01-13 13:17:13.324197,2026-01-13 13:17:13.324202,f
11544,대의동1가,4611013300,전라남도,2026-01-13 13:17:13.32928,2026-01-13 13:17:13.329282,f
11545,대의동2가,4611013400,전라남도,2026-01-13 13:17:13.335783,2026-01-13 13:17:13.335785,f
11546,보광동1가,4611012900,전라남도,2026-01-13 13:17:13.340952,2026-01-13 13:17:13.340954,f
11547,보광동2가,4611013000,전라남도,2026-01-13 13:17:13.344898,2026-01-13 13:17:13.344901,f
11548,보광동3가,4611013100,전라남도,2026-01-13 13:17:13.350379,2026-01-13 13:17:13.350381,f
11549,축복동2가,4611012700,전라남도,2026-01-13 13:17:13.354818,2026-01-13 13:17:13.354822,f
11550,축복동3가,4611012800,전라남도,2026-01-13 13:17:13.361675,2026-01-13 13:17:13.361679,f
11551,행복동1가,4611012400,전라남도,2026-01-13 13:17:13.367066,2026-01-13 13:17:13.367068,f
11552,행복동2가,4611012500,전라남도,2026-01-13 13:17:13.371459,2026-01-13 13:17:13.371462,f
11553,축복동1가,4611012600,전라남도,2026-01-13 13:17:13.375651,2026-01-13 13:17:13.375652,f
11554,광동3가,4611012100,전라남도,2026-01-13 13:17:13.381099,2026-01-13 13:17:13.381101,f
11555,영해동1가,4611012200,전라남도,2026-01-13 13:17:13.385571,2026-01-13 13:17:13.385573,f
11556,영해동2가,4611012300,전라남도,2026-01-13 13:17:13.389711,2026-01-13 13:17:13.389714,f
11557,동명동,4611011800,전라남도,2026-01-13 13:17:13.394012,2026-01-13 13:17:13.394013,f
11558,광동1가,4611011900,전라남도,2026-01-13 13:17:13.397855,2026-01-13 13:17:13.397857,f
11559,광동2가,4611012000,전라남도,2026-01-13 13:17:13.402079,2026-01-13 13:17:13.402081,f
11560,상락동1가,4611011500,전라남도,2026-01-13 13:17:13.406003,2026-01-13 13:17:13.406005,f
11561,상락동2가,4611011600,전라남도,2026-01-13 13:17:13.40968,2026-01-13 13:17:13.409683,f
11562,복만동,4611011700,전라남도,2026-01-13 13:17:13.414244,2026-01-13 13:17:13.414246,f
11563,죽동,4611011200,전라남도,2026-01-13 13:17:13.419103,2026-01-13 13:17:13.419105,f
11564,무안동,4611011300,전라남도,2026-01-13 13:17:13.423198,2026-01-13 13:17:13.423203,f
11565,측후동,4611011400,전라남도,2026-01-13 13:17:13.427853,2026-01-13 13:17:13.427855,f
11566,대안동,4611010900,전라남도,2026-01-13 13:17:13.431557,2026-01-13 13:17:13.431558,f
11567,창평동,4611011000,전라남도,2026-01-13 13:17:13.435521,2026-01-13 13:17:13.435524,f
11568,명륜동,4611011100,전라남도,2026-01-13 13:17:13.439873,2026-01-13 13:17:13.439875,f
11569,호남동,4611010800,전라남도,2026-01-13 13:17:13.443693,2026-01-13 13:17:13.443695,f
11570,제월리,4672038028,전라남도,2026-01-13 13:17:13.447888,2026-01-13 13:17:13.447891,f
11571,창정리,4672038029,전라남도,2026-01-13 13:17:13.451695,2026-01-13 13:17:13.451697,f
11572,만수리,4672038025,전라남도,2026-01-13 13:17:13.456111,2026-01-13 13:17:13.456113,f
11573,금산리,4672038026,전라남도,2026-01-13 13:17:13.460256,2026-01-13 13:17:13.460259,f
11574,서봉리,4672038027,전라남도,2026-01-13 13:17:13.464163,2026-01-13 13:17:13.464165,f
11575,대장리,4672038023,전라남도,2026-01-13 13:17:13.468138,2026-01-13 13:17:13.46814,f
11576,약천리,4672038024,전라남도,2026-01-13 13:17:13.472136,2026-01-13 13:17:13.472137,f
11577,전라남도,4600000000,전라남도,2026-01-13 13:17:13.476313,2026-01-13 13:17:13.476318,f
11578,입면,4672038000,전라남도,2026-01-13 13:17:13.482083,2026-01-13 13:17:13.482087,f
11579,매월리,4672038021,전라남도,2026-01-13 13:17:13.486694,2026-01-13 13:17:13.486697,f
11580,흑석리,4672038022,전라남도,2026-01-13 13:17:13.49286,2026-01-13 13:17:13.492868,f
11581,소룡리,4672037029,전라남도,2026-01-13 13:17:13.497824,2026-01-13 13:17:13.497827,f
11582,합강리,4672037030,전라남도,2026-01-13 13:17:13.5023,2026-01-13 13:17:13.502302,f
11583,황산리,4672037031,전라남도,2026-01-13 13:17:13.506417,2026-01-13 13:17:13.506419,f
11584,주산리,4672037027,전라남도,2026-01-13 13:17:13.510645,2026-01-13 13:17:13.510648,f
11585,수리,4672037028,전라남도,2026-01-13 13:17:13.51542,2026-01-13 13:17:13.515422,f
11586,이만리,4679033028,전라남도,2026-01-13 13:17:13.52003,2026-01-13 13:17:13.520033,f
11587,율사리,4672037025,전라남도,2026-01-13 13:17:13.524364,2026-01-13 13:17:13.524366,f
11588,무창리,4672037026,전라남도,2026-01-13 13:17:13.528183,2026-01-13 13:17:13.528185,f
11589,리문리,4672037023,전라남도,2026-01-13 13:17:13.53331,2026-01-13 13:17:13.533314,f
11590,설옥리,4672037024,전라남도,2026-01-13 13:17:13.537555,2026-01-13 13:17:13.537557,f
11591,옥과리,4672037021,전라남도,2026-01-13 13:17:13.541371,2026-01-13 13:17:13.541373,f
11592,죽림리,4672037022,전라남도,2026-01-13 13:17:13.546171,2026-01-13 13:17:13.546174,f
11593,두가리,4672036027,전라남도,2026-01-13 13:17:13.550904,2026-01-13 13:17:13.550907,f
11594,옥과면,4672037000,전라남도,2026-01-13 13:17:13.555866,2026-01-13 13:17:13.555869,f
11595,목포시,4611000000,전라남도,2026-01-13 13:17:13.560238,2026-01-13 13:17:13.560241,f
11596,용당동,4611010100,전라남도,2026-01-13 13:17:13.564368,2026-01-13 13:17:13.56437,f
11597,산정동,4611010200,전라남도,2026-01-13 13:17:13.568399,2026-01-13 13:17:13.568401,f
11598,연산동,4611010300,전라남도,2026-01-13 13:17:13.573507,2026-01-13 13:17:13.573513,f
11599,대성동,4611010400,전라남도,2026-01-13 13:17:13.58013,2026-01-13 13:17:13.580134,f
11600,양동,4611010500,전라남도,2026-01-13 13:17:13.585501,2026-01-13 13:17:13.585504,f
11601,북교동,4611010600,전라남도,2026-01-13 13:17:13.590951,2026-01-13 13:17:13.590954,f
11602,남교동,4611010700,전라남도,2026-01-13 13:17:13.599148,2026-01-13 13:17:13.599152,f
11603,대의동3가,4611013500,전라남도,2026-01-13 13:17:13.608176,2026-01-13 13:17:13.60818,f
11604,중앙동1가,4611013600,전라남도,2026-01-13 13:17:13.613898,2026-01-13 13:17:13.6139,f
11605,중앙동2가,4611013700,전라남도,2026-01-13 13:17:13.618751,2026-01-13 13:17:13.618753,f
11606,중앙동3가,4611013800,전라남도,2026-01-13 13:17:13.627676,2026-01-13 13:17:13.627678,f
11607,만호동,4611013900,전라남도,2026-01-13 13:17:13.632175,2026-01-13 13:17:13.632177,f
11608,수강동1가,4611014000,전라남도,2026-01-13 13:17:13.636847,2026-01-13 13:17:13.636851,f
11609,수강동2가,4611014100,전라남도,2026-01-13 13:17:13.641806,2026-01-13 13:17:13.641809,f
11610,해안동1가,4611014200,전라남도,2026-01-13 13:17:13.646887,2026-01-13 13:17:13.64689,f
11611,해안동2가,4611014300,전라남도,2026-01-13 13:17:13.651312,2026-01-13 13:17:13.651314,f
11612,해안동3가,4611014400,전라남도,2026-01-13 13:17:13.656013,2026-01-13 13:17:13.656019,f
11613,해안동4가,4611014500,전라남도,2026-01-13 13:17:13.660935,2026-01-13 13:17:13.660938,f
11614,항동,4611014600,전라남도,2026-01-13 13:17:13.66503,2026-01-13 13:17:13.665032,f
11615,중동1가,4611014700,전라남도,2026-01-13 13:17:13.669205,2026-01-13 13:17:13.669207,f
11616,중동2가,4611014800,전라남도,2026-01-13 13:17:13.673105,2026-01-13 13:17:13.673107,f
11617,유동,4611014900,전라남도,2026-01-13 13:17:13.677986,2026-01-13 13:17:13.677991,f
11618,금동1가,4611015000,전라남도,2026-01-13 13:17:13.683731,2026-01-13 13:17:13.683739,f
11619,금동2가,4611015100,전라남도,2026-01-13 13:17:13.687649,2026-01-13 13:17:13.687652,f
11620,경동1가,4611015200,전라남도,2026-01-13 13:17:13.693078,2026-01-13 13:17:13.69308,f
11621,경동2가,4611015300,전라남도,2026-01-13 13:17:13.697855,2026-01-13 13:17:13.697859,f
11622,서산동,4611015400,전라남도,2026-01-13 13:17:13.70235,2026-01-13 13:17:13.702352,f
11623,금화동,4611015500,전라남도,2026-01-13 13:17:13.706548,2026-01-13 13:17:13.70655,f
11624,온금동,4611015600,전라남도,2026-01-13 13:17:13.710206,2026-01-13 13:17:13.710207,f
11625,죽교동,4611015700,전라남도,2026-01-13 13:17:13.715122,2026-01-13 13:17:13.715124,f
11626,상동,4611015800,전라남도,2026-01-13 13:17:13.719581,2026-01-13 13:17:13.719583,f
11627,용해동,4611015900,전라남도,2026-01-13 13:17:13.724872,2026-01-13 13:17:13.724876,f
11628,석현동,4611016000,전라남도,2026-01-13 13:17:13.729586,2026-01-13 13:17:13.729588,f
11629,달동,4611016100,전라남도,2026-01-13 13:17:13.735807,2026-01-13 13:17:13.735811,f
11630,율도동,4611016200,전라남도,2026-01-13 13:17:13.740757,2026-01-13 13:17:13.74076,f
11631,대양동,4611016300,전라남도,2026-01-13 13:17:13.74511,2026-01-13 13:17:13.745112,f
11632,옥암동,4611016400,전라남도,2026-01-13 13:17:13.749632,2026-01-13 13:17:13.749633,f
11633,고달리,4672036025,전라남도,2026-01-13 13:17:13.753729,2026-01-13 13:17:13.753731,f
11634,호곡리,4672036026,전라남도,2026-01-13 13:17:13.759126,2026-01-13 13:17:13.759129,f
11635,여수시,4613000000,전라남도,2026-01-13 13:17:13.763312,2026-01-13 13:17:13.763314,f
11636,종화동,4613010100,전라남도,2026-01-13 13:17:13.767721,2026-01-13 13:17:13.767723,f
11637,수정동,4613010200,전라남도,2026-01-13 13:17:13.772415,2026-01-13 13:17:13.772418,f
11638,공화동,4613010300,전라남도,2026-01-13 13:17:13.776658,2026-01-13 13:17:13.77666,f
11639,관문동,4613010400,전라남도,2026-01-13 13:17:13.781142,2026-01-13 13:17:13.781144,f
11640,고소동,4613010500,전라남도,2026-01-13 13:17:13.785067,2026-01-13 13:17:13.785069,f
11641,동산동,4613010600,전라남도,2026-01-13 13:17:13.789302,2026-01-13 13:17:13.789305,f
11642,중앙동,4613010700,전라남도,2026-01-13 13:17:13.793613,2026-01-13 13:17:13.793615,f
11643,교동,4613010800,전라남도,2026-01-13 13:17:13.797811,2026-01-13 13:17:13.797813,f
11644,군자동,4613010900,전라남도,2026-01-13 13:17:13.801501,2026-01-13 13:17:13.801504,f
11645,충무동,4613011000,전라남도,2026-01-13 13:17:13.805917,2026-01-13 13:17:13.80592,f
11646,연등동,4613011100,전라남도,2026-01-13 13:17:13.810856,2026-01-13 13:17:13.810859,f
11647,광무동,4613011200,전라남도,2026-01-13 13:17:13.815963,2026-01-13 13:17:13.815965,f
11648,서교동,4613011300,전라남도,2026-01-13 13:17:13.819966,2026-01-13 13:17:13.819968,f
11649,봉강동,4613011400,전라남도,2026-01-13 13:17:13.824174,2026-01-13 13:17:13.824176,f
11650,봉산동,4613011500,전라남도,2026-01-13 13:17:13.828051,2026-01-13 13:17:13.828053,f
11651,남산동,4613011600,전라남도,2026-01-13 13:17:13.831982,2026-01-13 13:17:13.831984,f
11652,국동,4613011700,전라남도,2026-01-13 13:17:13.841588,2026-01-13 13:17:13.841593,f
11653,신월동,4613011800,전라남도,2026-01-13 13:17:13.849399,2026-01-13 13:17:13.849401,f
11654,여서동,4613011900,전라남도,2026-01-13 13:17:13.856283,2026-01-13 13:17:13.856286,f
11655,문수동,4613012000,전라남도,2026-01-13 13:17:13.861493,2026-01-13 13:17:13.861497,f
11656,오림동,4613012100,전라남도,2026-01-13 13:17:13.866852,2026-01-13 13:17:13.866854,f
11657,미평동,4613012200,전라남도,2026-01-13 13:17:13.870687,2026-01-13 13:17:13.87069,f
11658,둔덕동,4613012300,전라남도,2026-01-13 13:17:13.875063,2026-01-13 13:17:13.875066,f
11659,오천동,4613012400,전라남도,2026-01-13 13:17:13.879991,2026-01-13 13:17:13.879993,f
11660,만흥동,4613012500,전라남도,2026-01-13 13:17:13.884313,2026-01-13 13:17:13.884314,f
11661,덕충동,4613012600,전라남도,2026-01-13 13:17:13.888419,2026-01-13 13:17:13.888437,f
11662,경호동,4613012700,전라남도,2026-01-13 13:17:13.894467,2026-01-13 13:17:13.894469,f
11663,학동,4613012800,전라남도,2026-01-13 13:17:13.899169,2026-01-13 13:17:13.899171,f
11664,학용동,4613012900,전라남도,2026-01-13 13:17:13.903041,2026-01-13 13:17:13.903043,f
11665,안산동,4613013000,전라남도,2026-01-13 13:17:13.906841,2026-01-13 13:17:13.906843,f
11666,소호동,4613013100,전라남도,2026-01-13 13:17:13.910704,2026-01-13 13:17:13.910705,f
11667,시전동,4613013200,전라남도,2026-01-13 13:17:13.914514,2026-01-13 13:17:13.914517,f
11668,신기동,4613013300,전라남도,2026-01-13 13:17:13.918708,2026-01-13 13:17:13.91871,f
11669,웅천동,4613013400,전라남도,2026-01-13 13:17:13.922561,2026-01-13 13:17:13.922562,f
11670,선원동,4613013500,전라남도,2026-01-13 13:17:13.926687,2026-01-13 13:17:13.926689,f
11671,여천동,4613013600,전라남도,2026-01-13 13:17:13.930909,2026-01-13 13:17:13.930911,f
11672,화장동,4613013700,전라남도,2026-01-13 13:17:13.936088,2026-01-13 13:17:13.93609,f
11673,주삼동,4613013800,전라남도,2026-01-13 13:17:13.940023,2026-01-13 13:17:13.940026,f
11674,봉계동,4613013900,전라남도,2026-01-13 13:17:13.94387,2026-01-13 13:17:13.943873,f
11675,해산동,4613014000,전라남도,2026-01-13 13:17:13.947879,2026-01-13 13:17:13.947881,f
11676,화치동,4613014100,전라남도,2026-01-13 13:17:13.951744,2026-01-13 13:17:13.951746,f
11677,월하동,4613014200,전라남도,2026-01-13 13:17:13.956236,2026-01-13 13:17:13.956238,f
11678,평여동,4613014300,전라남도,2026-01-13 13:17:13.960749,2026-01-13 13:17:13.960752,f
11679,중흥동,4613014400,전라남도,2026-01-13 13:17:13.96453,2026-01-13 13:17:13.964532,f
11680,적량동,4613014500,전라남도,2026-01-13 13:17:13.968515,2026-01-13 13:17:13.968517,f
11681,월내동,4613014600,전라남도,2026-01-13 13:17:13.97256,2026-01-13 13:17:13.972562,f
11682,묘도동,4613014700,전라남도,2026-01-13 13:17:13.9767,2026-01-13 13:17:13.976704,f
11683,낙포동,4613014800,전라남도,2026-01-13 13:17:13.981333,2026-01-13 13:17:13.981335,f
11684,신덕동,4613014900,전라남도,2026-01-13 13:17:13.985116,2026-01-13 13:17:13.985118,f
11685,상암동,4613015000,전라남도,2026-01-13 13:17:13.989179,2026-01-13 13:17:13.989182,f
11686,호명동,4613015100,전라남도,2026-01-13 13:17:13.993602,2026-01-13 13:17:13.993606,f
11687,돌산읍,4613025000,전라남도,2026-01-13 13:17:13.998458,2026-01-13 13:17:13.99846,f
11688,군내리,4613025021,전라남도,2026-01-13 13:17:14.002938,2026-01-13 13:17:14.00294,f
11689,신복리,4613025022,전라남도,2026-01-13 13:17:14.007055,2026-01-13 13:17:14.007057,f
11690,금성리,4613025023,전라남도,2026-01-13 13:17:14.011301,2026-01-13 13:17:14.011303,f
11691,율림리,4613025024,전라남도,2026-01-13 13:17:14.016636,2026-01-13 13:17:14.016639,f
11692,죽포리,4613025025,전라남도,2026-01-13 13:17:14.020784,2026-01-13 13:17:14.020786,f
11693,서덕리,4613025026,전라남도,2026-01-13 13:17:14.025386,2026-01-13 13:17:14.025388,f
11694,금봉리,4613025027,전라남도,2026-01-13 13:17:14.030166,2026-01-13 13:17:14.030168,f
11695,둔전리,4613025028,전라남도,2026-01-13 13:17:14.034313,2026-01-13 13:17:14.034315,f
11696,뇌죽리,4672036022,전라남도,2026-01-13 13:17:14.039676,2026-01-13 13:17:14.039678,f
11697,대사리,4672036023,전라남도,2026-01-13 13:17:14.043766,2026-01-13 13:17:14.043769,f
11698,백곡리,4672036024,전라남도,2026-01-13 13:17:14.048043,2026-01-13 13:17:14.048045,f
11699,평사리,4613025029,전라남도,2026-01-13 13:17:14.052355,2026-01-13 13:17:14.052358,f
11700,우두리,4613025030,전라남도,2026-01-13 13:17:14.05672,2026-01-13 13:17:14.056723,f
11701,소라면,4613031000,전라남도,2026-01-13 13:17:14.060216,2026-01-13 13:17:14.060218,f
11702,덕양리,4613031021,전라남도,2026-01-13 13:17:14.064226,2026-01-13 13:17:14.064228,f
11703,죽림리,4613031022,전라남도,2026-01-13 13:17:14.068213,2026-01-13 13:17:14.068215,f
11704,관기리,4613031023,전라남도,2026-01-13 13:17:14.072023,2026-01-13 13:17:14.072025,f
11705,현천리,4613031024,전라남도,2026-01-13 13:17:14.076957,2026-01-13 13:17:14.07696,f
11706,복산리,4613031025,전라남도,2026-01-13 13:17:14.081179,2026-01-13 13:17:14.081181,f
11707,사곡리,4613031026,전라남도,2026-01-13 13:17:14.085137,2026-01-13 13:17:14.085145,f
11708,봉두리,4613031027,전라남도,2026-01-13 13:17:14.089496,2026-01-13 13:17:14.089499,f
11709,대포리,4613031028,전라남도,2026-01-13 13:17:14.09379,2026-01-13 13:17:14.093792,f
11710,율촌면,4613032000,전라남도,2026-01-13 13:17:14.098417,2026-01-13 13:17:14.09842,f
11711,조화리,4613032021,전라남도,2026-01-13 13:17:14.102139,2026-01-13 13:17:14.10214,f
11712,월산리,4613032022,전라남도,2026-01-13 13:17:14.106414,2026-01-13 13:17:14.106416,f
11713,산수리,4613032023,전라남도,2026-01-13 13:17:14.110241,2026-01-13 13:17:14.110242,f
11714,가장리,4613032024,전라남도,2026-01-13 13:17:14.114045,2026-01-13 13:17:14.114047,f
11715,봉전리,4613032025,전라남도,2026-01-13 13:17:14.11829,2026-01-13 13:17:14.118293,f
11716,반월리,4613032026,전라남도,2026-01-13 13:17:14.12221,2026-01-13 13:17:14.122212,f
11717,취적리,4613032027,전라남도,2026-01-13 13:17:14.12585,2026-01-13 13:17:14.125852,f
11718,신풍리,4613032028,전라남도,2026-01-13 13:17:14.130542,2026-01-13 13:17:14.130544,f
11719,상봉리,4613032029,전라남도,2026-01-13 13:17:14.135012,2026-01-13 13:17:14.135014,f
11720,여동리,4613032030,전라남도,2026-01-13 13:17:14.13963,2026-01-13 13:17:14.139633,f
11721,화양면,4613033000,전라남도,2026-01-13 13:17:14.143557,2026-01-13 13:17:14.143559,f
11722,나진리,4613033021,전라남도,2026-01-13 13:17:14.147335,2026-01-13 13:17:14.147336,f
11723,용주리,4613033022,전라남도,2026-01-13 13:17:14.151116,2026-01-13 13:17:14.151118,f
11724,창무리,4613033023,전라남도,2026-01-13 13:17:14.154711,2026-01-13 13:17:14.154713,f
11725,이천리,4613033024,전라남도,2026-01-13 13:17:14.158805,2026-01-13 13:17:14.158806,f
11726,옥적리,4613033025,전라남도,2026-01-13 13:17:14.162783,2026-01-13 13:17:14.162785,f
11727,화동리,4613033026,전라남도,2026-01-13 13:17:14.166895,2026-01-13 13:17:14.166899,f
11728,서촌리,4613033027,전라남도,2026-01-13 13:17:14.171372,2026-01-13 13:17:14.171374,f
11729,이목리,4613033028,전라남도,2026-01-13 13:17:14.176215,2026-01-13 13:17:14.176217,f
11730,장수리,4613033029,전라남도,2026-01-13 13:17:14.180167,2026-01-13 13:17:14.180169,f
11731,안포리,4613033030,전라남도,2026-01-13 13:17:14.184916,2026-01-13 13:17:14.184918,f
11732,남면,4613034000,전라남도,2026-01-13 13:17:14.188738,2026-01-13 13:17:14.18874,f
11733,우학리,4613034021,전라남도,2026-01-13 13:17:14.192555,2026-01-13 13:17:14.192556,f
11734,심장리,4613034022,전라남도,2026-01-13 13:17:14.198008,2026-01-13 13:17:14.198013,f
11735,두모리,4613034023,전라남도,2026-01-13 13:17:14.202393,2026-01-13 13:17:14.202396,f
11736,유송리,4613034024,전라남도,2026-01-13 13:17:14.206532,2026-01-13 13:17:14.206535,f
11737,안도리,4613034025,전라남도,2026-01-13 13:17:14.210675,2026-01-13 13:17:14.210677,f
11738,연도리,4613034026,전라남도,2026-01-13 13:17:14.214891,2026-01-13 13:17:14.214894,f
11739,두라리,4613034027,전라남도,2026-01-13 13:17:14.219155,2026-01-13 13:17:14.219157,f
11740,화태리,4613034028,전라남도,2026-01-13 13:17:14.222873,2026-01-13 13:17:14.222875,f
11741,횡간리,4613034029,전라남도,2026-01-13 13:17:14.226596,2026-01-13 13:17:14.226599,f
11742,화정면,4613035000,전라남도,2026-01-13 13:17:14.230371,2026-01-13 13:17:14.230372,f
11743,백야리,4613035021,전라남도,2026-01-13 13:17:14.234035,2026-01-13 13:17:14.234038,f
11744,월호리,4613035022,전라남도,2026-01-13 13:17:14.239041,2026-01-13 13:17:14.239043,f
11745,개도리,4613035023,전라남도,2026-01-13 13:17:14.243087,2026-01-13 13:17:14.243089,f
11746,제도리,4613035024,전라남도,2026-01-13 13:17:14.246908,2026-01-13 13:17:14.24691,f
11747,상화리,4613035025,전라남도,2026-01-13 13:17:14.251837,2026-01-13 13:17:14.25184,f
11748,하화리,4613035026,전라남도,2026-01-13 13:17:14.257013,2026-01-13 13:17:14.257015,f
11749,낭도리,4613035027,전라남도,2026-01-13 13:17:14.261402,2026-01-13 13:17:14.261405,f
11750,조발리,4613035028,전라남도,2026-01-13 13:17:14.265212,2026-01-13 13:17:14.265214,f
11751,적금리,4613035029,전라남도,2026-01-13 13:17:14.26883,2026-01-13 13:17:14.268832,f
11752,여자리,4613035030,전라남도,2026-01-13 13:17:14.272664,2026-01-13 13:17:14.272666,f
11753,삼산면,4613036000,전라남도,2026-01-13 13:17:14.276505,2026-01-13 13:17:14.276507,f
11754,거문리,4613036021,전라남도,2026-01-13 13:17:14.280783,2026-01-13 13:17:14.280784,f
11755,덕촌리,4613036022,전라남도,2026-01-13 13:17:14.285104,2026-01-13 13:17:14.285108,f
11756,서도리,4613036023,전라남도,2026-01-13 13:17:14.289892,2026-01-13 13:17:14.289893,f
11757,동도리,4613036024,전라남도,2026-01-13 13:17:14.293902,2026-01-13 13:17:14.293906,f
11758,초도리,4613036025,전라남도,2026-01-13 13:17:14.299054,2026-01-13 13:17:14.299056,f
11759,손죽리,4613036026,전라남도,2026-01-13 13:17:14.303153,2026-01-13 13:17:14.303155,f
11760,순천시,4615000000,전라남도,2026-01-13 13:17:14.307505,2026-01-13 13:17:14.307509,f
11761,삼거동,4615010100,전라남도,2026-01-13 13:17:14.311403,2026-01-13 13:17:14.311405,f
11762,와룡동,4615010200,전라남도,2026-01-13 13:17:14.315126,2026-01-13 13:17:14.315128,f
11763,영동,4615010300,전라남도,2026-01-13 13:17:14.320442,2026-01-13 13:17:14.320445,f
11764,옥천동,4615010400,전라남도,2026-01-13 13:17:14.324892,2026-01-13 13:17:14.324894,f
11765,행동,4615010500,전라남도,2026-01-13 13:17:14.329259,2026-01-13 13:17:14.329262,f
11766,금곡동,4615010600,전라남도,2026-01-13 13:17:14.333688,2026-01-13 13:17:14.333689,f
11767,매곡동,4615010700,전라남도,2026-01-13 13:17:14.33779,2026-01-13 13:17:14.337792,f
11768,하한리,4672035034,전라남도,2026-01-13 13:17:14.341972,2026-01-13 13:17:14.341973,f
11769,고달면,4672036000,전라남도,2026-01-13 13:17:14.346253,2026-01-13 13:17:14.346255,f
11770,목동리,4672036021,전라남도,2026-01-13 13:17:14.3505,2026-01-13 13:17:14.350503,f
11771,석현동,4615010800,전라남도,2026-01-13 13:17:14.354746,2026-01-13 13:17:14.354748,f
11772,가곡동,4615010900,전라남도,2026-01-13 13:17:14.362619,2026-01-13 13:17:14.362621,f
11773,용당동,4615011000,전라남도,2026-01-13 13:17:14.367865,2026-01-13 13:17:14.367869,f
11774,조곡동,4615011100,전라남도,2026-01-13 13:17:14.376706,2026-01-13 13:17:14.376714,f
11775,생목동,4615011200,전라남도,2026-01-13 13:17:14.387466,2026-01-13 13:17:14.387474,f
11776,덕암동,4615011300,전라남도,2026-01-13 13:17:14.394308,2026-01-13 13:17:14.39431,f
11777,연향동,4615011400,전라남도,2026-01-13 13:17:14.39904,2026-01-13 13:17:14.399043,f
11778,풍덕동,4615011500,전라남도,2026-01-13 13:17:14.40341,2026-01-13 13:17:14.403412,f
11779,남정동,4615011600,전라남도,2026-01-13 13:17:14.407932,2026-01-13 13:17:14.407935,f
11780,인제동,4615011700,전라남도,2026-01-13 13:17:14.412008,2026-01-13 13:17:14.41201,f
11781,저전동,4615011800,전라남도,2026-01-13 13:17:14.416247,2026-01-13 13:17:14.416249,f
11782,장천동,4615011900,전라남도,2026-01-13 13:17:14.42129,2026-01-13 13:17:14.421293,f
11783,남내동,4615012000,전라남도,2026-01-13 13:17:14.425362,2026-01-13 13:17:14.425363,f
11784,중앙동,4615012100,전라남도,2026-01-13 13:17:14.42959,2026-01-13 13:17:14.429592,f
11785,동외동,4615012200,전라남도,2026-01-13 13:17:14.433461,2026-01-13 13:17:14.433464,f
11786,교량동,4615012300,전라남도,2026-01-13 13:17:14.437625,2026-01-13 13:17:14.437626,f
11787,대룡동,4615012400,전라남도,2026-01-13 13:17:14.441977,2026-01-13 13:17:14.441981,f
11788,홍내동,4615012500,전라남도,2026-01-13 13:17:14.445944,2026-01-13 13:17:14.445946,f
11789,오천동,4615012600,전라남도,2026-01-13 13:17:14.451695,2026-01-13 13:17:14.4517,f
11790,덕월동,4615012700,전라남도,2026-01-13 13:17:14.461259,2026-01-13 13:17:14.461263,f
11791,야흥동,4615012800,전라남도,2026-01-13 13:17:14.468581,2026-01-13 13:17:14.468585,f
11792,인월동,4615012900,전라남도,2026-01-13 13:17:14.472879,2026-01-13 13:17:14.472882,f
11793,안풍동,4615013000,전라남도,2026-01-13 13:17:14.477397,2026-01-13 13:17:14.4774,f
11794,대대동,4615013100,전라남도,2026-01-13 13:17:14.48218,2026-01-13 13:17:14.482182,f
11795,왕지동,4615013200,전라남도,2026-01-13 13:17:14.486465,2026-01-13 13:17:14.486468,f
11796,조례동,4615013300,전라남도,2026-01-13 13:17:14.492543,2026-01-13 13:17:14.492548,f
11797,승주읍,4615025000,전라남도,2026-01-13 13:17:14.49822,2026-01-13 13:17:14.498225,f
11798,두월리,4615025021,전라남도,2026-01-13 13:17:14.502971,2026-01-13 13:17:14.502974,f
11799,신전리,4615025022,전라남도,2026-01-13 13:17:14.507026,2026-01-13 13:17:14.507028,f
11800,유흥리,4615025023,전라남도,2026-01-13 13:17:14.510637,2026-01-13 13:17:14.510639,f
11801,봉덕리,4615025024,전라남도,2026-01-13 13:17:14.5145,2026-01-13 13:17:14.514503,f
11802,평중리,4615025025,전라남도,2026-01-13 13:17:14.520943,2026-01-13 13:17:14.520947,f
11803,구강리,4615025026,전라남도,2026-01-13 13:17:14.525223,2026-01-13 13:17:14.525225,f
11804,도정리,4615025027,전라남도,2026-01-13 13:17:14.529473,2026-01-13 13:17:14.529475,f
11805,월계리,4615025028,전라남도,2026-01-13 13:17:14.536932,2026-01-13 13:17:14.536935,f
11806,서평리,4615025029,전라남도,2026-01-13 13:17:14.541788,2026-01-13 13:17:14.541792,f
11807,신성리,4615025030,전라남도,2026-01-13 13:17:14.547973,2026-01-13 13:17:14.547975,f
11808,신학리,4615025031,전라남도,2026-01-13 13:17:14.552855,2026-01-13 13:17:14.552857,f
11809,죽학리,4615025032,전라남도,2026-01-13 13:17:14.56038,2026-01-13 13:17:14.560386,f
11810,유평리,4615025033,전라남도,2026-01-13 13:17:14.566814,2026-01-13 13:17:14.566818,f
11811,남강리,4615025034,전라남도,2026-01-13 13:17:14.570953,2026-01-13 13:17:14.570954,f
11812,해룡면,4615031000,전라남도,2026-01-13 13:17:14.574924,2026-01-13 13:17:14.574926,f
11813,복성리,4615031021,전라남도,2026-01-13 13:17:14.579263,2026-01-13 13:17:14.579265,f
11814,신대리,4615031022,전라남도,2026-01-13 13:17:14.584501,2026-01-13 13:17:14.584503,f
11815,상삼리,4615031023,전라남도,2026-01-13 13:17:14.588354,2026-01-13 13:17:14.588358,f
11816,대안리,4615031024,전라남도,2026-01-13 13:17:14.592977,2026-01-13 13:17:14.592979,f
11817,남가리,4615031025,전라남도,2026-01-13 13:17:14.597564,2026-01-13 13:17:14.597567,f
11818,월전리,4615031026,전라남도,2026-01-13 13:17:14.602209,2026-01-13 13:17:14.602213,f
11819,성산리,4615031027,전라남도,2026-01-13 13:17:14.606601,2026-01-13 13:17:14.606603,f
11820,선월리,4615031028,전라남도,2026-01-13 13:17:14.610655,2026-01-13 13:17:14.610657,f
11821,신성리,4615031029,전라남도,2026-01-13 13:17:14.615012,2026-01-13 13:17:14.615015,f
11822,호두리,4615031030,전라남도,2026-01-13 13:17:14.620193,2026-01-13 13:17:14.620195,f
11823,용전리,4615031031,전라남도,2026-01-13 13:17:14.624378,2026-01-13 13:17:14.62438,f
11824,도롱리,4615031032,전라남도,2026-01-13 13:17:14.628509,2026-01-13 13:17:14.628511,f
11825,중흥리,4615031033,전라남도,2026-01-13 13:17:14.632211,2026-01-13 13:17:14.632213,f
11826,해창리,4615031034,전라남도,2026-01-13 13:17:14.636378,2026-01-13 13:17:14.636383,f
11827,선학리,4615031035,전라남도,2026-01-13 13:17:14.642095,2026-01-13 13:17:14.642097,f
11828,농주리,4615031036,전라남도,2026-01-13 13:17:14.647095,2026-01-13 13:17:14.647097,f
11829,상내리,4615031037,전라남도,2026-01-13 13:17:14.651779,2026-01-13 13:17:14.651782,f
11830,하사리,4615031038,전라남도,2026-01-13 13:17:14.656062,2026-01-13 13:17:14.656064,f
11831,서면,4615032000,전라남도,2026-01-13 13:17:14.66069,2026-01-13 13:17:14.660693,f
11832,학구리,4615032021,전라남도,2026-01-13 13:17:14.66466,2026-01-13 13:17:14.664662,f
11833,대구리,4615032022,전라남도,2026-01-13 13:17:14.668689,2026-01-13 13:17:14.668691,f
11834,구만리,4615032023,전라남도,2026-01-13 13:17:14.672505,2026-01-13 13:17:14.672507,f
11835,비월리,4615032024,전라남도,2026-01-13 13:17:14.676764,2026-01-13 13:17:14.676766,f
11836,동산리,4615032025,전라남도,2026-01-13 13:17:14.681515,2026-01-13 13:17:14.681517,f
11837,운평리,4615032026,전라남도,2026-01-13 13:17:14.685694,2026-01-13 13:17:14.685696,f
11838,죽평리,4615032027,전라남도,2026-01-13 13:17:14.69086,2026-01-13 13:17:14.690862,f
11839,선평리,4615032028,전라남도,2026-01-13 13:17:14.69609,2026-01-13 13:17:14.696092,f
11840,압곡리,4615032029,전라남도,2026-01-13 13:17:14.699953,2026-01-13 13:17:14.699954,f
11841,원달리,4672035031,전라남도,2026-01-13 13:17:14.704157,2026-01-13 13:17:14.704159,f
11842,고치리,4672035032,전라남도,2026-01-13 13:17:14.707992,2026-01-13 13:17:14.707994,f
11843,용정리,4672035033,전라남도,2026-01-13 13:17:14.711811,2026-01-13 13:17:14.711813,f
11844,구상리,4615032030,전라남도,2026-01-13 13:17:14.715687,2026-01-13 13:17:14.71569,f
11845,흥대리,4615032031,전라남도,2026-01-13 13:17:14.720264,2026-01-13 13:17:14.720266,f
11846,지본리,4615032032,전라남도,2026-01-13 13:17:14.724685,2026-01-13 13:17:14.724687,f
11847,판교리,4615032033,전라남도,2026-01-13 13:17:14.728211,2026-01-13 13:17:14.728213,f
11848,청소리,4615032034,전라남도,2026-01-13 13:17:14.734232,2026-01-13 13:17:14.734235,f
11849,황전면,4615033000,전라남도,2026-01-13 13:17:14.739291,2026-01-13 13:17:14.739295,f
11850,죽청리,4615033021,전라남도,2026-01-13 13:17:14.743327,2026-01-13 13:17:14.743329,f
11851,평촌리,4615033022,전라남도,2026-01-13 13:17:14.747773,2026-01-13 13:17:14.747774,f
11852,수평리,4615033023,전라남도,2026-01-13 13:17:14.751648,2026-01-13 13:17:14.751649,f
11853,괴목리,4615033024,전라남도,2026-01-13 13:17:14.756208,2026-01-13 13:17:14.75621,f
11854,죽내리,4615033025,전라남도,2026-01-13 13:17:14.760681,2026-01-13 13:17:14.760685,f
11855,황학리,4615033026,전라남도,2026-01-13 13:17:14.76499,2026-01-13 13:17:14.764992,f
11856,월산리,4615033027,전라남도,2026-01-13 13:17:14.769835,2026-01-13 13:17:14.769838,f
11857,내구리,4615033028,전라남도,2026-01-13 13:17:14.774571,2026-01-13 13:17:14.774573,f
11858,봉덕리,4615033029,전라남도,2026-01-13 13:17:14.779565,2026-01-13 13:17:14.779569,f
11859,선변리,4615033030,전라남도,2026-01-13 13:17:14.784496,2026-01-13 13:17:14.784499,f
11860,비촌리,4615033031,전라남도,2026-01-13 13:17:14.790488,2026-01-13 13:17:14.790494,f
11861,금평리,4615033032,전라남도,2026-01-13 13:17:14.796028,2026-01-13 13:17:14.79603,f
11862,대치리,4615033033,전라남도,2026-01-13 13:17:14.800549,2026-01-13 13:17:14.800551,f
11863,모전리,4615033034,전라남도,2026-01-13 13:17:14.805276,2026-01-13 13:17:14.805278,f
11864,회룡리,4615033035,전라남도,2026-01-13 13:17:14.809924,2026-01-13 13:17:14.809926,f
11865,덕림리,4615033036,전라남도,2026-01-13 13:17:14.815497,2026-01-13 13:17:14.815502,f
11866,월등면,4615034000,전라남도,2026-01-13 13:17:14.819751,2026-01-13 13:17:14.819752,f
11867,대평리,4615034021,전라남도,2026-01-13 13:17:14.823898,2026-01-13 13:17:14.8239,f
11868,농선리,4615034022,전라남도,2026-01-13 13:17:14.827505,2026-01-13 13:17:14.827507,f
11869,월용리,4615034023,전라남도,2026-01-13 13:17:14.830991,2026-01-13 13:17:14.830993,f
11870,신월리,4615034024,전라남도,2026-01-13 13:17:14.83524,2026-01-13 13:17:14.835242,f
11871,운월리,4615034025,전라남도,2026-01-13 13:17:14.839921,2026-01-13 13:17:14.839923,f
11872,갈평리,4615034026,전라남도,2026-01-13 13:17:14.843899,2026-01-13 13:17:14.843904,f
11873,송천리,4615034027,전라남도,2026-01-13 13:17:14.84902,2026-01-13 13:17:14.849022,f
11874,망용리,4615034028,전라남도,2026-01-13 13:17:14.854284,2026-01-13 13:17:14.854288,f
11875,계월리,4615034029,전라남도,2026-01-13 13:17:14.859196,2026-01-13 13:17:14.859198,f
11876,월림리,4615034030,전라남도,2026-01-13 13:17:14.863306,2026-01-13 13:17:14.863307,f
11877,주암면,4615035000,전라남도,2026-01-13 13:17:14.867539,2026-01-13 13:17:14.867541,f
11878,행정리,4615035021,전라남도,2026-01-13 13:17:14.871269,2026-01-13 13:17:14.871271,f
11879,갈마리,4615035022,전라남도,2026-01-13 13:17:14.874751,2026-01-13 13:17:14.874753,f
11880,주암리,4615035023,전라남도,2026-01-13 13:17:14.879177,2026-01-13 13:17:14.87918,f
11881,오산리,4615035024,전라남도,2026-01-13 13:17:14.883578,2026-01-13 13:17:14.883581,f
11882,창촌리,4615035025,전라남도,2026-01-13 13:17:14.887954,2026-01-13 13:17:14.887957,f
11883,복다리,4615035026,전라남도,2026-01-13 13:17:14.892207,2026-01-13 13:17:14.892209,f
11884,요곡리,4615035028,전라남도,2026-01-13 13:17:14.897142,2026-01-13 13:17:14.897145,f
11885,구산리,4615035029,전라남도,2026-01-13 13:17:14.901298,2026-01-13 13:17:14.9013,f
11886,죽림리,4615035030,전라남도,2026-01-13 13:17:14.906225,2026-01-13 13:17:14.906228,f
11887,고산리,4615035031,전라남도,2026-01-13 13:17:14.911133,2026-01-13 13:17:14.911136,f
11888,대광리,4615035032,전라남도,2026-01-13 13:17:14.91608,2026-01-13 13:17:14.916083,f
11889,광천리,4615035033,전라남도,2026-01-13 13:17:14.921197,2026-01-13 13:17:14.9212,f
11890,비룡리,4615035034,전라남도,2026-01-13 13:17:14.925418,2026-01-13 13:17:14.925419,f
11891,한곡리,4615035035,전라남도,2026-01-13 13:17:14.929293,2026-01-13 13:17:14.929295,f
11892,어왕리,4615035036,전라남도,2026-01-13 13:17:14.935074,2026-01-13 13:17:14.935077,f
11893,백록리,4615035037,전라남도,2026-01-13 13:17:14.939974,2026-01-13 13:17:14.939976,f
11894,대구리,4615035038,전라남도,2026-01-13 13:17:14.943812,2026-01-13 13:17:14.943814,f
11895,궁각리,4615035039,전라남도,2026-01-13 13:17:14.948142,2026-01-13 13:17:14.948144,f
11896,운룡리,4615035040,전라남도,2026-01-13 13:17:14.952029,2026-01-13 13:17:14.952031,f
11897,문길리,4615035041,전라남도,2026-01-13 13:17:14.956216,2026-01-13 13:17:14.956218,f
11898,송광면,4615036000,전라남도,2026-01-13 13:17:14.960203,2026-01-13 13:17:14.960205,f
11899,오봉리,4615036021,전라남도,2026-01-13 13:17:14.964395,2026-01-13 13:17:14.964397,f
11900,신흥리,4615036022,전라남도,2026-01-13 13:17:14.968849,2026-01-13 13:17:14.968851,f
11901,신평리,4615036023,전라남도,2026-01-13 13:17:14.973032,2026-01-13 13:17:14.973034,f
11902,낙수리,4615036024,전라남도,2026-01-13 13:17:14.977196,2026-01-13 13:17:14.977199,f
11903,삼청리,4615036025,전라남도,2026-01-13 13:17:14.982683,2026-01-13 13:17:14.982686,f
11904,후곡리,4615036026,전라남도,2026-01-13 13:17:14.98676,2026-01-13 13:17:14.986762,f
11905,월산리,4615036027,전라남도,2026-01-13 13:17:14.993095,2026-01-13 13:17:14.9931,f
11906,대곡리,4615036028,전라남도,2026-01-13 13:17:15.000213,2026-01-13 13:17:15.000217,f
11907,우산리,4615036029,전라남도,2026-01-13 13:17:15.006491,2026-01-13 13:17:15.006494,f
11908,덕산리,4615036030,전라남도,2026-01-13 13:17:15.012045,2026-01-13 13:17:15.012047,f
11909,봉산리,4615036031,전라남도,2026-01-13 13:17:15.016713,2026-01-13 13:17:15.016716,f
11910,이읍리,4615036032,전라남도,2026-01-13 13:17:15.020962,2026-01-13 13:17:15.020965,f
11911,장안리,4615036033,전라남도,2026-01-13 13:17:15.025607,2026-01-13 13:17:15.025611,f
11912,남양리,4672035028,전라남도,2026-01-13 13:17:15.030163,2026-01-13 13:17:15.030166,f
11913,유봉리,4672035029,전라남도,2026-01-13 13:17:15.034148,2026-01-13 13:17:15.034151,f
11914,동계리,4672035030,전라남도,2026-01-13 13:17:15.038004,2026-01-13 13:17:15.038007,f
11915,구룡리,4615036034,전라남도,2026-01-13 13:17:15.043765,2026-01-13 13:17:15.043767,f
11916,대흥리,4615036035,전라남도,2026-01-13 13:17:15.048825,2026-01-13 13:17:15.048828,f
11917,외서면,4615037000,전라남도,2026-01-13 13:17:15.053172,2026-01-13 13:17:15.053175,f
11918,신덕리,4615037021,전라남도,2026-01-13 13:17:15.057505,2026-01-13 13:17:15.057507,f
11919,쌍율리,4615037022,전라남도,2026-01-13 13:17:15.06191,2026-01-13 13:17:15.061913,f
11920,금성리,4615037023,전라남도,2026-01-13 13:17:15.070183,2026-01-13 13:17:15.070186,f
11921,월암리,4615037024,전라남도,2026-01-13 13:17:15.077693,2026-01-13 13:17:15.077696,f
11922,도신리,4615037025,전라남도,2026-01-13 13:17:15.085928,2026-01-13 13:17:15.085935,f
11923,반용리,4615037026,전라남도,2026-01-13 13:17:15.090384,2026-01-13 13:17:15.090387,f
11924,화전리,4615037027,전라남도,2026-01-13 13:17:15.094879,2026-01-13 13:17:15.094883,f
11925,장산리,4615037028,전라남도,2026-01-13 13:17:15.099475,2026-01-13 13:17:15.099478,f
11926,낙안면,4615038000,전라남도,2026-01-13 13:17:15.103984,2026-01-13 13:17:15.103988,f
11927,동내리,4615038021,전라남도,2026-01-13 13:17:15.108442,2026-01-13 13:17:15.108444,f
11928,남내리,4615038022,전라남도,2026-01-13 13:17:15.112387,2026-01-13 13:17:15.112389,f
11929,서내리,4615038023,전라남도,2026-01-13 13:17:15.116056,2026-01-13 13:17:15.116058,f
11930,성북리,4615038024,전라남도,2026-01-13 13:17:15.120358,2026-01-13 13:17:15.120361,f
11931,상송리,4615038025,전라남도,2026-01-13 13:17:15.124886,2026-01-13 13:17:15.124888,f
11932,하송리,4615038026,전라남도,2026-01-13 13:17:15.129066,2026-01-13 13:17:15.129067,f
11933,검암리,4615038027,전라남도,2026-01-13 13:17:15.13417,2026-01-13 13:17:15.134173,f
11934,옥산리,4615038028,전라남도,2026-01-13 13:17:15.138499,2026-01-13 13:17:15.138504,f
11935,평촌리,4615038029,전라남도,2026-01-13 13:17:15.143204,2026-01-13 13:17:15.143206,f
11936,교촌리,4615038030,전라남도,2026-01-13 13:17:15.147116,2026-01-13 13:17:15.147118,f
11937,신기리,4615038031,전라남도,2026-01-13 13:17:15.151462,2026-01-13 13:17:15.151466,f
11938,이곡리,4615038032,전라남도,2026-01-13 13:17:15.155495,2026-01-13 13:17:15.155497,f
11939,용능리,4615038033,전라남도,2026-01-13 13:17:15.159284,2026-01-13 13:17:15.159285,f
11940,내운리,4615038034,전라남도,2026-01-13 13:17:15.164204,2026-01-13 13:17:15.164207,f
11941,창녕리,4615038035,전라남도,2026-01-13 13:17:15.168176,2026-01-13 13:17:15.168178,f
11942,금산리,4615038036,전라남도,2026-01-13 13:17:15.172094,2026-01-13 13:17:15.172096,f
11943,평사리,4615038037,전라남도,2026-01-13 13:17:15.176777,2026-01-13 13:17:15.17678,f
11944,목촌리,4615038038,전라남도,2026-01-13 13:17:15.181089,2026-01-13 13:17:15.181091,f
11945,석흥리,4615038039,전라남도,2026-01-13 13:17:15.185341,2026-01-13 13:17:15.185343,f
11946,별량면,4615039000,전라남도,2026-01-13 13:17:15.189389,2026-01-13 13:17:15.189391,f
11947,봉림리,4615039021,전라남도,2026-01-13 13:17:15.193068,2026-01-13 13:17:15.19307,f
11948,운천리,4615039022,전라남도,2026-01-13 13:17:15.197542,2026-01-13 13:17:15.197544,f
11949,송학리,4615039023,전라남도,2026-01-13 13:17:15.202689,2026-01-13 13:17:15.202691,f
11950,덕정리,4615039024,전라남도,2026-01-13 13:17:15.207103,2026-01-13 13:17:15.207105,f
11951,우산리,4615039025,전라남도,2026-01-13 13:17:15.211025,2026-01-13 13:17:15.211027,f
11952,쌍림리,4615039026,전라남도,2026-01-13 13:17:15.215374,2026-01-13 13:17:15.215378,f
11953,학산리,4615039027,전라남도,2026-01-13 13:17:15.220507,2026-01-13 13:17:15.22051,f
11954,대곡리,4615039028,전라남도,2026-01-13 13:17:15.224602,2026-01-13 13:17:15.224604,f
11955,무풍리,4615039029,전라남도,2026-01-13 13:17:15.228617,2026-01-13 13:17:15.228619,f
11956,마산리,4615039030,전라남도,2026-01-13 13:17:15.232826,2026-01-13 13:17:15.232827,f
11957,동송리,4615039031,전라남도,2026-01-13 13:17:15.236794,2026-01-13 13:17:15.236796,f
11958,원창리,4615039032,전라남도,2026-01-13 13:17:15.240846,2026-01-13 13:17:15.240848,f
11959,두고리,4615039033,전라남도,2026-01-13 13:17:15.245783,2026-01-13 13:17:15.245785,f
11960,구룡리,4615039034,전라남도,2026-01-13 13:17:15.249914,2026-01-13 13:17:15.249917,f
11961,송기리,4615039035,전라남도,2026-01-13 13:17:15.255916,2026-01-13 13:17:15.255921,f
11962,죽산리,4615039036,전라남도,2026-01-13 13:17:15.261181,2026-01-13 13:17:15.261185,f
11963,금치리,4615039037,전라남도,2026-01-13 13:17:15.265547,2026-01-13 13:17:15.26555,f
11964,대룡리,4615039038,전라남도,2026-01-13 13:17:15.269306,2026-01-13 13:17:15.269308,f
11965,상사면,4615040000,전라남도,2026-01-13 13:17:15.273519,2026-01-13 13:17:15.273521,f
11966,흘산리,4615040021,전라남도,2026-01-13 13:17:15.277702,2026-01-13 13:17:15.277704,f
11967,응령리,4615040022,전라남도,2026-01-13 13:17:15.282538,2026-01-13 13:17:15.282541,f
11968,용계리,4615040023,전라남도,2026-01-13 13:17:15.286863,2026-01-13 13:17:15.286865,f
11969,도월리,4615040024,전라남도,2026-01-13 13:17:15.295845,2026-01-13 13:17:15.295847,f
11970,봉래리,4615040025,전라남도,2026-01-13 13:17:15.304559,2026-01-13 13:17:15.304561,f
11971,쌍지리,4615040026,전라남도,2026-01-13 13:17:15.312654,2026-01-13 13:17:15.312656,f
11972,초곡리,4615040027,전라남도,2026-01-13 13:17:15.320914,2026-01-13 13:17:15.320918,f
11973,용암리,4615040028,전라남도,2026-01-13 13:17:15.329223,2026-01-13 13:17:15.329226,f
11974,비촌리,4615040029,전라남도,2026-01-13 13:17:15.338296,2026-01-13 13:17:15.3383,f
11975,오곡리,4615040030,전라남도,2026-01-13 13:17:15.347557,2026-01-13 13:17:15.347559,f
11976,마륜리,4615040031,전라남도,2026-01-13 13:17:15.356953,2026-01-13 13:17:15.356956,f
11977,연화리,4672035025,전라남도,2026-01-13 13:17:15.369513,2026-01-13 13:17:15.369516,f
11978,삼태리,4672035026,전라남도,2026-01-13 13:17:15.379406,2026-01-13 13:17:15.379409,f
11979,당동리,4672035027,전라남도,2026-01-13 13:17:15.390088,2026-01-13 13:17:15.390091,f
11980,나주시,4617000000,전라남도,2026-01-13 13:17:15.398793,2026-01-13 13:17:15.398795,f
11981,토계동,4617010100,전라남도,2026-01-13 13:17:15.407855,2026-01-13 13:17:15.407858,f
11982,송월동,4617010200,전라남도,2026-01-13 13:17:15.416894,2026-01-13 13:17:15.416896,f
11983,안창동,4617010300,전라남도,2026-01-13 13:17:15.425924,2026-01-13 13:17:15.425926,f
11984,삼영동,4617010400,전라남도,2026-01-13 13:17:15.434663,2026-01-13 13:17:15.434665,f
11985,교동,4617010500,전라남도,2026-01-13 13:17:15.443438,2026-01-13 13:17:15.443441,f
11986,서내동,4617010600,전라남도,2026-01-13 13:17:15.452048,2026-01-13 13:17:15.45205,f
11987,산정동,4617010700,전라남도,2026-01-13 13:17:15.460165,2026-01-13 13:17:15.460168,f
11988,경현동,4617010800,전라남도,2026-01-13 13:17:15.467495,2026-01-13 13:17:15.467497,f
11989,보산동,4617010900,전라남도,2026-01-13 13:17:15.471815,2026-01-13 13:17:15.471817,f
11990,금계동,4617011000,전라남도,2026-01-13 13:17:15.476238,2026-01-13 13:17:15.47624,f
11991,금성동,4617011100,전라남도,2026-01-13 13:17:15.480121,2026-01-13 13:17:15.480124,f
11992,남내동,4617011200,전라남도,2026-01-13 13:17:15.484499,2026-01-13 13:17:15.484503,f
11993,과원동,4617011300,전라남도,2026-01-13 13:17:15.489706,2026-01-13 13:17:15.489711,f
11994,성북동,4617011400,전라남도,2026-01-13 13:17:15.496626,2026-01-13 13:17:15.496628,f
11995,중앙동,4617011500,전라남도,2026-01-13 13:17:15.501031,2026-01-13 13:17:15.501034,f
11996,대호동,4617011600,전라남도,2026-01-13 13:17:15.505238,2026-01-13 13:17:15.505241,f
11997,송촌동,4617011700,전라남도,2026-01-13 13:17:15.509522,2026-01-13 13:17:15.509524,f
11998,석현동,4617011800,전라남도,2026-01-13 13:17:15.513653,2026-01-13 13:17:15.513656,f
11999,청동,4617011900,전라남도,2026-01-13 13:17:15.518103,2026-01-13 13:17:15.518105,f
12000,남외동,4617012000,전라남도,2026-01-13 13:17:15.522526,2026-01-13 13:17:15.522529,f
12001,죽림동,4617012100,전라남도,2026-01-13 13:17:15.526658,2026-01-13 13:17:15.526661,f
12002,삼도동,4617012200,전라남도,2026-01-13 13:17:15.531281,2026-01-13 13:17:15.531285,f
12003,영산동,4617012300,전라남도,2026-01-13 13:17:15.535516,2026-01-13 13:17:15.535518,f
12004,용산동,4617012400,전라남도,2026-01-13 13:17:15.541166,2026-01-13 13:17:15.541168,f
12005,관정동,4617012500,전라남도,2026-01-13 13:17:15.545442,2026-01-13 13:17:15.545444,f
12006,평산동,4617012600,전라남도,2026-01-13 13:17:15.549384,2026-01-13 13:17:15.549386,f
12007,부덕동,4617012700,전라남도,2026-01-13 13:17:15.553315,2026-01-13 13:17:15.553317,f
12008,이창동,4617012800,전라남도,2026-01-13 13:17:15.557414,2026-01-13 13:17:15.557416,f
12009,대기동,4617012900,전라남도,2026-01-13 13:17:15.561637,2026-01-13 13:17:15.56164,f
12010,운곡동,4617013000,전라남도,2026-01-13 13:17:15.566282,2026-01-13 13:17:15.566285,f
12011,동수동,4617013100,전라남도,2026-01-13 13:17:15.570045,2026-01-13 13:17:15.570047,f
12012,오량동,4617013200,전라남도,2026-01-13 13:17:15.57479,2026-01-13 13:17:15.574793,f
12013,진포동,4617013300,전라남도,2026-01-13 13:17:15.58023,2026-01-13 13:17:15.580233,f
12014,빛가람동,4617013400,전라남도,2026-01-13 13:17:15.585377,2026-01-13 13:17:15.585381,f
12015,남평읍,4617025000,전라남도,2026-01-13 13:17:15.589543,2026-01-13 13:17:15.589545,f
12016,남평리,4617025021,전라남도,2026-01-13 13:17:15.593394,2026-01-13 13:17:15.593395,f
12017,대교리,4617025022,전라남도,2026-01-13 13:17:15.597576,2026-01-13 13:17:15.597578,f
12018,동사리,4617025023,전라남도,2026-01-13 13:17:15.602076,2026-01-13 13:17:15.602078,f
12019,교촌리,4617025024,전라남도,2026-01-13 13:17:15.6069,2026-01-13 13:17:15.606902,f
12020,교원리,4617025025,전라남도,2026-01-13 13:17:15.610868,2026-01-13 13:17:15.61087,f
12021,서산리,4617025026,전라남도,2026-01-13 13:17:15.61554,2026-01-13 13:17:15.615544,f
12022,오계리,4617025027,전라남도,2026-01-13 13:17:15.62104,2026-01-13 13:17:15.621043,f
12023,상곡리,4617025028,전라남도,2026-01-13 13:17:15.625074,2026-01-13 13:17:15.625078,f
12024,우산리,4617025029,전라남도,2026-01-13 13:17:15.629286,2026-01-13 13:17:15.629288,f
12025,남석리,4617025030,전라남도,2026-01-13 13:17:15.633125,2026-01-13 13:17:15.633127,f
12026,풍림리,4617025031,전라남도,2026-01-13 13:17:15.637767,2026-01-13 13:17:15.637772,f
12027,노동리,4617025032,전라남도,2026-01-13 13:17:15.645987,2026-01-13 13:17:15.645991,f
12028,광촌리,4617025033,전라남도,2026-01-13 13:17:15.651303,2026-01-13 13:17:15.651306,f
12029,수원리,4617025034,전라남도,2026-01-13 13:17:15.656179,2026-01-13 13:17:15.656181,f
12030,광이리,4617025035,전라남도,2026-01-13 13:17:15.662867,2026-01-13 13:17:15.66287,f
12031,평산리,4617025036,전라남도,2026-01-13 13:17:15.668265,2026-01-13 13:17:15.668268,f
12032,세지면,4617031000,전라남도,2026-01-13 13:17:15.672997,2026-01-13 13:17:15.673004,f
12033,오봉리,4617031021,전라남도,2026-01-13 13:17:15.688637,2026-01-13 13:17:15.688644,f
12034,대산리,4617031022,전라남도,2026-01-13 13:17:15.698518,2026-01-13 13:17:15.698521,f
12035,내정리,4617031023,전라남도,2026-01-13 13:17:15.704908,2026-01-13 13:17:15.704911,f
12036,동곡리,4617031024,전라남도,2026-01-13 13:17:15.709914,2026-01-13 13:17:15.709916,f
12037,죽동리,4617031025,전라남도,2026-01-13 13:17:15.714732,2026-01-13 13:17:15.714734,f
12038,송제리,4617031026,전라남도,2026-01-13 13:17:15.718956,2026-01-13 13:17:15.718958,f
12039,교산리,4617031027,전라남도,2026-01-13 13:17:15.723172,2026-01-13 13:17:15.723175,f
12040,벽산리,4617031028,전라남도,2026-01-13 13:17:15.727154,2026-01-13 13:17:15.727158,f
12041,성산리,4617031029,전라남도,2026-01-13 13:17:15.732078,2026-01-13 13:17:15.73208,f
12042,왕곡면,4617032000,전라남도,2026-01-13 13:17:15.736358,2026-01-13 13:17:15.736361,f
12043,덕산리,4617032021,전라남도,2026-01-13 13:17:15.740966,2026-01-13 13:17:15.740967,f
12044,본양리,4617032022,전라남도,2026-01-13 13:17:15.745231,2026-01-13 13:17:15.745234,f
12045,옥곡리,4617032023,전라남도,2026-01-13 13:17:15.74925,2026-01-13 13:17:15.749252,f
12046,봉정리,4672035023,전라남도,2026-01-13 13:17:15.753099,2026-01-13 13:17:15.7531,f
12047,신풍리,4672035024,전라남도,2026-01-13 13:17:15.756907,2026-01-13 13:17:15.756909,f
12048,송죽리,4617032024,전라남도,2026-01-13 13:17:15.761258,2026-01-13 13:17:15.761261,f
12049,신포리,4617032025,전라남도,2026-01-13 13:17:15.765392,2026-01-13 13:17:15.765395,f
12050,월천리,4617032026,전라남도,2026-01-13 13:17:15.769527,2026-01-13 13:17:15.769529,f
12051,화정리,4617032027,전라남도,2026-01-13 13:17:15.773864,2026-01-13 13:17:15.773866,f
12052,행전리,4617032028,전라남도,2026-01-13 13:17:15.778288,2026-01-13 13:17:15.778293,f
12053,신원리,4617032029,전라남도,2026-01-13 13:17:15.783631,2026-01-13 13:17:15.783633,f
12054,신가리,4617032030,전라남도,2026-01-13 13:17:15.788062,2026-01-13 13:17:15.788065,f
12055,양산리,4617032031,전라남도,2026-01-13 13:17:15.792617,2026-01-13 13:17:15.79262,f
12056,장산리,4617032032,전라남도,2026-01-13 13:17:15.796536,2026-01-13 13:17:15.796537,f
12057,반남면,4617033000,전라남도,2026-01-13 13:17:15.802412,2026-01-13 13:17:15.802414,f
12058,흥덕리,4617033021,전라남도,2026-01-13 13:17:15.806398,2026-01-13 13:17:15.8064,f
12059,석천리,4617033022,전라남도,2026-01-13 13:17:15.810438,2026-01-13 13:17:15.81044,f
12060,덕산리,4617033024,전라남도,2026-01-13 13:17:15.816271,2026-01-13 13:17:15.816275,f
12061,신촌리,4617033025,전라남도,2026-01-13 13:17:15.82064,2026-01-13 13:17:15.820642,f
12062,대안리,4617033026,전라남도,2026-01-13 13:17:15.825778,2026-01-13 13:17:15.825781,f
12063,청송리,4617033027,전라남도,2026-01-13 13:17:15.829912,2026-01-13 13:17:15.829914,f
12064,성계리,4617033028,전라남도,2026-01-13 13:17:15.83397,2026-01-13 13:17:15.833972,f
12065,공산면,4617034000,전라남도,2026-01-13 13:17:15.837958,2026-01-13 13:17:15.83796,f
12066,금곡리,4617034021,전라남도,2026-01-13 13:17:15.842721,2026-01-13 13:17:15.842723,f
12067,남창리,4617034022,전라남도,2026-01-13 13:17:15.846812,2026-01-13 13:17:15.846815,f
12068,백사리,4617034023,전라남도,2026-01-13 13:17:15.850631,2026-01-13 13:17:15.850633,f
12069,신곡리,4617034024,전라남도,2026-01-13 13:17:15.855787,2026-01-13 13:17:15.855791,f
12070,중포리,4617034025,전라남도,2026-01-13 13:17:15.860373,2026-01-13 13:17:15.860375,f
12071,가송리,4617034026,전라남도,2026-01-13 13:17:15.864552,2026-01-13 13:17:15.864556,f
12072,동촌리,4617034027,전라남도,2026-01-13 13:17:15.869023,2026-01-13 13:17:15.869025,f
12073,화성리,4617034028,전라남도,2026-01-13 13:17:15.873263,2026-01-13 13:17:15.873266,f
12074,상방리,4617034029,전라남도,2026-01-13 13:17:15.878707,2026-01-13 13:17:15.878713,f
12075,복용리,4617034030,전라남도,2026-01-13 13:17:15.884165,2026-01-13 13:17:15.884168,f
12076,동강면,4617035000,전라남도,2026-01-13 13:17:15.888481,2026-01-13 13:17:15.888484,f
12077,인동리,4617035021,전라남도,2026-01-13 13:17:15.892345,2026-01-13 13:17:15.892347,f
12078,월양리,4617035022,전라남도,2026-01-13 13:17:15.896575,2026-01-13 13:17:15.896577,f
12079,진천리,4617035023,전라남도,2026-01-13 13:17:15.900897,2026-01-13 13:17:15.9009,f
12080,대전리,4617035024,전라남도,2026-01-13 13:17:15.905544,2026-01-13 13:17:15.905546,f
12081,장동리,4617035025,전라남도,2026-01-13 13:17:15.909148,2026-01-13 13:17:15.90915,f
12082,옥정리,4617035026,전라남도,2026-01-13 13:17:15.91313,2026-01-13 13:17:15.913132,f
12083,곡천리,4617035027,전라남도,2026-01-13 13:17:15.917057,2026-01-13 13:17:15.917059,f
12084,대지리,4617035028,전라남도,2026-01-13 13:17:15.921143,2026-01-13 13:17:15.921148,f
12085,월송리,4617035029,전라남도,2026-01-13 13:17:15.926358,2026-01-13 13:17:15.92636,f
12086,양지리,4617035030,전라남도,2026-01-13 13:17:15.929994,2026-01-13 13:17:15.929996,f
12087,운산리,4617035031,전라남도,2026-01-13 13:17:15.935476,2026-01-13 13:17:15.935478,f
12088,다시면,4617036000,전라남도,2026-01-13 13:17:15.93955,2026-01-13 13:17:15.939553,f
12089,영동리,4617036021,전라남도,2026-01-13 13:17:15.943909,2026-01-13 13:17:15.943912,f
12090,월태리,4617036022,전라남도,2026-01-13 13:17:15.948109,2026-01-13 13:17:15.948111,f
12091,가운리,4617036023,전라남도,2026-01-13 13:17:15.951973,2026-01-13 13:17:15.951974,f
12092,복암리,4617036025,전라남도,2026-01-13 13:17:15.95605,2026-01-13 13:17:15.956052,f
12093,가흥리,4617036026,전라남도,2026-01-13 13:17:15.960463,2026-01-13 13:17:15.960467,f
12094,신석리,4617036027,전라남도,2026-01-13 13:17:15.965789,2026-01-13 13:17:15.965793,f
12095,죽산리,4617036028,전라남도,2026-01-13 13:17:15.970495,2026-01-13 13:17:15.970497,f
12096,문동리,4617036029,전라남도,2026-01-13 13:17:15.975175,2026-01-13 13:17:15.975177,f
12097,동당리,4617036030,전라남도,2026-01-13 13:17:15.981297,2026-01-13 13:17:15.9813,f
12098,송촌리,4617036031,전라남도,2026-01-13 13:17:15.986869,2026-01-13 13:17:15.986872,f
12099,동곡리,4617036032,전라남도,2026-01-13 13:17:15.994008,2026-01-13 13:17:15.994014,f
12100,청정리,4617036033,전라남도,2026-01-13 13:17:16.001934,2026-01-13 13:17:16.001939,f
12101,운봉리,4617036034,전라남도,2026-01-13 13:17:16.007016,2026-01-13 13:17:16.007019,f
12102,신광리,4617036035,전라남도,2026-01-13 13:17:16.011345,2026-01-13 13:17:16.011347,f
12103,회진리,4617036036,전라남도,2026-01-13 13:17:16.016543,2026-01-13 13:17:16.016547,f
12104,문평면,4617037000,전라남도,2026-01-13 13:17:16.020592,2026-01-13 13:17:16.020594,f
12105,안곡리,4617037021,전라남도,2026-01-13 13:17:16.025038,2026-01-13 13:17:16.02504,f
12106,송산리,4617037022,전라남도,2026-01-13 13:17:16.029619,2026-01-13 13:17:16.029621,f
12107,북동리,4617037023,전라남도,2026-01-13 13:17:16.033524,2026-01-13 13:17:16.033527,f
12108,동원리,4617037024,전라남도,2026-01-13 13:17:16.037074,2026-01-13 13:17:16.037076,f
12109,대도리,4617037025,전라남도,2026-01-13 13:17:16.041878,2026-01-13 13:17:16.041883,f
12110,계로리,4617037026,전라남도,2026-01-13 13:17:16.046326,2026-01-13 13:17:16.046328,f
12111,학교리,4617037027,전라남도,2026-01-13 13:17:16.05088,2026-01-13 13:17:16.050882,f
12112,국동리,4617037028,전라남도,2026-01-13 13:17:16.055566,2026-01-13 13:17:16.055568,f
12113,옥당리,4617037029,전라남도,2026-01-13 13:17:16.05989,2026-01-13 13:17:16.059893,f
12114,죽곡면,4672035000,전라남도,2026-01-13 13:17:16.064115,2026-01-13 13:17:16.064117,f
12115,태평리,4672035021,전라남도,2026-01-13 13:17:16.068135,2026-01-13 13:17:16.068136,f
12116,화양리,4672035022,전라남도,2026-01-13 13:17:16.07215,2026-01-13 13:17:16.072153,f
12117,산호리,4617037030,전라남도,2026-01-13 13:17:16.076187,2026-01-13 13:17:16.07619,f
12118,학동리,4617037031,전라남도,2026-01-13 13:17:16.080259,2026-01-13 13:17:16.080261,f
12119,오룡리,4617037032,전라남도,2026-01-13 13:17:16.085277,2026-01-13 13:17:16.08528,f
12120,노안면,4617038000,전라남도,2026-01-13 13:17:16.090369,2026-01-13 13:17:16.090371,f
12121,금동리,4617038021,전라남도,2026-01-13 13:17:16.09635,2026-01-13 13:17:16.096353,f
12122,장동리,4617038022,전라남도,2026-01-13 13:17:16.101719,2026-01-13 13:17:16.101723,f
12123,학산리,4617038023,전라남도,2026-01-13 13:17:16.106411,2026-01-13 13:17:16.106413,f
12124,도산리,4617038024,전라남도,2026-01-13 13:17:16.11078,2026-01-13 13:17:16.110782,f
12125,유곡리,4617038025,전라남도,2026-01-13 13:17:16.11534,2026-01-13 13:17:16.115342,f
12126,계림리,4617038026,전라남도,2026-01-13 13:17:16.11949,2026-01-13 13:17:16.119492,f
12127,안산리,4617038027,전라남도,2026-01-13 13:17:16.123927,2026-01-13 13:17:16.123929,f
12128,용산리,4617038028,전라남도,2026-01-13 13:17:16.128682,2026-01-13 13:17:16.128685,f
12129,구정리,4617038029,전라남도,2026-01-13 13:17:16.134148,2026-01-13 13:17:16.134151,f
12130,영평리,4617038030,전라남도,2026-01-13 13:17:16.140249,2026-01-13 13:17:16.140251,f
12131,금안리,4617038031,전라남도,2026-01-13 13:17:16.144852,2026-01-13 13:17:16.144854,f
12132,오정리,4617038032,전라남도,2026-01-13 13:17:16.149482,2026-01-13 13:17:16.149484,f
12133,양천리,4617038033,전라남도,2026-01-13 13:17:16.154597,2026-01-13 13:17:16.1546,f
12134,금천면,4617039000,전라남도,2026-01-13 13:17:16.159103,2026-01-13 13:17:16.159104,f
12135,오강리,4617039021,전라남도,2026-01-13 13:17:16.16516,2026-01-13 13:17:16.165164,f
12136,고동리,4617039022,전라남도,2026-01-13 13:17:16.169341,2026-01-13 13:17:16.169343,f
12137,광암리,4617039023,전라남도,2026-01-13 13:17:16.173762,2026-01-13 13:17:16.173764,f
12138,신천리,4617039024,전라남도,2026-01-13 13:17:16.178286,2026-01-13 13:17:16.178288,f
12139,죽촌리,4617039025,전라남도,2026-01-13 13:17:16.182468,2026-01-13 13:17:16.182471,f
12140,월산리,4617039026,전라남도,2026-01-13 13:17:16.186749,2026-01-13 13:17:16.186751,f
12141,동악리,4617039027,전라남도,2026-01-13 13:17:16.19045,2026-01-13 13:17:16.190451,f
12142,석전리,4617039028,전라남도,2026-01-13 13:17:16.194323,2026-01-13 13:17:16.194326,f
12143,촌곡리,4617039029,전라남도,2026-01-13 13:17:16.198203,2026-01-13 13:17:16.198205,f
12144,신가리,4617039030,전라남도,2026-01-13 13:17:16.202587,2026-01-13 13:17:16.202589,f
12145,원곡리,4617039031,전라남도,2026-01-13 13:17:16.20662,2026-01-13 13:17:16.206623,f
12146,산포면,4617040000,전라남도,2026-01-13 13:17:16.210439,2026-01-13 13:17:16.210441,f
12147,매성리,4617040021,전라남도,2026-01-13 13:17:16.214078,2026-01-13 13:17:16.214081,f
12148,신도리,4617040022,전라남도,2026-01-13 13:17:16.219403,2026-01-13 13:17:16.219408,f
12149,송림리,4617040023,전라남도,2026-01-13 13:17:16.223929,2026-01-13 13:17:16.223931,f
12150,화지리,4617040024,전라남도,2026-01-13 13:17:16.228036,2026-01-13 13:17:16.228038,f
12151,산제리,4617040025,전라남도,2026-01-13 13:17:16.231892,2026-01-13 13:17:16.231895,f
12152,등수리,4617040026,전라남도,2026-01-13 13:17:16.235783,2026-01-13 13:17:16.235786,f
12153,등정리,4617040027,전라남도,2026-01-13 13:17:16.240606,2026-01-13 13:17:16.24061,f
12154,내기리,4617040028,전라남도,2026-01-13 13:17:16.246634,2026-01-13 13:17:16.246636,f
12155,덕례리,4617040029,전라남도,2026-01-13 13:17:16.251024,2026-01-13 13:17:16.251026,f
12156,다도면,4617042000,전라남도,2026-01-13 13:17:16.254875,2026-01-13 13:17:16.254877,f
12157,판촌리,4617042021,전라남도,2026-01-13 13:17:16.259156,2026-01-13 13:17:16.259158,f
12158,송학리,4617042022,전라남도,2026-01-13 13:17:16.264661,2026-01-13 13:17:16.264663,f
12159,풍산리,4617042023,전라남도,2026-01-13 13:17:16.26881,2026-01-13 13:17:16.268812,f
12160,덕동리,4617042024,전라남도,2026-01-13 13:17:16.27277,2026-01-13 13:17:16.272772,f
12161,궁원리,4617042025,전라남도,2026-01-13 13:17:16.276476,2026-01-13 13:17:16.276477,f
12162,신동리,4617042026,전라남도,2026-01-13 13:17:16.280137,2026-01-13 13:17:16.28014,f
12163,방산리,4617042027,전라남도,2026-01-13 13:17:16.284767,2026-01-13 13:17:16.284769,f
12164,마산리,4617042028,전라남도,2026-01-13 13:17:16.288633,2026-01-13 13:17:16.288635,f
12165,암정리,4617042029,전라남도,2026-01-13 13:17:16.292206,2026-01-13 13:17:16.292207,f
12166,죽정리,4672034030,전라남도,2026-01-13 13:17:16.297504,2026-01-13 13:17:16.297507,f
12167,용봉리,4672034031,전라남도,2026-01-13 13:17:16.302237,2026-01-13 13:17:16.302239,f
12168,신전리,4672034032,전라남도,2026-01-13 13:17:16.311377,2026-01-13 13:17:16.311384,f
12169,덕림리,4617042030,전라남도,2026-01-13 13:17:16.32127,2026-01-13 13:17:16.321274,f
12170,도동리,4617042031,전라남도,2026-01-13 13:17:16.329601,2026-01-13 13:17:16.329606,f
12171,봉황면,4617043000,전라남도,2026-01-13 13:17:16.334479,2026-01-13 13:17:16.334481,f
12172,죽석리,4617043021,전라남도,2026-01-13 13:17:16.338685,2026-01-13 13:17:16.338688,f
12173,철천리,4617043022,전라남도,2026-01-13 13:17:16.343313,2026-01-13 13:17:16.343315,f
12174,각동리,4617043023,전라남도,2026-01-13 13:17:16.347289,2026-01-13 13:17:16.347291,f
12175,송현리,4617043024,전라남도,2026-01-13 13:17:16.352037,2026-01-13 13:17:16.352039,f
12176,장성리,4617043025,전라남도,2026-01-13 13:17:16.356221,2026-01-13 13:17:16.356223,f
12177,유곡리,4617043026,전라남도,2026-01-13 13:17:16.360072,2026-01-13 13:17:16.360074,f
12178,옥산리,4617043027,전라남도,2026-01-13 13:17:16.364863,2026-01-13 13:17:16.364866,f
12179,용전리,4617043028,전라남도,2026-01-13 13:17:16.369139,2026-01-13 13:17:16.369141,f
12180,와우리,4617043029,전라남도,2026-01-13 13:17:16.373304,2026-01-13 13:17:16.373307,f
12181,황용리,4617043030,전라남도,2026-01-13 13:17:16.377908,2026-01-13 13:17:16.37791,f
12182,신동리,4617043031,전라남도,2026-01-13 13:17:16.382129,2026-01-13 13:17:16.38213,f
12183,욱곡리,4617043032,전라남도,2026-01-13 13:17:16.386336,2026-01-13 13:17:16.386338,f
12184,오림리,4617043033,전라남도,2026-01-13 13:17:16.390317,2026-01-13 13:17:16.390318,f
12185,덕림리,4617043034,전라남도,2026-01-13 13:17:16.393966,2026-01-13 13:17:16.393968,f
12186,운곡리,4617043035,전라남도,2026-01-13 13:17:16.397862,2026-01-13 13:17:16.397864,f
12187,용곡리,4617043036,전라남도,2026-01-13 13:17:16.402414,2026-01-13 13:17:16.402416,f
12188,만봉리,4617043037,전라남도,2026-01-13 13:17:16.406656,2026-01-13 13:17:16.406657,f
12189,덕곡리,4617043038,전라남도,2026-01-13 13:17:16.410449,2026-01-13 13:17:16.410452,f
12190,공북리,4672034027,전라남도,2026-01-13 13:17:16.41506,2026-01-13 13:17:16.415063,f
12191,대곡리,4672034028,전라남도,2026-01-13 13:17:16.420126,2026-01-13 13:17:16.420129,f
12192,신기리,4672034029,전라남도,2026-01-13 13:17:16.424126,2026-01-13 13:17:16.424128,f
12193,광양시,4623000000,전라남도,2026-01-13 13:17:16.428182,2026-01-13 13:17:16.428183,f
12194,황금동,4623010100,전라남도,2026-01-13 13:17:16.43212,2026-01-13 13:17:16.432121,f
12195,황길동,4623010200,전라남도,2026-01-13 13:17:16.435832,2026-01-13 13:17:16.435834,f
12196,도이동,4623010300,전라남도,2026-01-13 13:17:16.440379,2026-01-13 13:17:16.440383,f
12197,성황동,4623010400,전라남도,2026-01-13 13:17:16.445756,2026-01-13 13:17:16.445757,f
12198,중군동,4623010500,전라남도,2026-01-13 13:17:16.45012,2026-01-13 13:17:16.450123,f
12199,중동,4623010600,전라남도,2026-01-13 13:17:16.455727,2026-01-13 13:17:16.455729,f
12200,마동,4623010700,전라남도,2026-01-13 13:17:16.460142,2026-01-13 13:17:16.460144,f
12201,광영동,4623010800,전라남도,2026-01-13 13:17:16.464917,2026-01-13 13:17:16.46492,f
12202,태인동,4623010900,전라남도,2026-01-13 13:17:16.469534,2026-01-13 13:17:16.469538,f
12203,금호동,4623011000,전라남도,2026-01-13 13:17:16.476116,2026-01-13 13:17:16.476118,f
12204,광양읍,4623025000,전라남도,2026-01-13 13:17:16.481472,2026-01-13 13:17:16.481478,f
12205,우산리,4623025021,전라남도,2026-01-13 13:17:16.490214,2026-01-13 13:17:16.490217,f
12206,구산리,4623025022,전라남도,2026-01-13 13:17:16.496913,2026-01-13 13:17:16.496916,f
12207,칠성리,4623025023,전라남도,2026-01-13 13:17:16.501531,2026-01-13 13:17:16.501534,f
12208,읍내리,4623025024,전라남도,2026-01-13 13:17:16.505938,2026-01-13 13:17:16.50594,f
12209,목성리,4623025025,전라남도,2026-01-13 13:17:16.509543,2026-01-13 13:17:16.509545,f
12210,초남리,4623025026,전라남도,2026-01-13 13:17:16.514738,2026-01-13 13:17:16.514742,f
12211,익신리,4623025027,전라남도,2026-01-13 13:17:16.519529,2026-01-13 13:17:16.519531,f
12212,사곡리,4623025028,전라남도,2026-01-13 13:17:16.524894,2026-01-13 13:17:16.524898,f
12213,죽림리,4623025029,전라남도,2026-01-13 13:17:16.52986,2026-01-13 13:17:16.529862,f
12214,용강리,4623025030,전라남도,2026-01-13 13:17:16.535977,2026-01-13 13:17:16.535981,f
12215,인동리,4623025031,전라남도,2026-01-13 13:17:16.541284,2026-01-13 13:17:16.541289,f
12216,인서리,4623025032,전라남도,2026-01-13 13:17:16.546355,2026-01-13 13:17:16.546358,f
12217,도월리,4623025033,전라남도,2026-01-13 13:17:16.55049,2026-01-13 13:17:16.550493,f
12218,세풍리,4623025034,전라남도,2026-01-13 13:17:16.554151,2026-01-13 13:17:16.554153,f
12219,덕례리,4623025035,전라남도,2026-01-13 13:17:16.557917,2026-01-13 13:17:16.557919,f
12220,봉강면,4623031000,전라남도,2026-01-13 13:17:16.562968,2026-01-13 13:17:16.562971,f
12221,석사리,4623031021,전라남도,2026-01-13 13:17:16.567001,2026-01-13 13:17:16.567003,f
12222,지곡리,4623031022,전라남도,2026-01-13 13:17:16.57064,2026-01-13 13:17:16.570641,f
12223,봉당리,4623031023,전라남도,2026-01-13 13:17:16.575274,2026-01-13 13:17:16.575277,f
12224,부저리,4623031024,전라남도,2026-01-13 13:17:16.579739,2026-01-13 13:17:16.579742,f
12225,구서리,4623031025,전라남도,2026-01-13 13:17:16.584147,2026-01-13 13:17:16.58415,f
12226,조령리,4623031026,전라남도,2026-01-13 13:17:16.588288,2026-01-13 13:17:16.58829,f
12227,신룡리,4623031027,전라남도,2026-01-13 13:17:16.591971,2026-01-13 13:17:16.591972,f
12228,옥룡면,4623032000,전라남도,2026-01-13 13:17:16.59621,2026-01-13 13:17:16.596212,f
12229,산남리,4623032021,전라남도,2026-01-13 13:17:16.600106,2026-01-13 13:17:16.600109,f
12230,운평리,4623032022,전라남도,2026-01-13 13:17:16.604986,2026-01-13 13:17:16.604989,f
12231,추산리,4623032023,전라남도,2026-01-13 13:17:16.609022,2026-01-13 13:17:16.609024,f
12232,동곡리,4623032024,전라남도,2026-01-13 13:17:16.613093,2026-01-13 13:17:16.613095,f
12233,죽천리,4623032025,전라남도,2026-01-13 13:17:16.617173,2026-01-13 13:17:16.617175,f
12234,용곡리,4623032026,전라남도,2026-01-13 13:17:16.622027,2026-01-13 13:17:16.62203,f
12235,율천리,4623032027,전라남도,2026-01-13 13:17:16.626694,2026-01-13 13:17:16.626696,f
12236,운곡리,4623032028,전라남도,2026-01-13 13:17:16.630803,2026-01-13 13:17:16.630805,f
12237,옥곡면,4623033000,전라남도,2026-01-13 13:17:16.634589,2026-01-13 13:17:16.634591,f
12238,원월리,4623033021,전라남도,2026-01-13 13:17:16.638527,2026-01-13 13:17:16.638529,f
12239,대죽리,4623033022,전라남도,2026-01-13 13:17:16.64504,2026-01-13 13:17:16.645044,f
12240,묵백리,4623033023,전라남도,2026-01-13 13:17:16.649466,2026-01-13 13:17:16.649469,f
12241,신금리,4623033024,전라남도,2026-01-13 13:17:16.653774,2026-01-13 13:17:16.653777,f
12242,장동리,4623033025,전라남도,2026-01-13 13:17:16.658391,2026-01-13 13:17:16.658392,f
12243,선유리,4623033026,전라남도,2026-01-13 13:17:16.662878,2026-01-13 13:17:16.66288,f
12244,수평리,4623033027,전라남도,2026-01-13 13:17:16.666755,2026-01-13 13:17:16.666757,f
12245,진상면,4623034000,전라남도,2026-01-13 13:17:16.670907,2026-01-13 13:17:16.670909,f
12246,금이리,4623034021,전라남도,2026-01-13 13:17:16.675075,2026-01-13 13:17:16.675078,f
12247,섬거리,4623034022,전라남도,2026-01-13 13:17:16.679926,2026-01-13 13:17:16.679929,f
12248,비평리,4623034023,전라남도,2026-01-13 13:17:16.685749,2026-01-13 13:17:16.685751,f
12249,황죽리,4623034024,전라남도,2026-01-13 13:17:16.69006,2026-01-13 13:17:16.690062,f
12250,어치리,4623034025,전라남도,2026-01-13 13:17:16.695405,2026-01-13 13:17:16.695408,f
12251,지원리,4623034026,전라남도,2026-01-13 13:17:16.699757,2026-01-13 13:17:16.69976,f
12252,청암리,4623034027,전라남도,2026-01-13 13:17:16.704659,2026-01-13 13:17:16.704662,f
12253,진월면,4623035000,전라남도,2026-01-13 13:17:16.710984,2026-01-13 13:17:16.710987,f
12254,망덕리,4623035021,전라남도,2026-01-13 13:17:16.715099,2026-01-13 13:17:16.715101,f
12255,차사리,4623035022,전라남도,2026-01-13 13:17:16.719454,2026-01-13 13:17:16.719457,f
12256,마룡리,4623035023,전라남도,2026-01-13 13:17:16.724034,2026-01-13 13:17:16.724036,f
12257,선소리,4623035024,전라남도,2026-01-13 13:17:16.728524,2026-01-13 13:17:16.728526,f
12258,신아리,4623035025,전라남도,2026-01-13 13:17:16.73269,2026-01-13 13:17:16.732692,f
12259,오사리,4623035026,전라남도,2026-01-13 13:17:16.73737,2026-01-13 13:17:16.737373,f
12260,용사리,4672034024,전라남도,2026-01-13 13:17:16.742191,2026-01-13 13:17:16.742193,f
12261,수곡리,4672034025,전라남도,2026-01-13 13:17:16.74626,2026-01-13 13:17:16.746261,f
12262,범계리,4672034026,전라남도,2026-01-13 13:17:16.750157,2026-01-13 13:17:16.750159,f
12263,신구리,4623035027,전라남도,2026-01-13 13:17:16.754268,2026-01-13 13:17:16.75427,f
12264,송금리,4623035028,전라남도,2026-01-13 13:17:16.757989,2026-01-13 13:17:16.757991,f
12265,월길리,4623035029,전라남도,2026-01-13 13:17:16.762532,2026-01-13 13:17:16.762535,f
12266,진정리,4623035030,전라남도,2026-01-13 13:17:16.766858,2026-01-13 13:17:16.766859,f
12267,다압면,4623036000,전라남도,2026-01-13 13:17:16.770784,2026-01-13 13:17:16.770786,f
12268,신원리,4623036021,전라남도,2026-01-13 13:17:16.777869,2026-01-13 13:17:16.777872,f
12269,도사리,4623036022,전라남도,2026-01-13 13:17:16.782533,2026-01-13 13:17:16.782536,f
12270,고사리,4623036023,전라남도,2026-01-13 13:17:16.787252,2026-01-13 13:17:16.787254,f
12271,금천리,4623036024,전라남도,2026-01-13 13:17:16.791022,2026-01-13 13:17:16.791024,f
12272,하천리,4623036025,전라남도,2026-01-13 13:17:16.794871,2026-01-13 13:17:16.794873,f
12273,담양군,4671000000,전라남도,2026-01-13 13:17:16.798636,2026-01-13 13:17:16.798638,f
12274,담양읍,4671025000,전라남도,2026-01-13 13:17:16.802832,2026-01-13 13:17:16.802835,f
12275,담주리,4671025021,전라남도,2026-01-13 13:17:16.806991,2026-01-13 13:17:16.806994,f
12276,천변리,4671025022,전라남도,2026-01-13 13:17:16.810732,2026-01-13 13:17:16.810734,f
12277,지침리,4671025023,전라남도,2026-01-13 13:17:16.814845,2026-01-13 13:17:16.814847,f
12278,객사리,4671025024,전라남도,2026-01-13 13:17:16.819517,2026-01-13 13:17:16.81952,f
12279,백동리,4671025025,전라남도,2026-01-13 13:17:16.823899,2026-01-13 13:17:16.823901,f
12280,남산리,4671025026,전라남도,2026-01-13 13:17:16.82791,2026-01-13 13:17:16.827912,f
12281,향교리,4671025027,전라남도,2026-01-13 13:17:16.831542,2026-01-13 13:17:16.831544,f
12282,만성리,4671025028,전라남도,2026-01-13 13:17:16.835134,2026-01-13 13:17:16.835137,f
12283,양각리,4671025029,전라남도,2026-01-13 13:17:16.839744,2026-01-13 13:17:16.839746,f
12284,강쟁리,4671025030,전라남도,2026-01-13 13:17:16.843798,2026-01-13 13:17:16.843801,f
12285,반룡리,4671025031,전라남도,2026-01-13 13:17:16.848197,2026-01-13 13:17:16.848199,f
12286,오계리,4671025032,전라남도,2026-01-13 13:17:16.851764,2026-01-13 13:17:16.851767,f
12287,학동리,4671025033,전라남도,2026-01-13 13:17:16.856611,2026-01-13 13:17:16.856613,f
12288,금월리,4671025034,전라남도,2026-01-13 13:17:16.860922,2026-01-13 13:17:16.860925,f
12289,삼만리,4671025035,전라남도,2026-01-13 13:17:16.865702,2026-01-13 13:17:16.865704,f
12290,운교리,4671025036,전라남도,2026-01-13 13:17:16.869974,2026-01-13 13:17:16.869976,f
12291,삼다리,4671025037,전라남도,2026-01-13 13:17:16.874491,2026-01-13 13:17:16.874494,f
12292,가산리,4671025038,전라남도,2026-01-13 13:17:16.878667,2026-01-13 13:17:16.878669,f
12293,봉산면,4671031000,전라남도,2026-01-13 13:17:16.882509,2026-01-13 13:17:16.88251,f
12294,대추리,4671031021,전라남도,2026-01-13 13:17:16.887298,2026-01-13 13:17:16.887301,f
12295,제월리,4671031022,전라남도,2026-01-13 13:17:16.891149,2026-01-13 13:17:16.891151,f
12296,신학리,4671031023,전라남도,2026-01-13 13:17:16.896334,2026-01-13 13:17:16.896337,f
12297,기곡리,4671031024,전라남도,2026-01-13 13:17:16.900929,2026-01-13 13:17:16.900932,f
12298,연동리,4671031025,전라남도,2026-01-13 13:17:16.906117,2026-01-13 13:17:16.90612,f
12299,유산리,4671031026,전라남도,2026-01-13 13:17:16.909992,2026-01-13 13:17:16.909993,f
12300,양지리,4671031027,전라남도,2026-01-13 13:17:16.913616,2026-01-13 13:17:16.913618,f
12301,와우리,4671031028,전라남도,2026-01-13 13:17:16.917049,2026-01-13 13:17:16.917051,f
12302,삼지리,4671031029,전라남도,2026-01-13 13:17:16.921856,2026-01-13 13:17:16.921861,f
12303,고서면,4671032000,전라남도,2026-01-13 13:17:16.933224,2026-01-13 13:17:16.933226,f
12304,교산리,4671032021,전라남도,2026-01-13 13:17:16.938859,2026-01-13 13:17:16.938863,f
12305,고읍리,4671032022,전라남도,2026-01-13 13:17:16.946239,2026-01-13 13:17:16.946243,f
12306,분향리,4671032023,전라남도,2026-01-13 13:17:16.951649,2026-01-13 13:17:16.951651,f
12307,금현리,4671032024,전라남도,2026-01-13 13:17:16.956304,2026-01-13 13:17:16.956307,f
12308,성월리,4671032025,전라남도,2026-01-13 13:17:16.962294,2026-01-13 13:17:16.9623,f
12309,보촌리,4671032026,전라남도,2026-01-13 13:17:16.967905,2026-01-13 13:17:16.967907,f
12310,주산리,4671032027,전라남도,2026-01-13 13:17:16.971894,2026-01-13 13:17:16.971898,f
12311,원강리,4671032028,전라남도,2026-01-13 13:17:16.976331,2026-01-13 13:17:16.976334,f
12312,동운리,4671032029,전라남도,2026-01-13 13:17:16.980617,2026-01-13 13:17:16.98062,f
12313,산덕리,4671032030,전라남도,2026-01-13 13:17:16.986909,2026-01-13 13:17:16.986912,f
12314,가사문학면,4671033500,전라남도,2026-01-13 13:17:16.992356,2026-01-13 13:17:16.99236,f
12315,학선리,4671033521,전라남도,2026-01-13 13:17:16.997246,2026-01-13 13:17:16.997248,f
12316,평리,4672034021,전라남도,2026-01-13 13:17:17.001996,2026-01-13 13:17:17.001999,f
12317,동암리,4672034022,전라남도,2026-01-13 13:17:17.005967,2026-01-13 13:17:17.005969,f
12318,구룡리,4672034023,전라남도,2026-01-13 13:17:17.010195,2026-01-13 13:17:17.010197,f
12319,지곡리,4671033522,전라남도,2026-01-13 13:17:17.015765,2026-01-13 13:17:17.015768,f
12320,연천리,4671033523,전라남도,2026-01-13 13:17:17.020127,2026-01-13 13:17:17.020128,f
12321,정곡리,4671033524,전라남도,2026-01-13 13:17:17.02447,2026-01-13 13:17:17.024472,f
12322,경상리,4671033525,전라남도,2026-01-13 13:17:17.028497,2026-01-13 13:17:17.028499,f
12323,무동리,4671033526,전라남도,2026-01-13 13:17:17.032149,2026-01-13 13:17:17.032151,f
12324,만월리,4671033527,전라남도,2026-01-13 13:17:17.035861,2026-01-13 13:17:17.035864,f
12325,구산리,4671033528,전라남도,2026-01-13 13:17:17.039533,2026-01-13 13:17:17.039534,f
12326,인암리,4671033529,전라남도,2026-01-13 13:17:17.043894,2026-01-13 13:17:17.043898,f
12327,가암리,4671033530,전라남도,2026-01-13 13:17:17.048114,2026-01-13 13:17:17.048117,f
12328,풍암리,4671033531,전라남도,2026-01-13 13:17:17.052665,2026-01-13 13:17:17.052668,f
12329,창평면,4671034000,전라남도,2026-01-13 13:17:17.056718,2026-01-13 13:17:17.056721,f
12330,창평리,4671034021,전라남도,2026-01-13 13:17:17.062661,2026-01-13 13:17:17.062663,f
12331,삼천리,4671034022,전라남도,2026-01-13 13:17:17.067357,2026-01-13 13:17:17.067359,f
12332,용수리,4671034023,전라남도,2026-01-13 13:17:17.071534,2026-01-13 13:17:17.071538,f
12333,유천리,4671034024,전라남도,2026-01-13 13:17:17.075766,2026-01-13 13:17:17.07577,f
12334,오강리,4671034025,전라남도,2026-01-13 13:17:17.079507,2026-01-13 13:17:17.079509,f
12335,의항리,4671034026,전라남도,2026-01-13 13:17:17.08319,2026-01-13 13:17:17.083193,f
12336,일산리,4671034027,전라남도,2026-01-13 13:17:17.087745,2026-01-13 13:17:17.087747,f
12337,장화리,4671034028,전라남도,2026-01-13 13:17:17.092216,2026-01-13 13:17:17.092218,f
12338,유곡리,4671034029,전라남도,2026-01-13 13:17:17.096494,2026-01-13 13:17:17.096496,f
12339,해곡리,4671034030,전라남도,2026-01-13 13:17:17.100673,2026-01-13 13:17:17.100675,f
12340,광덕리,4671034031,전라남도,2026-01-13 13:17:17.105957,2026-01-13 13:17:17.105962,f
12341,외동리,4671034032,전라남도,2026-01-13 13:17:17.111953,2026-01-13 13:17:17.111956,f
12342,대덕면,4671035000,전라남도,2026-01-13 13:17:17.116942,2026-01-13 13:17:17.116945,f
12343,매산리,4671035021,전라남도,2026-01-13 13:17:17.121523,2026-01-13 13:17:17.121525,f
12344,장산리,4671035022,전라남도,2026-01-13 13:17:17.126267,2026-01-13 13:17:17.126269,f
12345,비차리,4671035023,전라남도,2026-01-13 13:17:17.130508,2026-01-13 13:17:17.130512,f
12346,금산리,4671035024,전라남도,2026-01-13 13:17:17.134816,2026-01-13 13:17:17.134818,f
12347,성곡리,4671035025,전라남도,2026-01-13 13:17:17.139493,2026-01-13 13:17:17.139496,f
12348,문학리,4671035026,전라남도,2026-01-13 13:17:17.144293,2026-01-13 13:17:17.144296,f
12349,운암리,4671035027,전라남도,2026-01-13 13:17:17.148101,2026-01-13 13:17:17.148102,f
12350,용대리,4671035028,전라남도,2026-01-13 13:17:17.152011,2026-01-13 13:17:17.152013,f
12351,갈전리,4671035029,전라남도,2026-01-13 13:17:17.156049,2026-01-13 13:17:17.156051,f
12352,운산리,4671035030,전라남도,2026-01-13 13:17:17.159824,2026-01-13 13:17:17.159826,f
12353,입석리,4671035031,전라남도,2026-01-13 13:17:17.16541,2026-01-13 13:17:17.165413,f
12354,무정면,4671036000,전라남도,2026-01-13 13:17:17.170052,2026-01-13 13:17:17.170054,f
12355,봉안리,4671036021,전라남도,2026-01-13 13:17:17.174408,2026-01-13 13:17:17.174411,f
12356,오룡리,4671036022,전라남도,2026-01-13 13:17:17.179048,2026-01-13 13:17:17.179051,f
12357,오봉리,4671036023,전라남도,2026-01-13 13:17:17.183477,2026-01-13 13:17:17.183481,f
12358,영천리,4671036024,전라남도,2026-01-13 13:17:17.188674,2026-01-13 13:17:17.188676,f
12359,성도리,4671036025,전라남도,2026-01-13 13:17:17.192953,2026-01-13 13:17:17.192955,f
12360,동산리,4671036026,전라남도,2026-01-13 13:17:17.197508,2026-01-13 13:17:17.197511,f
12361,안평리,4671036027,전라남도,2026-01-13 13:17:17.20299,2026-01-13 13:17:17.202993,f
12362,덕곡리,4671036028,전라남도,2026-01-13 13:17:17.208418,2026-01-13 13:17:17.208422,f
12363,서흥리,4671036029,전라남도,2026-01-13 13:17:17.21282,2026-01-13 13:17:17.212822,f
12364,정석리,4671036030,전라남도,2026-01-13 13:17:17.216644,2026-01-13 13:17:17.216646,f
12365,평지리,4671036031,전라남도,2026-01-13 13:17:17.221514,2026-01-13 13:17:17.221517,f
12366,동강리,4671036032,전라남도,2026-01-13 13:17:17.226006,2026-01-13 13:17:17.226009,f
12367,오례리,4671036033,전라남도,2026-01-13 13:17:17.229998,2026-01-13 13:17:17.23,f
12368,금성면,4671037000,전라남도,2026-01-13 13:17:17.234048,2026-01-13 13:17:17.23405,f
12369,원천리,4671037021,전라남도,2026-01-13 13:17:17.237716,2026-01-13 13:17:17.237718,f
12370,석현리,4671037022,전라남도,2026-01-13 13:17:17.241678,2026-01-13 13:17:17.24168,f
12371,대성리,4671037023,전라남도,2026-01-13 13:17:17.246254,2026-01-13 13:17:17.246257,f
12372,원율리,4671037024,전라남도,2026-01-13 13:17:17.250466,2026-01-13 13:17:17.250468,f
12373,금성리,4671037025,전라남도,2026-01-13 13:17:17.254546,2026-01-13 13:17:17.254548,f
12374,덕성리,4671037026,전라남도,2026-01-13 13:17:17.258618,2026-01-13 13:17:17.25862,f
12375,봉서리,4671037027,전라남도,2026-01-13 13:17:17.263003,2026-01-13 13:17:17.263006,f
12376,대곡리,4671037028,전라남도,2026-01-13 13:17:17.267279,2026-01-13 13:17:17.267281,f
12377,외추리,4671037029,전라남도,2026-01-13 13:17:17.271344,2026-01-13 13:17:17.271346,f
12378,봉황리,4671037030,전라남도,2026-01-13 13:17:17.275388,2026-01-13 13:17:17.275389,f
12379,용면,4671038000,전라남도,2026-01-13 13:17:17.279383,2026-01-13 13:17:17.279384,f
12380,구봉리,4672033031,전라남도,2026-01-13 13:17:17.283537,2026-01-13 13:17:17.28354,f
12381,봉전리,4672033032,전라남도,2026-01-13 13:17:17.288335,2026-01-13 13:17:17.288337,f
12382,목사동면,4672034000,전라남도,2026-01-13 13:17:17.292103,2026-01-13 13:17:17.292105,f
12383,두장리,4671038021,전라남도,2026-01-13 13:17:17.29589,2026-01-13 13:17:17.295892,f
12384,통천리,4671038022,전라남도,2026-01-13 13:17:17.299978,2026-01-13 13:17:17.29998,f
12385,추성리,4671038023,전라남도,2026-01-13 13:17:17.30449,2026-01-13 13:17:17.304495,f
12386,쌍태리,4671038024,전라남도,2026-01-13 13:17:17.308511,2026-01-13 13:17:17.308513,f
12387,도림리,4671038025,전라남도,2026-01-13 13:17:17.312072,2026-01-13 13:17:17.312074,f
12388,월계리,4671038026,전라남도,2026-01-13 13:17:17.315777,2026-01-13 13:17:17.315779,f
12389,용연리,4671038027,전라남도,2026-01-13 13:17:17.319792,2026-01-13 13:17:17.319794,f
12390,용치리,4671038028,전라남도,2026-01-13 13:17:17.323376,2026-01-13 13:17:17.323377,f
12391,월산면,4671039000,전라남도,2026-01-13 13:17:17.328361,2026-01-13 13:17:17.328364,f
12392,월산리,4671039021,전라남도,2026-01-13 13:17:17.332152,2026-01-13 13:17:17.332153,f
12393,월평리,4671039022,전라남도,2026-01-13 13:17:17.336171,2026-01-13 13:17:17.336173,f
12394,중월리,4671039023,전라남도,2026-01-13 13:17:17.34012,2026-01-13 13:17:17.340123,f
12395,용흥리,4671039024,전라남도,2026-01-13 13:17:17.344287,2026-01-13 13:17:17.344288,f
12396,용암리,4671039025,전라남도,2026-01-13 13:17:17.348114,2026-01-13 13:17:17.348115,f
12397,신계리,4671039026,전라남도,2026-01-13 13:17:17.352146,2026-01-13 13:17:17.352148,f
12398,광암리,4671039027,전라남도,2026-01-13 13:17:17.355885,2026-01-13 13:17:17.355888,f
12399,오성리,4671039028,전라남도,2026-01-13 13:17:17.359625,2026-01-13 13:17:17.359626,f
12400,월계리,4671039029,전라남도,2026-01-13 13:17:17.363882,2026-01-13 13:17:17.363886,f
12401,화방리,4671039030,전라남도,2026-01-13 13:17:17.368314,2026-01-13 13:17:17.368316,f
12402,수북면,4671040000,전라남도,2026-01-13 13:17:17.373532,2026-01-13 13:17:17.373535,f
12403,나산리,4671040021,전라남도,2026-01-13 13:17:17.378354,2026-01-13 13:17:17.378358,f
12404,개동리,4671040022,전라남도,2026-01-13 13:17:17.382192,2026-01-13 13:17:17.382194,f
12405,정중리,4671040023,전라남도,2026-01-13 13:17:17.387118,2026-01-13 13:17:17.38712,f
12406,황금리,4671040024,전라남도,2026-01-13 13:17:17.391091,2026-01-13 13:17:17.391092,f
12407,고성리,4671040025,전라남도,2026-01-13 13:17:17.395209,2026-01-13 13:17:17.395211,f
12408,오정리,4671040026,전라남도,2026-01-13 13:17:17.39915,2026-01-13 13:17:17.399151,f
12409,대방리,4671040027,전라남도,2026-01-13 13:17:17.403346,2026-01-13 13:17:17.403349,f
12410,궁산리,4671040028,전라남도,2026-01-13 13:17:17.408369,2026-01-13 13:17:17.408371,f
12411,두정리,4671040029,전라남도,2026-01-13 13:17:17.412415,2026-01-13 13:17:17.412418,f
12412,주평리,4671040030,전라남도,2026-01-13 13:17:17.416736,2026-01-13 13:17:17.416739,f
12413,풍수리,4671040031,전라남도,2026-01-13 13:17:17.421815,2026-01-13 13:17:17.421818,f
12414,남산리,4671040032,전라남도,2026-01-13 13:17:17.42633,2026-01-13 13:17:17.426332,f
12415,대흥리,4671040033,전라남도,2026-01-13 13:17:17.430983,2026-01-13 13:17:17.430985,f
12416,수북리,4671040034,전라남도,2026-01-13 13:17:17.434943,2026-01-13 13:17:17.434946,f
12417,대전면,4671041000,전라남도,2026-01-13 13:17:17.439327,2026-01-13 13:17:17.439331,f
12418,대치리,4671041021,전라남도,2026-01-13 13:17:17.44311,2026-01-13 13:17:17.443112,f
12419,평장리,4671041022,전라남도,2026-01-13 13:17:17.447484,2026-01-13 13:17:17.447486,f
12420,서옥리,4671041023,전라남도,2026-01-13 13:17:17.451284,2026-01-13 13:17:17.451286,f
12421,중옥리,4671041024,전라남도,2026-01-13 13:17:17.45499,2026-01-13 13:17:17.454992,f
12422,응용리,4671041025,전라남도,2026-01-13 13:17:17.458957,2026-01-13 13:17:17.458959,f
12423,태목리,4671041026,전라남도,2026-01-13 13:17:17.464278,2026-01-13 13:17:17.46428,f
12424,강의리,4671041027,전라남도,2026-01-13 13:17:17.468075,2026-01-13 13:17:17.468076,f
12425,월본리,4671041028,전라남도,2026-01-13 13:17:17.471759,2026-01-13 13:17:17.47176,f
12426,병풍리,4671041029,전라남도,2026-01-13 13:17:17.475456,2026-01-13 13:17:17.475458,f
12427,행성리,4671041030,전라남도,2026-01-13 13:17:17.479175,2026-01-13 13:17:17.479177,f
12428,성산리,4671041031,전라남도,2026-01-13 13:17:17.48335,2026-01-13 13:17:17.483352,f
12429,갑향리,4671041032,전라남도,2026-01-13 13:17:17.488965,2026-01-13 13:17:17.488969,f
12430,곡성군,4672000000,전라남도,2026-01-13 13:17:17.495172,2026-01-13 13:17:17.495176,f
12431,염곡리,4672033029,전라남도,2026-01-13 13:17:17.5003,2026-01-13 13:17:17.500303,f
12432,유정리,4672033030,전라남도,2026-01-13 13:17:17.504674,2026-01-13 13:17:17.504677,f
12433,청용리,4679033027,전라남도,2026-01-13 13:17:17.50887,2026-01-13 13:17:17.508873,f
12434,곡성읍,4672025000,전라남도,2026-01-13 13:17:17.514168,2026-01-13 13:17:17.51417,f
12435,읍내리,4672025021,전라남도,2026-01-13 13:17:17.518321,2026-01-13 13:17:17.518323,f
12436,학정리,4672025022,전라남도,2026-01-13 13:17:17.522404,2026-01-13 13:17:17.522406,f
12437,교촌리,4672025023,전라남도,2026-01-13 13:17:17.526724,2026-01-13 13:17:17.526727,f
12438,죽동리,4672025024,전라남도,2026-01-13 13:17:17.530957,2026-01-13 13:17:17.530959,f
12439,신월리,4672025025,전라남도,2026-01-13 13:17:17.534851,2026-01-13 13:17:17.534852,f
12440,월봉리,4672025026,전라남도,2026-01-13 13:17:17.539065,2026-01-13 13:17:17.539068,f
12441,구원리,4672025027,전라남도,2026-01-13 13:17:17.544266,2026-01-13 13:17:17.544268,f
12442,서계리,4672025028,전라남도,2026-01-13 13:17:17.547995,2026-01-13 13:17:17.547997,f
12443,대평리,4672025029,전라남도,2026-01-13 13:17:17.551824,2026-01-13 13:17:17.551825,f
12444,신리,4672025030,전라남도,2026-01-13 13:17:17.555619,2026-01-13 13:17:17.555622,f
12445,동산리,4672025031,전라남도,2026-01-13 13:17:17.570364,2026-01-13 13:17:17.57037,f
12446,장선리,4672025032,전라남도,2026-01-13 13:17:17.580483,2026-01-13 13:17:17.580491,f
12447,신기리,4672025033,전라남도,2026-01-13 13:17:17.58763,2026-01-13 13:17:17.587632,f
12448,묘천리,4672025034,전라남도,2026-01-13 13:17:17.592258,2026-01-13 13:17:17.592261,f
12449,오곡면,4672031000,전라남도,2026-01-13 13:17:17.597014,2026-01-13 13:17:17.597016,f
12450,오지리,4672031021,전라남도,2026-01-13 13:17:17.601298,2026-01-13 13:17:17.601303,f
12451,덕산리,4672031022,전라남도,2026-01-13 13:17:17.606093,2026-01-13 13:17:17.606096,f
12452,침곡리,4672031023,전라남도,2026-01-13 13:17:17.61021,2026-01-13 13:17:17.610212,f
12453,송정리,4672031024,전라남도,2026-01-13 13:17:17.613992,2026-01-13 13:17:17.613993,f
12454,봉조리,4672031025,전라남도,2026-01-13 13:17:17.618471,2026-01-13 13:17:17.618473,f
12455,압록리,4672031026,전라남도,2026-01-13 13:17:17.623396,2026-01-13 13:17:17.623398,f
12456,명산리,4672031027,전라남도,2026-01-13 13:17:17.628346,2026-01-13 13:17:17.628347,f
12457,승법리,4672031028,전라남도,2026-01-13 13:17:17.632252,2026-01-13 13:17:17.632254,f
12458,구성리,4672031029,전라남도,2026-01-13 13:17:17.636308,2026-01-13 13:17:17.636309,f
12459,미산리,4672031030,전라남도,2026-01-13 13:17:17.640282,2026-01-13 13:17:17.640284,f
12460,삼기면,4672032000,전라남도,2026-01-13 13:17:17.644761,2026-01-13 13:17:17.644763,f
12461,원등리,4672032021,전라남도,2026-01-13 13:17:17.649239,2026-01-13 13:17:17.649241,f
12462,월경리,4672032022,전라남도,2026-01-13 13:17:17.653371,2026-01-13 13:17:17.653373,f
12463,괴소리,4672032023,전라남도,2026-01-13 13:17:17.658445,2026-01-13 13:17:17.658448,f
12464,의암리,4672032024,전라남도,2026-01-13 13:17:17.662863,2026-01-13 13:17:17.662865,f
12465,금반리,4672032025,전라남도,2026-01-13 13:17:17.667862,2026-01-13 13:17:17.667864,f
12466,청계리,4672032026,전라남도,2026-01-13 13:17:17.672706,2026-01-13 13:17:17.672708,f
12467,농소리,4672032027,전라남도,2026-01-13 13:17:17.677126,2026-01-13 13:17:17.677128,f
12468,노동리,4672032028,전라남도,2026-01-13 13:17:17.681544,2026-01-13 13:17:17.681547,f
12469,수산리,4672032029,전라남도,2026-01-13 13:17:17.687339,2026-01-13 13:17:17.687341,f
12470,근촌리,4672032030,전라남도,2026-01-13 13:17:17.691164,2026-01-13 13:17:17.691167,f
12471,경악리,4672032031,전라남도,2026-01-13 13:17:17.696157,2026-01-13 13:17:17.696161,f
12472,금계리,4672032032,전라남도,2026-01-13 13:17:17.701681,2026-01-13 13:17:17.701683,f
12473,석곡면,4672033000,전라남도,2026-01-13 13:17:17.706766,2026-01-13 13:17:17.706768,f
12474,석곡리,4672033021,전라남도,2026-01-13 13:17:17.710884,2026-01-13 13:17:17.710887,f
12475,능파리,4672033022,전라남도,2026-01-13 13:17:17.714888,2026-01-13 13:17:17.714889,f
12476,덕흥리,4672033023,전라남도,2026-01-13 13:17:17.719216,2026-01-13 13:17:17.719218,f
12477,당월리,4672033024,전라남도,2026-01-13 13:17:17.723069,2026-01-13 13:17:17.72307,f
12478,방송리,4672033025,전라남도,2026-01-13 13:17:17.727833,2026-01-13 13:17:17.727835,f
12479,연반리,4672033026,전라남도,2026-01-13 13:17:17.731832,2026-01-13 13:17:17.731833,f
12480,죽산리,4672033027,전라남도,2026-01-13 13:17:17.736359,2026-01-13 13:17:17.736362,f
12481,온수리,4672033028,전라남도,2026-01-13 13:17:17.741009,2026-01-13 13:17:17.741012,f
12482,입석리,4672038030,전라남도,2026-01-13 13:17:17.746366,2026-01-13 13:17:17.746368,f
12483,삼오리,4672038031,전라남도,2026-01-13 13:17:17.751281,2026-01-13 13:17:17.751283,f
12484,송전리,4672038032,전라남도,2026-01-13 13:17:17.755118,2026-01-13 13:17:17.75512,f
12485,겸면,4672039000,전라남도,2026-01-13 13:17:17.758833,2026-01-13 13:17:17.758835,f
12486,현정리,4672039021,전라남도,2026-01-13 13:17:17.763177,2026-01-13 13:17:17.763179,f
12487,가정리,4672039022,전라남도,2026-01-13 13:17:17.767666,2026-01-13 13:17:17.767669,f
12488,평장리,4672039023,전라남도,2026-01-13 13:17:17.771406,2026-01-13 13:17:17.771408,f
12489,마전리,4672039024,전라남도,2026-01-13 13:17:17.776393,2026-01-13 13:17:17.776396,f
12490,산정리,4672039025,전라남도,2026-01-13 13:17:17.780762,2026-01-13 13:17:17.780764,f
12491,상덕리,4672039026,전라남도,2026-01-13 13:17:17.785417,2026-01-13 13:17:17.785419,f
12492,괴정리,4672039027,전라남도,2026-01-13 13:17:17.789149,2026-01-13 13:17:17.789152,f
12493,대명리,4672039028,전라남도,2026-01-13 13:17:17.793026,2026-01-13 13:17:17.793028,f
12494,송강리,4672039029,전라남도,2026-01-13 13:17:17.797152,2026-01-13 13:17:17.797154,f
12495,운교리,4672039030,전라남도,2026-01-13 13:17:17.801026,2026-01-13 13:17:17.801028,f
12496,칠봉리,4672039031,전라남도,2026-01-13 13:17:17.806132,2026-01-13 13:17:17.806135,f
12497,남양리,4672039032,전라남도,2026-01-13 13:17:17.810105,2026-01-13 13:17:17.810107,f
12498,오산면,4672040000,전라남도,2026-01-13 13:17:17.813795,2026-01-13 13:17:17.813798,f
12499,봉동리,4672040021,전라남도,2026-01-13 13:17:17.819902,2026-01-13 13:17:17.819908,f
12500,백운리,4679033026,전라남도,2026-01-13 13:17:17.827221,2026-01-13 13:17:17.827225,f
12501,율천리,4672040022,전라남도,2026-01-13 13:17:17.83393,2026-01-13 13:17:17.833932,f
12502,단사리,4672040023,전라남도,2026-01-13 13:17:17.840779,2026-01-13 13:17:17.840782,f
12503,조양리,4672040024,전라남도,2026-01-13 13:17:17.846694,2026-01-13 13:17:17.846709,f
12504,선세리,4672040025,전라남도,2026-01-13 13:17:17.852526,2026-01-13 13:17:17.85253,f
12505,가곡리,4672040026,전라남도,2026-01-13 13:17:17.858157,2026-01-13 13:17:17.858159,f
12506,청단리,4672040027,전라남도,2026-01-13 13:17:17.868867,2026-01-13 13:17:17.868874,f
12507,연화리,4672040028,전라남도,2026-01-13 13:17:17.878623,2026-01-13 13:17:17.878627,f
12508,운곡리,4672040029,전라남도,2026-01-13 13:17:17.886113,2026-01-13 13:17:17.886119,f
12509,구례군,4673000000,전라남도,2026-01-13 13:17:17.890868,2026-01-13 13:17:17.890869,f
12510,구례읍,4673025000,전라남도,2026-01-13 13:17:17.894627,2026-01-13 13:17:17.89463,f
12511,봉동리,4673025021,전라남도,2026-01-13 13:17:17.89921,2026-01-13 13:17:17.899211,f
12512,봉남리,4673025022,전라남도,2026-01-13 13:17:17.903198,2026-01-13 13:17:17.9032,f
12513,백련리,4673025023,전라남도,2026-01-13 13:17:17.908411,2026-01-13 13:17:17.908415,f
12514,산성리,4673025024,전라남도,2026-01-13 13:17:17.914464,2026-01-13 13:17:17.914466,f
12515,신월리,4673025025,전라남도,2026-01-13 13:17:17.919317,2026-01-13 13:17:17.919319,f
12516,봉서리,4673025026,전라남도,2026-01-13 13:17:17.923288,2026-01-13 13:17:17.92329,f
12517,원방리,4673025027,전라남도,2026-01-13 13:17:17.92851,2026-01-13 13:17:17.928513,f
12518,논곡리,4673025028,전라남도,2026-01-13 13:17:17.932839,2026-01-13 13:17:17.932841,f
12519,계산리,4673025029,전라남도,2026-01-13 13:17:17.936474,2026-01-13 13:17:17.936476,f
12520,봉북리,4673025030,전라남도,2026-01-13 13:17:17.940985,2026-01-13 13:17:17.940987,f
12521,문척면,4673031000,전라남도,2026-01-13 13:17:17.94575,2026-01-13 13:17:17.945753,f
12522,월전리,4673031021,전라남도,2026-01-13 13:17:17.951195,2026-01-13 13:17:17.951198,f
12523,죽마리,4673031022,전라남도,2026-01-13 13:17:17.955268,2026-01-13 13:17:17.955269,f
12524,금정리,4673031023,전라남도,2026-01-13 13:17:17.95897,2026-01-13 13:17:17.958972,f
12525,중산리,4673031024,전라남도,2026-01-13 13:17:17.964265,2026-01-13 13:17:17.964269,f
12526,간전면,4673032000,전라남도,2026-01-13 13:17:17.969572,2026-01-13 13:17:17.969576,f
12527,간문리,4673032021,전라남도,2026-01-13 13:17:17.973749,2026-01-13 13:17:17.973751,f
12528,수평리,4673032022,전라남도,2026-01-13 13:17:17.977816,2026-01-13 13:17:17.977818,f
12529,흥대리,4673032023,전라남도,2026-01-13 13:17:17.982844,2026-01-13 13:17:17.982847,f
12530,중대리,4673032024,전라남도,2026-01-13 13:17:17.98808,2026-01-13 13:17:17.988083,f
12531,운천리,4673032025,전라남도,2026-01-13 13:17:17.993417,2026-01-13 13:17:17.993419,f
12532,금산리,4673032026,전라남도,2026-01-13 13:17:17.998797,2026-01-13 13:17:17.998799,f
12533,양천리,4673032027,전라남도,2026-01-13 13:17:18.003528,2026-01-13 13:17:18.003531,f
12534,삼산리,4673032028,전라남도,2026-01-13 13:17:18.008486,2026-01-13 13:17:18.008488,f
12535,효곡리,4673032029,전라남도,2026-01-13 13:17:18.013783,2026-01-13 13:17:18.013785,f
12536,토지면,4673033000,전라남도,2026-01-13 13:17:18.017889,2026-01-13 13:17:18.017892,f
12537,구산리,4673033021,전라남도,2026-01-13 13:17:18.021891,2026-01-13 13:17:18.021893,f
12538,파도리,4673033022,전라남도,2026-01-13 13:17:18.027036,2026-01-13 13:17:18.027041,f
12539,외곡리,4673033023,전라남도,2026-01-13 13:17:18.03198,2026-01-13 13:17:18.031982,f
12540,용두리,4673033024,전라남도,2026-01-13 13:17:18.036278,2026-01-13 13:17:18.03628,f
12541,오미리,4673033025,전라남도,2026-01-13 13:17:18.040344,2026-01-13 13:17:18.040346,f
12542,송정리,4673033026,전라남도,2026-01-13 13:17:18.044907,2026-01-13 13:17:18.04491,f
12543,내동리,4673033027,전라남도,2026-01-13 13:17:18.04976,2026-01-13 13:17:18.049764,f
12544,내서리,4673033028,전라남도,2026-01-13 13:17:18.054714,2026-01-13 13:17:18.054716,f
12545,문수리,4673033029,전라남도,2026-01-13 13:17:18.058894,2026-01-13 13:17:18.058896,f
12546,금내리,4673033030,전라남도,2026-01-13 13:17:18.063493,2026-01-13 13:17:18.063497,f
12547,마산면,4673034000,전라남도,2026-01-13 13:17:18.067809,2026-01-13 13:17:18.067811,f
12548,마산리,4673034021,전라남도,2026-01-13 13:17:18.072004,2026-01-13 13:17:18.072006,f
12549,광평리,4673034022,전라남도,2026-01-13 13:17:18.076294,2026-01-13 13:17:18.076298,f
12550,사도리,4673034023,전라남도,2026-01-13 13:17:18.080411,2026-01-13 13:17:18.080412,f
12551,황전리,4673034024,전라남도,2026-01-13 13:17:18.084823,2026-01-13 13:17:18.084827,f
12552,갑산리,4673034025,전라남도,2026-01-13 13:17:18.089082,2026-01-13 13:17:18.089083,f
12553,냉천리,4673034026,전라남도,2026-01-13 13:17:18.093115,2026-01-13 13:17:18.093116,f
12554,광의면,4673035000,전라남도,2026-01-13 13:17:18.098285,2026-01-13 13:17:18.098288,f
12555,연파리,4673035021,전라남도,2026-01-13 13:17:18.103201,2026-01-13 13:17:18.103203,f
12556,방광리,4673035022,전라남도,2026-01-13 13:17:18.10832,2026-01-13 13:17:18.108322,f
12557,대산리,4673035023,전라남도,2026-01-13 13:17:18.112449,2026-01-13 13:17:18.112451,f
12558,세청리,4679033024,전라남도,2026-01-13 13:17:18.116792,2026-01-13 13:17:18.116794,f
12559,대비리,4679033025,전라남도,2026-01-13 13:17:18.120921,2026-01-13 13:17:18.120923,f
12560,지천리,4673035024,전라남도,2026-01-13 13:17:18.1254,2026-01-13 13:17:18.125402,f
12561,수월리,4673035025,전라남도,2026-01-13 13:17:18.130133,2026-01-13 13:17:18.130135,f
12562,대전리,4673035026,전라남도,2026-01-13 13:17:18.134123,2026-01-13 13:17:18.134125,f
12563,온당리,4673035027,전라남도,2026-01-13 13:17:18.139225,2026-01-13 13:17:18.13923,f
12564,구만리,4673035028,전라남도,2026-01-13 13:17:18.144892,2026-01-13 13:17:18.144895,f
12565,용방면,4673036000,전라남도,2026-01-13 13:17:18.149403,2026-01-13 13:17:18.149407,f
12566,용정리,4673036021,전라남도,2026-01-13 13:17:18.15368,2026-01-13 13:17:18.153682,f
12567,신지리,4673036022,전라남도,2026-01-13 13:17:18.158088,2026-01-13 13:17:18.15809,f
12568,사림리,4673036023,전라남도,2026-01-13 13:17:18.163168,2026-01-13 13:17:18.163171,f
12569,용강리,4673036024,전라남도,2026-01-13 13:17:18.167628,2026-01-13 13:17:18.167631,f
12570,중방리,4673036025,전라남도,2026-01-13 13:17:18.17178,2026-01-13 13:17:18.171783,f
12571,신도리,4673036026,전라남도,2026-01-13 13:17:18.176165,2026-01-13 13:17:18.176167,f
12572,죽정리,4673036027,전라남도,2026-01-13 13:17:18.181212,2026-01-13 13:17:18.181216,f
12573,산동면,4673037000,전라남도,2026-01-13 13:17:18.188045,2026-01-13 13:17:18.18805,f
12574,원촌리,4673037021,전라남도,2026-01-13 13:17:18.195706,2026-01-13 13:17:18.195712,f
12575,원달리,4673037022,전라남도,2026-01-13 13:17:18.201057,2026-01-13 13:17:18.201059,f
12576,시상리,4673037023,전라남도,2026-01-13 13:17:18.2056,2026-01-13 13:17:18.205603,f
12577,외산리,4673037024,전라남도,2026-01-13 13:17:18.21047,2026-01-13 13:17:18.210472,f
12578,대평리,4673037025,전라남도,2026-01-13 13:17:18.214404,2026-01-13 13:17:18.214406,f
12579,좌사리,4673037026,전라남도,2026-01-13 13:17:18.218762,2026-01-13 13:17:18.218765,f
12580,이평리,4673037027,전라남도,2026-01-13 13:17:18.223465,2026-01-13 13:17:18.223467,f
12581,신학리,4673037028,전라남도,2026-01-13 13:17:18.229564,2026-01-13 13:17:18.229567,f
12582,내산리,4673037029,전라남도,2026-01-13 13:17:18.233786,2026-01-13 13:17:18.233788,f
12583,관산리,4673037030,전라남도,2026-01-13 13:17:18.237945,2026-01-13 13:17:18.237946,f
12584,수기리,4673037031,전라남도,2026-01-13 13:17:18.242687,2026-01-13 13:17:18.242689,f
12585,계천리,4673037032,전라남도,2026-01-13 13:17:18.247703,2026-01-13 13:17:18.247705,f
12586,둔사리,4673037033,전라남도,2026-01-13 13:17:18.251757,2026-01-13 13:17:18.25176,f
12587,위안리,4673037034,전라남도,2026-01-13 13:17:18.256285,2026-01-13 13:17:18.256287,f
12588,탑정리,4673037035,전라남도,2026-01-13 13:17:18.261371,2026-01-13 13:17:18.261373,f
12589,한지리,4679033022,전라남도,2026-01-13 13:17:18.26624,2026-01-13 13:17:18.266243,f
12590,어리,4679033023,전라남도,2026-01-13 13:17:18.270485,2026-01-13 13:17:18.270487,f
12591,청풍면,4679033000,전라남도,2026-01-13 13:17:18.27526,2026-01-13 13:17:18.275262,f
12592,풍암리,4679033021,전라남도,2026-01-13 13:17:18.279377,2026-01-13 13:17:18.279379,f
12593,용두리,4679032032,전라남도,2026-01-13 13:17:18.283624,2026-01-13 13:17:18.283627,f
12594,우봉리,4679032033,전라남도,2026-01-13 13:17:18.288822,2026-01-13 13:17:18.288824,f
12595,부곡리,4679032034,전라남도,2026-01-13 13:17:18.292893,2026-01-13 13:17:18.292895,f
12596,변천리,4679032029,전라남도,2026-01-13 13:17:18.297606,2026-01-13 13:17:18.29761,f
12597,산간리,4679032030,전라남도,2026-01-13 13:17:18.302153,2026-01-13 13:17:18.302154,f
12598,가봉리,4679032031,전라남도,2026-01-13 13:17:18.308358,2026-01-13 13:17:18.308362,f
12599,용곡리,4679032026,전라남도,2026-01-13 13:17:18.31299,2026-01-13 13:17:18.312992,f
12600,월평리,4679032027,전라남도,2026-01-13 13:17:18.317883,2026-01-13 13:17:18.317885,f
12601,가동리,4679032028,전라남도,2026-01-13 13:17:18.322389,2026-01-13 13:17:18.322391,f
12602,대신리,4679032023,전라남도,2026-01-13 13:17:18.327563,2026-01-13 13:17:18.327565,f
12603,회송리,4679032024,전라남도,2026-01-13 13:17:18.332318,2026-01-13 13:17:18.332321,f
12604,양곡리,4679032025,전라남도,2026-01-13 13:17:18.336445,2026-01-13 13:17:18.336447,f
12605,화림리,4679032022,전라남도,2026-01-13 13:17:18.341402,2026-01-13 13:17:18.341405,f
12606,고흥군,4677000000,전라남도,2026-01-13 13:17:18.347193,2026-01-13 13:17:18.347196,f
12607,고흥읍,4677025000,전라남도,2026-01-13 13:17:18.351951,2026-01-13 13:17:18.351953,f
12608,고소리,4677025021,전라남도,2026-01-13 13:17:18.356923,2026-01-13 13:17:18.356926,f
12609,호동리,4677025022,전라남도,2026-01-13 13:17:18.361514,2026-01-13 13:17:18.36152,f
12610,성촌리,4677025023,전라남도,2026-01-13 13:17:18.368504,2026-01-13 13:17:18.368507,f
12611,등암리,4677025024,전라남도,2026-01-13 13:17:18.377094,2026-01-13 13:17:18.377098,f
12612,호형리,4677025025,전라남도,2026-01-13 13:17:18.383705,2026-01-13 13:17:18.383707,f
12613,남계리,4677025026,전라남도,2026-01-13 13:17:18.388281,2026-01-13 13:17:18.388283,f
12614,옥하리,4677025027,전라남도,2026-01-13 13:17:18.392117,2026-01-13 13:17:18.392118,f
12615,서문리,4677025028,전라남도,2026-01-13 13:17:18.396796,2026-01-13 13:17:18.396798,f
12616,행정리,4677025029,전라남도,2026-01-13 13:17:18.400844,2026-01-13 13:17:18.400846,f
12617,도양읍,4677025300,전라남도,2026-01-13 13:17:18.405384,2026-01-13 13:17:18.405389,f
12618,장계리,4677025321,전라남도,2026-01-13 13:17:18.409813,2026-01-13 13:17:18.409814,f
12619,관리,4677025322,전라남도,2026-01-13 13:17:18.413889,2026-01-13 13:17:18.413891,f
12620,용정리,4677025323,전라남도,2026-01-13 13:17:18.418325,2026-01-13 13:17:18.418327,f
12621,봉암리,4677025324,전라남도,2026-01-13 13:17:18.423284,2026-01-13 13:17:18.423288,f
12622,득량리,4677025325,전라남도,2026-01-13 13:17:18.427559,2026-01-13 13:17:18.427561,f
12623,소록리,4677025326,전라남도,2026-01-13 13:17:18.431199,2026-01-13 13:17:18.431201,f
12624,시산리,4677025327,전라남도,2026-01-13 13:17:18.435,2026-01-13 13:17:18.435001,f
12625,풍양면,4677031000,전라남도,2026-01-13 13:17:18.438822,2026-01-13 13:17:18.438826,f
12626,상림리,4677031021,전라남도,2026-01-13 13:17:18.443222,2026-01-13 13:17:18.443225,f
12627,야막리,4677031022,전라남도,2026-01-13 13:17:18.447538,2026-01-13 13:17:18.44754,f
12628,보천리,4677031023,전라남도,2026-01-13 13:17:18.451531,2026-01-13 13:17:18.451534,f
12629,당두리,4677031024,전라남도,2026-01-13 13:17:18.455452,2026-01-13 13:17:18.455455,f
12630,고옥리,4677031025,전라남도,2026-01-13 13:17:18.460033,2026-01-13 13:17:18.460035,f
12631,한동리,4677031026,전라남도,2026-01-13 13:17:18.469172,2026-01-13 13:17:18.469174,f
12632,안동리,4677031027,전라남도,2026-01-13 13:17:18.473804,2026-01-13 13:17:18.473805,f
12633,매곡리,4677031028,전라남도,2026-01-13 13:17:18.477876,2026-01-13 13:17:18.477878,f
12634,풍남리,4677031029,전라남도,2026-01-13 13:17:18.482037,2026-01-13 13:17:18.482039,f
12635,송정리,4677031030,전라남도,2026-01-13 13:17:18.490651,2026-01-13 13:17:18.490656,f
12636,율치리,4677031031,전라남도,2026-01-13 13:17:18.495914,2026-01-13 13:17:18.495916,f
12637,봉양리,4677031032,전라남도,2026-01-13 13:17:18.49989,2026-01-13 13:17:18.499892,f
12638,도덕면,4677032000,전라남도,2026-01-13 13:17:18.504331,2026-01-13 13:17:18.504334,f
12639,도덕리,4677032021,전라남도,2026-01-13 13:17:18.509435,2026-01-13 13:17:18.509437,f
12640,신양리,4677032022,전라남도,2026-01-13 13:17:18.513116,2026-01-13 13:17:18.513118,f
12641,가야리,4677032023,전라남도,2026-01-13 13:17:18.516578,2026-01-13 13:17:18.516579,f
12642,봉덕리,4677032024,전라남도,2026-01-13 13:17:18.52003,2026-01-13 13:17:18.520031,f
12643,오마리,4677032025,전라남도,2026-01-13 13:17:18.524744,2026-01-13 13:17:18.524749,f
12644,용동리,4677032026,전라남도,2026-01-13 13:17:18.530146,2026-01-13 13:17:18.530148,f
12645,금산면,4677033000,전라남도,2026-01-13 13:17:18.534311,2026-01-13 13:17:18.534314,f
12646,대흥리,4677033021,전라남도,2026-01-13 13:17:18.538545,2026-01-13 13:17:18.538547,f
12647,어전리,4677033022,전라남도,2026-01-13 13:17:18.542367,2026-01-13 13:17:18.542369,f
12648,신전리,4677033023,전라남도,2026-01-13 13:17:18.547257,2026-01-13 13:17:18.54726,f
12649,신촌리,4677033024,전라남도,2026-01-13 13:17:18.551029,2026-01-13 13:17:18.551031,f
12650,석정리,4677033025,전라남도,2026-01-13 13:17:18.554537,2026-01-13 13:17:18.554539,f
12651,신평리,4677033026,전라남도,2026-01-13 13:17:18.558183,2026-01-13 13:17:18.558185,f
12652,오천리,4677033027,전라남도,2026-01-13 13:17:18.562028,2026-01-13 13:17:18.562029,f
12653,도화면,4677034000,전라남도,2026-01-13 13:17:18.566145,2026-01-13 13:17:18.56615,f
12654,가화리,4677034021,전라남도,2026-01-13 13:17:18.57012,2026-01-13 13:17:18.570122,f
12655,구암리,4677034022,전라남도,2026-01-13 13:17:18.574137,2026-01-13 13:17:18.574139,f
12656,사덕리,4677034023,전라남도,2026-01-13 13:17:18.578874,2026-01-13 13:17:18.578877,f
12657,덕중리,4677034025,전라남도,2026-01-13 13:17:18.58376,2026-01-13 13:17:18.583762,f
12658,봉산리,4677034026,전라남도,2026-01-13 13:17:18.588221,2026-01-13 13:17:18.588224,f
12659,당오리,4677034027,전라남도,2026-01-13 13:17:18.592446,2026-01-13 13:17:18.592448,f
12660,신호리,4677034028,전라남도,2026-01-13 13:17:18.596831,2026-01-13 13:17:18.596834,f
12661,봉룡리,4677034029,전라남도,2026-01-13 13:17:18.601189,2026-01-13 13:17:18.601191,f
12662,지죽리,4677034030,전라남도,2026-01-13 13:17:18.606008,2026-01-13 13:17:18.60601,f
12663,발포리,4677034031,전라남도,2026-01-13 13:17:18.61018,2026-01-13 13:17:18.610181,f
12664,포두면,4677035000,전라남도,2026-01-13 13:17:18.614301,2026-01-13 13:17:18.614303,f
12665,남성리,4677035021,전라남도,2026-01-13 13:17:18.618092,2026-01-13 13:17:18.618094,f
12666,옥강리,4677035022,전라남도,2026-01-13 13:17:18.622846,2026-01-13 13:17:18.622849,f
12667,차동리,4677035023,전라남도,2026-01-13 13:17:18.627717,2026-01-13 13:17:18.62772,f
12668,세동리,4677035024,전라남도,2026-01-13 13:17:18.631707,2026-01-13 13:17:18.631709,f
12669,길두리,4677035025,전라남도,2026-01-13 13:17:18.635636,2026-01-13 13:17:18.635638,f
12670,상대리,4677035026,전라남도,2026-01-13 13:17:18.640016,2026-01-13 13:17:18.640019,f
12671,봉림리,4677035027,전라남도,2026-01-13 13:17:18.644158,2026-01-13 13:17:18.644161,f
12672,장수리,4677035028,전라남도,2026-01-13 13:17:18.648469,2026-01-13 13:17:18.648472,f
12673,상포리,4677035029,전라남도,2026-01-13 13:17:18.652197,2026-01-13 13:17:18.652198,f
12674,남촌리,4677035030,전라남도,2026-01-13 13:17:18.655838,2026-01-13 13:17:18.655839,f
12675,송산리,4677035031,전라남도,2026-01-13 13:17:18.660135,2026-01-13 13:17:18.660138,f
12676,오취리,4677035032,전라남도,2026-01-13 13:17:18.664183,2026-01-13 13:17:18.664187,f
12677,봉래면,4677036000,전라남도,2026-01-13 13:17:18.670001,2026-01-13 13:17:18.670002,f
12678,외초리,4677036022,전라남도,2026-01-13 13:17:18.674609,2026-01-13 13:17:18.674611,f
12679,예내리,4677036023,전라남도,2026-01-13 13:17:18.678886,2026-01-13 13:17:18.678889,f
12680,신금리,4677036024,전라남도,2026-01-13 13:17:18.682681,2026-01-13 13:17:18.682683,f
12681,사양리,4677036027,전라남도,2026-01-13 13:17:18.68709,2026-01-13 13:17:18.687093,f
12682,점암면,4677037000,전라남도,2026-01-13 13:17:18.691124,2026-01-13 13:17:18.691126,f
12683,천학리,4677037021,전라남도,2026-01-13 13:17:18.695214,2026-01-13 13:17:18.695217,f
12684,장남리,4677037022,전라남도,2026-01-13 13:17:18.699299,2026-01-13 13:17:18.699301,f
12685,강산리,4677037023,전라남도,2026-01-13 13:17:18.703893,2026-01-13 13:17:18.703895,f
12686,여호리,4677037024,전라남도,2026-01-13 13:17:18.708133,2026-01-13 13:17:18.708135,f
12687,화계리,4677037025,전라남도,2026-01-13 13:17:18.712602,2026-01-13 13:17:18.712604,f
12688,성기리,4677037026,전라남도,2026-01-13 13:17:18.716391,2026-01-13 13:17:18.716393,f
12689,모룡리,4677037027,전라남도,2026-01-13 13:17:18.720561,2026-01-13 13:17:18.720562,f
12690,대룡리,4677037028,전라남도,2026-01-13 13:17:18.72478,2026-01-13 13:17:18.724782,f
12691,사정리,4677037029,전라남도,2026-01-13 13:17:18.728829,2026-01-13 13:17:18.728831,f
12692,연봉리,4677037030,전라남도,2026-01-13 13:17:18.733517,2026-01-13 13:17:18.73352,f
12693,신안리,4677037031,전라남도,2026-01-13 13:17:18.737671,2026-01-13 13:17:18.737674,f
12694,과역면,4677038000,전라남도,2026-01-13 13:17:18.741388,2026-01-13 13:17:18.74139,f
12695,신곡리,4677038021,전라남도,2026-01-13 13:17:18.745958,2026-01-13 13:17:18.745961,f
12696,백일리,4677038022,전라남도,2026-01-13 13:17:18.751133,2026-01-13 13:17:18.751134,f
12697,연등리,4677038023,전라남도,2026-01-13 13:17:18.756759,2026-01-13 13:17:18.756762,f
12698,호덕리,4677038024,전라남도,2026-01-13 13:17:18.764004,2026-01-13 13:17:18.764007,f
12699,석봉리,4677038025,전라남도,2026-01-13 13:17:18.771453,2026-01-13 13:17:18.771455,f
12700,과역리,4677038026,전라남도,2026-01-13 13:17:18.776313,2026-01-13 13:17:18.776316,f
12701,노일리,4677038027,전라남도,2026-01-13 13:17:18.782074,2026-01-13 13:17:18.782076,f
12702,도천리,4677038028,전라남도,2026-01-13 13:17:18.786971,2026-01-13 13:17:18.786974,f
12703,남양면,4677039000,전라남도,2026-01-13 13:17:18.794274,2026-01-13 13:17:18.794283,f
12704,장담리,4677039021,전라남도,2026-01-13 13:17:18.804003,2026-01-13 13:17:18.804006,f
12705,신흥리,4677039022,전라남도,2026-01-13 13:17:18.809977,2026-01-13 13:17:18.809982,f
12706,대곡리,4677039023,전라남도,2026-01-13 13:17:18.815079,2026-01-13 13:17:18.815082,f
12707,남양리,4677039024,전라남도,2026-01-13 13:17:18.820329,2026-01-13 13:17:18.820331,f
12708,중산리,4677039025,전라남도,2026-01-13 13:17:18.825686,2026-01-13 13:17:18.825695,f
12709,월정리,4677039026,전라남도,2026-01-13 13:17:18.829911,2026-01-13 13:17:18.829913,f
12710,망주리,4677039027,전라남도,2026-01-13 13:17:18.835322,2026-01-13 13:17:18.835324,f
12711,침교리,4677039028,전라남도,2026-01-13 13:17:18.838961,2026-01-13 13:17:18.838963,f
12712,동강면,4677040000,전라남도,2026-01-13 13:17:18.842875,2026-01-13 13:17:18.842877,f
12713,유둔리,4677040021,전라남도,2026-01-13 13:17:18.84726,2026-01-13 13:17:18.847263,f
12714,마륜리,4677040022,전라남도,2026-01-13 13:17:18.851499,2026-01-13 13:17:18.8515,f
12715,대강리,4677040023,전라남도,2026-01-13 13:17:18.855509,2026-01-13 13:17:18.855512,f
12716,매곡리,4677040024,전라남도,2026-01-13 13:17:18.859847,2026-01-13 13:17:18.85985,f
12717,한천리,4677040025,전라남도,2026-01-13 13:17:18.863822,2026-01-13 13:17:18.863823,f
12718,오월리,4677040026,전라남도,2026-01-13 13:17:18.868357,2026-01-13 13:17:18.868359,f
12719,청송리,4677040027,전라남도,2026-01-13 13:17:18.872408,2026-01-13 13:17:18.87241,f
12720,죽암리,4677040028,전라남도,2026-01-13 13:17:18.876379,2026-01-13 13:17:18.876381,f
12721,장덕리,4677040029,전라남도,2026-01-13 13:17:18.881649,2026-01-13 13:17:18.881652,f
12722,노동리,4677040030,전라남도,2026-01-13 13:17:18.886381,2026-01-13 13:17:18.886383,f
12723,대서면,4677041000,전라남도,2026-01-13 13:17:18.891465,2026-01-13 13:17:18.891467,f
12724,금마리,4677041021,전라남도,2026-01-13 13:17:18.895864,2026-01-13 13:17:18.895866,f
12725,남정리,4677041022,전라남도,2026-01-13 13:17:18.899838,2026-01-13 13:17:18.89984,f
12726,안남리,4677041023,전라남도,2026-01-13 13:17:18.905002,2026-01-13 13:17:18.905004,f
12727,화산리,4677041024,전라남도,2026-01-13 13:17:18.909599,2026-01-13 13:17:18.909601,f
12728,송림리,4677041025,전라남도,2026-01-13 13:17:18.913827,2026-01-13 13:17:18.913829,f
12729,송강리,4677041026,전라남도,2026-01-13 13:17:18.917801,2026-01-13 13:17:18.917803,f
12730,상남리,4677041027,전라남도,2026-01-13 13:17:18.921318,2026-01-13 13:17:18.921319,f
12731,두원면,4677042000,전라남도,2026-01-13 13:17:18.925502,2026-01-13 13:17:18.925504,f
12732,학곡리,4677042021,전라남도,2026-01-13 13:17:18.930449,2026-01-13 13:17:18.930451,f
12733,관덕리,4677042022,전라남도,2026-01-13 13:17:18.934605,2026-01-13 13:17:18.934608,f
12734,풍류리,4677042023,전라남도,2026-01-13 13:17:18.938403,2026-01-13 13:17:18.938404,f
12735,대금리,4677042024,전라남도,2026-01-13 13:17:18.942457,2026-01-13 13:17:18.94246,f
12736,용당리,4677042025,전라남도,2026-01-13 13:17:18.947841,2026-01-13 13:17:18.947844,f
12737,대전리,4677042026,전라남도,2026-01-13 13:17:18.951793,2026-01-13 13:17:18.951795,f
12738,예회리,4677042027,전라남도,2026-01-13 13:17:18.955219,2026-01-13 13:17:18.95522,f
12739,성두리,4677042028,전라남도,2026-01-13 13:17:18.959354,2026-01-13 13:17:18.959357,f
12740,영오리,4677042029,전라남도,2026-01-13 13:17:18.963067,2026-01-13 13:17:18.96307,f
12741,용산리,4677042030,전라남도,2026-01-13 13:17:18.967805,2026-01-13 13:17:18.967807,f
12742,신송리,4677042031,전라남도,2026-01-13 13:17:18.973108,2026-01-13 13:17:18.97311,f
12743,용반리,4677042032,전라남도,2026-01-13 13:17:18.976838,2026-01-13 13:17:18.97684,f
12744,운대리,4677042033,전라남도,2026-01-13 13:17:18.981053,2026-01-13 13:17:18.981057,f
12745,금곡리,4689039022,전라남도,2026-01-13 13:17:18.985249,2026-01-13 13:17:18.985251,f
12746,영남면,4677044000,전라남도,2026-01-13 13:17:18.990326,2026-01-13 13:17:18.99033,f
12747,양사리,4677044021,전라남도,2026-01-13 13:17:18.997963,2026-01-13 13:17:18.997966,f
12748,금사리,4677044022,전라남도,2026-01-13 13:17:19.002261,2026-01-13 13:17:19.002263,f
12749,남열리,4677044023,전라남도,2026-01-13 13:17:19.006192,2026-01-13 13:17:19.006194,f
12750,우천리,4677044024,전라남도,2026-01-13 13:17:19.010388,2026-01-13 13:17:19.01039,f
12751,동일면,4677045000,전라남도,2026-01-13 13:17:19.019136,2026-01-13 13:17:19.019138,f
12752,봉영리,4677045021,전라남도,2026-01-13 13:17:19.027644,2026-01-13 13:17:19.027646,f
12753,백양리,4677045022,전라남도,2026-01-13 13:17:19.032786,2026-01-13 13:17:19.032788,f
12754,덕흥리,4677045023,전라남도,2026-01-13 13:17:19.038654,2026-01-13 13:17:19.038657,f
12755,보성군,4678000000,전라남도,2026-01-13 13:17:19.04272,2026-01-13 13:17:19.042723,f
12756,보성읍,4678025000,전라남도,2026-01-13 13:17:19.046825,2026-01-13 13:17:19.046827,f
12757,보성리,4678025021,전라남도,2026-01-13 13:17:19.051277,2026-01-13 13:17:19.051279,f
12758,우산리,4678025022,전라남도,2026-01-13 13:17:19.055791,2026-01-13 13:17:19.055794,f
12759,옥평리,4678025023,전라남도,2026-01-13 13:17:19.060309,2026-01-13 13:17:19.060312,f
12760,봉산리,4678025024,전라남도,2026-01-13 13:17:19.064391,2026-01-13 13:17:19.064393,f
12761,쾌상리,4678025025,전라남도,2026-01-13 13:17:19.068952,2026-01-13 13:17:19.068953,f
12762,옥암리,4678025026,전라남도,2026-01-13 13:17:19.072829,2026-01-13 13:17:19.072831,f
12763,대야리,4678025027,전라남도,2026-01-13 13:17:19.076962,2026-01-13 13:17:19.076964,f
12764,원봉리,4678025028,전라남도,2026-01-13 13:17:19.080854,2026-01-13 13:17:19.080856,f
12765,주봉리,4678025029,전라남도,2026-01-13 13:17:19.084859,2026-01-13 13:17:19.084861,f
12766,용문리,4678025030,전라남도,2026-01-13 13:17:19.089179,2026-01-13 13:17:19.089181,f
12767,벌교읍,4678025300,전라남도,2026-01-13 13:17:19.093261,2026-01-13 13:17:19.093263,f
12768,벌교리,4678025321,전라남도,2026-01-13 13:17:19.096886,2026-01-13 13:17:19.096888,f
12769,전동리,4678025322,전라남도,2026-01-13 13:17:19.101778,2026-01-13 13:17:19.101781,f
12770,지동리,4678025323,전라남도,2026-01-13 13:17:19.105876,2026-01-13 13:17:19.10588,f
12771,고읍리,4678025324,전라남도,2026-01-13 13:17:19.109878,2026-01-13 13:17:19.109881,f
12772,낙성리,4678025325,전라남도,2026-01-13 13:17:19.1138,2026-01-13 13:17:19.113802,f
12773,추동리,4678025326,전라남도,2026-01-13 13:17:19.117861,2026-01-13 13:17:19.117864,f
12774,징광리,4678025327,전라남도,2026-01-13 13:17:19.12237,2026-01-13 13:17:19.122372,f
12775,칠동리,4678025329,전라남도,2026-01-13 13:17:19.126135,2026-01-13 13:17:19.126137,f
12776,척령리,4678025330,전라남도,2026-01-13 13:17:19.130632,2026-01-13 13:17:19.130634,f
12777,마동리,4678025331,전라남도,2026-01-13 13:17:19.135062,2026-01-13 13:17:19.135064,f
12778,장좌리,4678025332,전라남도,2026-01-13 13:17:19.138932,2026-01-13 13:17:19.138934,f
12779,영등리,4678025333,전라남도,2026-01-13 13:17:19.14311,2026-01-13 13:17:19.143112,f
12780,장암리,4678025334,전라남도,2026-01-13 13:17:19.148013,2026-01-13 13:17:19.148015,f
12781,대포리,4678025335,전라남도,2026-01-13 13:17:19.152511,2026-01-13 13:17:19.152515,f
12782,연산리,4678025336,전라남도,2026-01-13 13:17:19.15688,2026-01-13 13:17:19.156883,f
12783,봉림리,4678025337,전라남도,2026-01-13 13:17:19.160677,2026-01-13 13:17:19.16068,f
12784,회정리,4678025338,전라남도,2026-01-13 13:17:19.164187,2026-01-13 13:17:19.164189,f
12785,장양리,4678025339,전라남도,2026-01-13 13:17:19.168263,2026-01-13 13:17:19.168265,f
12786,호동리,4678025340,전라남도,2026-01-13 13:17:19.172471,2026-01-13 13:17:19.172473,f
12787,장도리,4678025341,전라남도,2026-01-13 13:17:19.176226,2026-01-13 13:17:19.176227,f
12788,옥전리,4678025342,전라남도,2026-01-13 13:17:19.180249,2026-01-13 13:17:19.180251,f
12789,노동면,4678031000,전라남도,2026-01-13 13:17:19.18445,2026-01-13 13:17:19.184453,f
12790,광곡리,4678031021,전라남도,2026-01-13 13:17:19.189344,2026-01-13 13:17:19.189349,f
12791,대련리,4678031022,전라남도,2026-01-13 13:17:19.194583,2026-01-13 13:17:19.194585,f
12792,감정리,4678031023,전라남도,2026-01-13 13:17:19.199365,2026-01-13 13:17:19.199368,f
12793,금호리,4678031024,전라남도,2026-01-13 13:17:19.20422,2026-01-13 13:17:19.204228,f
12794,옥마리,4678031025,전라남도,2026-01-13 13:17:19.209286,2026-01-13 13:17:19.209288,f
12795,용호리,4678031026,전라남도,2026-01-13 13:17:19.216693,2026-01-13 13:17:19.216697,f
12796,거석리,4678031027,전라남도,2026-01-13 13:17:19.221238,2026-01-13 13:17:19.221241,f
12797,신천리,4678031028,전라남도,2026-01-13 13:17:19.225707,2026-01-13 13:17:19.22571,f
12798,학동리,4678031029,전라남도,2026-01-13 13:17:19.229713,2026-01-13 13:17:19.229715,f
12799,명봉리,4678031030,전라남도,2026-01-13 13:17:19.234852,2026-01-13 13:17:19.234854,f
12800,미력면,4678032000,전라남도,2026-01-13 13:17:19.239141,2026-01-13 13:17:19.239144,f
12801,도개리,4678032021,전라남도,2026-01-13 13:17:19.243338,2026-01-13 13:17:19.24334,f
12802,미력리,4678032022,전라남도,2026-01-13 13:17:19.248619,2026-01-13 13:17:19.248623,f
12803,화방리,4678032023,전라남도,2026-01-13 13:17:19.25295,2026-01-13 13:17:19.252952,f
12804,용정리,4678032024,전라남도,2026-01-13 13:17:19.257336,2026-01-13 13:17:19.257338,f
12805,덕림리,4678032025,전라남도,2026-01-13 13:17:19.262059,2026-01-13 13:17:19.262062,f
12806,반룡리,4678032026,전라남도,2026-01-13 13:17:19.267022,2026-01-13 13:17:19.267025,f
12807,초당리,4678032027,전라남도,2026-01-13 13:17:19.271981,2026-01-13 13:17:19.271983,f
12808,겸백면,4678033000,전라남도,2026-01-13 13:17:19.275931,2026-01-13 13:17:19.275933,f
12809,석호리,4678033021,전라남도,2026-01-13 13:17:19.28058,2026-01-13 13:17:19.280583,f
12810,운림리,4678033022,전라남도,2026-01-13 13:17:19.284624,2026-01-13 13:17:19.284626,f
12811,은덕리,4678033023,전라남도,2026-01-13 13:17:19.289415,2026-01-13 13:17:19.289418,f
12812,평호리,4678033024,전라남도,2026-01-13 13:17:19.293898,2026-01-13 13:17:19.2939,f
12813,도안리,4678033025,전라남도,2026-01-13 13:17:19.297737,2026-01-13 13:17:19.297739,f
12814,용산리,4678033026,전라남도,2026-01-13 13:17:19.303238,2026-01-13 13:17:19.303242,f
12815,남양리,4678033027,전라남도,2026-01-13 13:17:19.307677,2026-01-13 13:17:19.30768,f
12816,사곡리,4678033028,전라남도,2026-01-13 13:17:19.311711,2026-01-13 13:17:19.311712,f
12817,수남리,4678033029,전라남도,2026-01-13 13:17:19.315277,2026-01-13 13:17:19.31528,f
12818,율어면,4678034000,전라남도,2026-01-13 13:17:19.318912,2026-01-13 13:17:19.318914,f
12819,율어리,4678034021,전라남도,2026-01-13 13:17:19.322643,2026-01-13 13:17:19.322645,f
12820,금천리,4678034022,전라남도,2026-01-13 13:17:19.326526,2026-01-13 13:17:19.326528,f
12821,선암리,4678034023,전라남도,2026-01-13 13:17:19.330732,2026-01-13 13:17:19.330734,f
12822,문양리,4678034024,전라남도,2026-01-13 13:17:19.335286,2026-01-13 13:17:19.335288,f
12823,칠음리,4678034025,전라남도,2026-01-13 13:17:19.33904,2026-01-13 13:17:19.339042,f
12824,고죽리,4678034026,전라남도,2026-01-13 13:17:19.343582,2026-01-13 13:17:19.343584,f
12825,이동리,4678034027,전라남도,2026-01-13 13:17:19.348314,2026-01-13 13:17:19.348317,f
12826,유신리,4678034028,전라남도,2026-01-13 13:17:19.352313,2026-01-13 13:17:19.352314,f
12827,장동리,4678034029,전라남도,2026-01-13 13:17:19.356543,2026-01-13 13:17:19.356546,f
12828,복내면,4678035000,전라남도,2026-01-13 13:17:19.360456,2026-01-13 13:17:19.360458,f
12829,복내리,4678035021,전라남도,2026-01-13 13:17:19.364171,2026-01-13 13:17:19.364173,f
12830,반석리,4678035022,전라남도,2026-01-13 13:17:19.368263,2026-01-13 13:17:19.368266,f
12831,용동리,4678035023,전라남도,2026-01-13 13:17:19.372954,2026-01-13 13:17:19.372956,f
12832,진봉리,4678035024,전라남도,2026-01-13 13:17:19.377182,2026-01-13 13:17:19.377184,f
12833,봉천리,4678035025,전라남도,2026-01-13 13:17:19.381827,2026-01-13 13:17:19.38183,f
12834,일봉리,4678035026,전라남도,2026-01-13 13:17:19.388899,2026-01-13 13:17:19.388902,f
12835,시천리,4678035027,전라남도,2026-01-13 13:17:19.394947,2026-01-13 13:17:19.39495,f
12836,용전리,4678035028,전라남도,2026-01-13 13:17:19.410122,2026-01-13 13:17:19.410128,f
12837,유정리,4678035029,전라남도,2026-01-13 13:17:19.422102,2026-01-13 13:17:19.422109,f
12838,계산리,4678035030,전라남도,2026-01-13 13:17:19.430727,2026-01-13 13:17:19.43073,f
12839,장천리,4678035031,전라남도,2026-01-13 13:17:19.436325,2026-01-13 13:17:19.436328,f
12840,동교리,4678035032,전라남도,2026-01-13 13:17:19.44168,2026-01-13 13:17:19.441697,f
12841,문덕면,4678036000,전라남도,2026-01-13 13:17:19.446347,2026-01-13 13:17:19.44635,f
12842,운곡리,4678036021,전라남도,2026-01-13 13:17:19.451189,2026-01-13 13:17:19.451192,f
12843,용암리,4678036022,전라남도,2026-01-13 13:17:19.456141,2026-01-13 13:17:19.456144,f
12844,덕치리,4678036023,전라남도,2026-01-13 13:17:19.460624,2026-01-13 13:17:19.460629,f
12845,죽산리,4678036024,전라남도,2026-01-13 13:17:19.465562,2026-01-13 13:17:19.465565,f
12846,봉갑리,4678036025,전라남도,2026-01-13 13:17:19.46983,2026-01-13 13:17:19.469832,f
12847,봉정리,4678036026,전라남도,2026-01-13 13:17:19.473822,2026-01-13 13:17:19.473824,f
12848,양동리,4678036027,전라남도,2026-01-13 13:17:19.477522,2026-01-13 13:17:19.477524,f
12849,귀산리,4678036028,전라남도,2026-01-13 13:17:19.480991,2026-01-13 13:17:19.480993,f
12850,동산리,4678036029,전라남도,2026-01-13 13:17:19.486139,2026-01-13 13:17:19.486141,f
12851,조성면,4678037000,전라남도,2026-01-13 13:17:19.490897,2026-01-13 13:17:19.4909,f
12852,조성리,4678037021,전라남도,2026-01-13 13:17:19.496763,2026-01-13 13:17:19.496766,f
12853,매현리,4678037022,전라남도,2026-01-13 13:17:19.501295,2026-01-13 13:17:19.501297,f
12854,은곡리,4678037023,전라남도,2026-01-13 13:17:19.505609,2026-01-13 13:17:19.505612,f
12855,신월리,4678037024,전라남도,2026-01-13 13:17:19.510124,2026-01-13 13:17:19.510128,f
12856,귀산리,4678037025,전라남도,2026-01-13 13:17:19.514646,2026-01-13 13:17:19.514647,f
12857,축내리,4678037026,전라남도,2026-01-13 13:17:19.518706,2026-01-13 13:17:19.518707,f
12858,대곡리,4678037027,전라남도,2026-01-13 13:17:19.522494,2026-01-13 13:17:19.522496,f
12859,우천리,4678037028,전라남도,2026-01-13 13:17:19.526567,2026-01-13 13:17:19.52657,f
12860,봉능리,4678037029,전라남도,2026-01-13 13:17:19.531633,2026-01-13 13:17:19.531637,f
12861,덕산리,4678037030,전라남도,2026-01-13 13:17:19.535676,2026-01-13 13:17:19.535678,f
12862,동촌리,4678037031,전라남도,2026-01-13 13:17:19.539442,2026-01-13 13:17:19.539443,f
12863,용전리,4678037032,전라남도,2026-01-13 13:17:19.54429,2026-01-13 13:17:19.544292,f
12864,득량면,4678038000,전라남도,2026-01-13 13:17:19.549706,2026-01-13 13:17:19.549708,f
12865,삼정리,4678038021,전라남도,2026-01-13 13:17:19.554329,2026-01-13 13:17:19.554331,f
12866,송곡리,4678038022,전라남도,2026-01-13 13:17:19.558235,2026-01-13 13:17:19.558236,f
12867,예당리,4678038023,전라남도,2026-01-13 13:17:19.5622,2026-01-13 13:17:19.562202,f
12868,오봉리,4678038024,전라남도,2026-01-13 13:17:19.566331,2026-01-13 13:17:19.566332,f
12869,해평리,4678038025,전라남도,2026-01-13 13:17:19.570997,2026-01-13 13:17:19.570998,f
12870,비봉리,4678038026,전라남도,2026-01-13 13:17:19.575044,2026-01-13 13:17:19.575046,f
12871,도촌리,4678038027,전라남도,2026-01-13 13:17:19.578964,2026-01-13 13:17:19.578967,f
12872,마천리,4678038028,전라남도,2026-01-13 13:17:19.583595,2026-01-13 13:17:19.583596,f
12873,정흥리,4678038029,전라남도,2026-01-13 13:17:19.587962,2026-01-13 13:17:19.587966,f
12874,회천면,4678039000,전라남도,2026-01-13 13:17:19.592406,2026-01-13 13:17:19.592409,f
12875,율포리,4678039021,전라남도,2026-01-13 13:17:19.59627,2026-01-13 13:17:19.596275,f
12876,벽교리,4678039022,전라남도,2026-01-13 13:17:19.599912,2026-01-13 13:17:19.599913,f
12877,전일리,4678039023,전라남도,2026-01-13 13:17:19.603735,2026-01-13 13:17:19.603738,f
12878,봉강리,4678039024,전라남도,2026-01-13 13:17:19.607896,2026-01-13 13:17:19.607898,f
12879,회령리,4678039025,전라남도,2026-01-13 13:17:19.612704,2026-01-13 13:17:19.612707,f
12880,영천리,4678039026,전라남도,2026-01-13 13:17:19.61668,2026-01-13 13:17:19.616687,f
12881,동율리,4678039027,전라남도,2026-01-13 13:17:19.621165,2026-01-13 13:17:19.621167,f
12882,군농리,4678039028,전라남도,2026-01-13 13:17:19.625614,2026-01-13 13:17:19.625616,f
12883,화죽리,4678039029,전라남도,2026-01-13 13:17:19.630256,2026-01-13 13:17:19.630259,f
12884,천포리,4678039030,전라남도,2026-01-13 13:17:19.634885,2026-01-13 13:17:19.634887,f
12885,서당리,4678039031,전라남도,2026-01-13 13:17:19.638838,2026-01-13 13:17:19.638841,f
12886,객산리,4678039032,전라남도,2026-01-13 13:17:19.642952,2026-01-13 13:17:19.642953,f
12887,웅치면,4678040000,전라남도,2026-01-13 13:17:19.646912,2026-01-13 13:17:19.646914,f
12888,중산리,4678040021,전라남도,2026-01-13 13:17:19.651902,2026-01-13 13:17:19.651905,f
12889,강산리,4678040022,전라남도,2026-01-13 13:17:19.656542,2026-01-13 13:17:19.656546,f
12890,대산리,4678040023,전라남도,2026-01-13 13:17:19.66038,2026-01-13 13:17:19.660383,f
12891,용반리,4678040024,전라남도,2026-01-13 13:17:19.665388,2026-01-13 13:17:19.665391,f
12892,봉산리,4678040025,전라남도,2026-01-13 13:17:19.670045,2026-01-13 13:17:19.670047,f
12893,유산리,4678040026,전라남도,2026-01-13 13:17:19.674207,2026-01-13 13:17:19.67421,f
12894,화순군,4679000000,전라남도,2026-01-13 13:17:19.678069,2026-01-13 13:17:19.678071,f
12895,화순읍,4679025000,전라남도,2026-01-13 13:17:19.681753,2026-01-13 13:17:19.681755,f
12896,교리,4679025021,전라남도,2026-01-13 13:17:19.686239,2026-01-13 13:17:19.686243,f
12897,향청리,4679025022,전라남도,2026-01-13 13:17:19.690927,2026-01-13 13:17:19.690929,f
12898,만연리,4679025023,전라남도,2026-01-13 13:17:19.695078,2026-01-13 13:17:19.695083,f
12899,신기리,4679025024,전라남도,2026-01-13 13:17:19.699898,2026-01-13 13:17:19.6999,f
12900,훈리,4679025025,전라남도,2026-01-13 13:17:19.704811,2026-01-13 13:17:19.704814,f
12901,동구리,4679025026,전라남도,2026-01-13 13:17:19.709787,2026-01-13 13:17:19.70979,f
12902,유천리,4679025027,전라남도,2026-01-13 13:17:19.714307,2026-01-13 13:17:19.71431,f
12903,일심리,4679025028,전라남도,2026-01-13 13:17:19.719322,2026-01-13 13:17:19.719325,f
12904,다지리,4679025029,전라남도,2026-01-13 13:17:19.723149,2026-01-13 13:17:19.723151,f
12905,광덕리,4679025030,전라남도,2026-01-13 13:17:19.72724,2026-01-13 13:17:19.727242,f
12906,삼천리,4679025031,전라남도,2026-01-13 13:17:19.731623,2026-01-13 13:17:19.731626,f
12907,이십곡리,4679025032,전라남도,2026-01-13 13:17:19.735699,2026-01-13 13:17:19.7357,f
12908,대리,4679025033,전라남도,2026-01-13 13:17:19.739611,2026-01-13 13:17:19.739613,f
12909,강정리,4679025034,전라남도,2026-01-13 13:17:19.744397,2026-01-13 13:17:19.744399,f
12910,벽라리,4679025035,전라남도,2026-01-13 13:17:19.748853,2026-01-13 13:17:19.748855,f
12911,감도리,4679025036,전라남도,2026-01-13 13:17:19.752983,2026-01-13 13:17:19.752985,f
12912,계소리,4679025037,전라남도,2026-01-13 13:17:19.756959,2026-01-13 13:17:19.756961,f
12913,도웅리,4679025038,전라남도,2026-01-13 13:17:19.761084,2026-01-13 13:17:19.761086,f
12914,세량리,4679025039,전라남도,2026-01-13 13:17:19.764907,2026-01-13 13:17:19.764909,f
12915,연양리,4679025040,전라남도,2026-01-13 13:17:19.768623,2026-01-13 13:17:19.768626,f
12916,내평리,4679025041,전라남도,2026-01-13 13:17:19.773285,2026-01-13 13:17:19.773287,f
12917,서태리,4679025042,전라남도,2026-01-13 13:17:19.777467,2026-01-13 13:17:19.777469,f
12918,앵남리,4679025043,전라남도,2026-01-13 13:17:19.781669,2026-01-13 13:17:19.781672,f
12919,수만리,4679025044,전라남도,2026-01-13 13:17:19.786895,2026-01-13 13:17:19.786898,f
12920,주도리,4679025045,전라남도,2026-01-13 13:17:19.791176,2026-01-13 13:17:19.791178,f
12921,한천면,4679031000,전라남도,2026-01-13 13:17:19.795456,2026-01-13 13:17:19.795458,f
12922,모산리,4679031021,전라남도,2026-01-13 13:17:19.7991,2026-01-13 13:17:19.799101,f
12923,금전리,4679031022,전라남도,2026-01-13 13:17:19.803328,2026-01-13 13:17:19.80333,f
12924,한계리,4679031023,전라남도,2026-01-13 13:17:19.808611,2026-01-13 13:17:19.808614,f
12925,정리,4679031024,전라남도,2026-01-13 13:17:19.81306,2026-01-13 13:17:19.813062,f
12926,가암리,4679031025,전라남도,2026-01-13 13:17:19.817477,2026-01-13 13:17:19.81748,f
12927,오음리,4679031026,전라남도,2026-01-13 13:17:19.822542,2026-01-13 13:17:19.822545,f
12928,반곡리,4679031027,전라남도,2026-01-13 13:17:19.828272,2026-01-13 13:17:19.828275,f
12929,평리,4679031028,전라남도,2026-01-13 13:17:19.833214,2026-01-13 13:17:19.833216,f
12930,정우리,4679031029,전라남도,2026-01-13 13:17:19.837266,2026-01-13 13:17:19.837268,f
12931,동가리,4679031030,전라남도,2026-01-13 13:17:19.841235,2026-01-13 13:17:19.841238,f
12932,고시리,4679031031,전라남도,2026-01-13 13:17:19.845678,2026-01-13 13:17:19.845688,f
12933,춘양면,4679032000,전라남도,2026-01-13 13:17:19.850117,2026-01-13 13:17:19.85012,f
12934,석정리,4679032021,전라남도,2026-01-13 13:17:19.854501,2026-01-13 13:17:19.854503,f
12935,신석리,4679033029,전라남도,2026-01-13 13:17:19.858284,2026-01-13 13:17:19.858286,f
12936,신리,4679033030,전라남도,2026-01-13 13:17:19.863264,2026-01-13 13:17:19.863266,f
12937,차리,4679033031,전라남도,2026-01-13 13:17:19.868138,2026-01-13 13:17:19.868141,f
12938,이양면,4679034000,전라남도,2026-01-13 13:17:19.872134,2026-01-13 13:17:19.872137,f
12939,금능리,4679034021,전라남도,2026-01-13 13:17:19.8762,2026-01-13 13:17:19.876201,f
12940,강성리,4679034022,전라남도,2026-01-13 13:17:19.879892,2026-01-13 13:17:19.879893,f
12941,용반리,4679034023,전라남도,2026-01-13 13:17:19.883789,2026-01-13 13:17:19.883791,f
12942,장치리,4679034024,전라남도,2026-01-13 13:17:19.88797,2026-01-13 13:17:19.887972,f
12943,묵곡리,4679034025,전라남도,2026-01-13 13:17:19.893176,2026-01-13 13:17:19.893178,f
12944,옥리,4679034026,전라남도,2026-01-13 13:17:19.897804,2026-01-13 13:17:19.897807,f
12945,품평리,4679034027,전라남도,2026-01-13 13:17:19.902359,2026-01-13 13:17:19.902362,f
12946,오류리,4679034028,전라남도,2026-01-13 13:17:19.907047,2026-01-13 13:17:19.907049,f
12947,이양리,4679034029,전라남도,2026-01-13 13:17:19.911212,2026-01-13 13:17:19.911222,f
12948,율계리,4679034030,전라남도,2026-01-13 13:17:19.915144,2026-01-13 13:17:19.915147,f
12949,송정리,4679034031,전라남도,2026-01-13 13:17:19.919146,2026-01-13 13:17:19.919148,f
12950,초방리,4679034032,전라남도,2026-01-13 13:17:19.923196,2026-01-13 13:17:19.923197,f
12951,매정리,4679034033,전라남도,2026-01-13 13:17:19.927179,2026-01-13 13:17:19.92718,f
12952,연화리,4679034034,전라남도,2026-01-13 13:17:19.932998,2026-01-13 13:17:19.933002,f
12953,구례리,4679034035,전라남도,2026-01-13 13:17:19.937209,2026-01-13 13:17:19.937211,f
12954,쌍봉리,4679034036,전라남도,2026-01-13 13:17:19.941605,2026-01-13 13:17:19.941608,f
12955,증리,4679034037,전라남도,2026-01-13 13:17:19.946701,2026-01-13 13:17:19.946703,f
12956,능주면,4679035000,전라남도,2026-01-13 13:17:19.951473,2026-01-13 13:17:19.951477,f
12957,남정리,4679035021,전라남도,2026-01-13 13:17:19.956343,2026-01-13 13:17:19.956345,f
12958,정남리,4679035022,전라남도,2026-01-13 13:17:19.960647,2026-01-13 13:17:19.960649,f
12959,석고리,4679035023,전라남도,2026-01-13 13:17:19.964839,2026-01-13 13:17:19.964841,f
12960,잠정리,4679035024,전라남도,2026-01-13 13:17:19.969157,2026-01-13 13:17:19.969159,f
12961,내리,4679035025,전라남도,2026-01-13 13:17:19.97367,2026-01-13 13:17:19.973673,f
12962,관영리,4679035026,전라남도,2026-01-13 13:17:19.977802,2026-01-13 13:17:19.977804,f
12963,천덕리,4679035027,전라남도,2026-01-13 13:17:19.982995,2026-01-13 13:17:19.982998,f
12964,만인리,4679035028,전라남도,2026-01-13 13:17:19.987588,2026-01-13 13:17:19.987602,f
12965,광사리,4679035029,전라남도,2026-01-13 13:17:19.992956,2026-01-13 13:17:19.992958,f
12966,백암리,4679035030,전라남도,2026-01-13 13:17:19.997863,2026-01-13 13:17:19.997866,f
12967,만수리,4679035031,전라남도,2026-01-13 13:17:20.002057,2026-01-13 13:17:20.002059,f
12968,원지리,4679035032,전라남도,2026-01-13 13:17:20.0057,2026-01-13 13:17:20.005701,f
12969,도곡면,4679036000,전라남도,2026-01-13 13:17:20.009925,2026-01-13 13:17:20.009928,f
12970,대곡리,4679036021,전라남도,2026-01-13 13:17:20.014576,2026-01-13 13:17:20.014579,f
12971,효산리,4679036022,전라남도,2026-01-13 13:17:20.018822,2026-01-13 13:17:20.018824,f
12972,월곡리,4679036023,전라남도,2026-01-13 13:17:20.022555,2026-01-13 13:17:20.022557,f
12973,쌍옥리,4679036024,전라남도,2026-01-13 13:17:20.033984,2026-01-13 13:17:20.03399,f
12974,평리,4679036025,전라남도,2026-01-13 13:17:20.041402,2026-01-13 13:17:20.041405,f
12975,덕곡리,4679036026,전라남도,2026-01-13 13:17:20.049479,2026-01-13 13:17:20.049483,f
12976,신성리,4679036027,전라남도,2026-01-13 13:17:20.054039,2026-01-13 13:17:20.054041,f
12977,천암리,4679036028,전라남도,2026-01-13 13:17:20.058611,2026-01-13 13:17:20.058613,f
12978,신덕리,4679036029,전라남도,2026-01-13 13:17:20.062975,2026-01-13 13:17:20.062978,f
12979,미곡리,4679036030,전라남도,2026-01-13 13:17:20.068216,2026-01-13 13:17:20.068219,f
12980,죽청리,4679036031,전라남도,2026-01-13 13:17:20.072746,2026-01-13 13:17:20.072748,f
12981,원화리,4679036032,전라남도,2026-01-13 13:17:20.076972,2026-01-13 13:17:20.076974,f
12982,도암면,4679037000,전라남도,2026-01-13 13:17:20.081175,2026-01-13 13:17:20.081178,f
12983,운월리,4679037021,전라남도,2026-01-13 13:17:20.085045,2026-01-13 13:17:20.085046,f
12984,도장리,4679037022,전라남도,2026-01-13 13:17:20.089649,2026-01-13 13:17:20.089651,f
12985,벽지리,4679037023,전라남도,2026-01-13 13:17:20.093795,2026-01-13 13:17:20.093797,f
12986,정천리,4679037024,전라남도,2026-01-13 13:17:20.097437,2026-01-13 13:17:20.097439,f
12987,원천리,4679037025,전라남도,2026-01-13 13:17:20.102148,2026-01-13 13:17:20.102153,f
12988,천태리,4679037026,전라남도,2026-01-13 13:17:20.10754,2026-01-13 13:17:20.107542,f
12989,지월리,4679037027,전라남도,2026-01-13 13:17:20.112445,2026-01-13 13:17:20.112447,f
12990,등광리,4679037028,전라남도,2026-01-13 13:17:20.117714,2026-01-13 13:17:20.117716,f
12991,대초리,4679037029,전라남도,2026-01-13 13:17:20.123218,2026-01-13 13:17:20.123221,f
12992,용강리,4679037030,전라남도,2026-01-13 13:17:20.128926,2026-01-13 13:17:20.128929,f
12993,호암리,4679037031,전라남도,2026-01-13 13:17:20.135181,2026-01-13 13:17:20.135184,f
12994,우치리,4679037032,전라남도,2026-01-13 13:17:20.141222,2026-01-13 13:17:20.141227,f
12995,봉하리,4679037033,전라남도,2026-01-13 13:17:20.14773,2026-01-13 13:17:20.147734,f
12996,왕정리,4679037034,전라남도,2026-01-13 13:17:20.152486,2026-01-13 13:17:20.152488,f
12997,행산리,4679037035,전라남도,2026-01-13 13:17:20.157542,2026-01-13 13:17:20.157545,f
12998,이서면,4679038000,전라남도,2026-01-13 13:17:20.16195,2026-01-13 13:17:20.161952,f
12999,서리,4679038021,전라남도,2026-01-13 13:17:20.166484,2026-01-13 13:17:20.166488,f
13000,월산리,4679038022,전라남도,2026-01-13 13:17:20.171439,2026-01-13 13:17:20.171443,f
13001,보산리,4679038023,전라남도,2026-01-13 13:17:20.175859,2026-01-13 13:17:20.175861,f
13002,장학리,4679038024,전라남도,2026-01-13 13:17:20.180116,2026-01-13 13:17:20.180117,f
13003,창랑리,4679038025,전라남도,2026-01-13 13:17:20.184848,2026-01-13 13:17:20.18485,f
13004,도석리,4679038026,전라남도,2026-01-13 13:17:20.189786,2026-01-13 13:17:20.189789,f
13005,야사리,4679038027,전라남도,2026-01-13 13:17:20.19397,2026-01-13 13:17:20.193972,f
13006,보월리,4679038028,전라남도,2026-01-13 13:17:20.197693,2026-01-13 13:17:20.197694,f
13007,인계리,4679038029,전라남도,2026-01-13 13:17:20.201828,2026-01-13 13:17:20.201832,f
13008,영평리,4679038030,전라남도,2026-01-13 13:17:20.206918,2026-01-13 13:17:20.206922,f
13009,안심리,4679038031,전라남도,2026-01-13 13:17:20.212324,2026-01-13 13:17:20.212328,f
13010,갈두리,4679038032,전라남도,2026-01-13 13:17:20.216515,2026-01-13 13:17:20.216518,f
13011,백아면,4679039500,전라남도,2026-01-13 13:17:20.220395,2026-01-13 13:17:20.220397,f
13012,임곡리,4679039521,전라남도,2026-01-13 13:17:20.224245,2026-01-13 13:17:20.224247,f
13013,옥리,4679039522,전라남도,2026-01-13 13:17:20.228536,2026-01-13 13:17:20.22854,f
13014,서유리,4679039523,전라남도,2026-01-13 13:17:20.233356,2026-01-13 13:17:20.233358,f
13015,맹리,4679039524,전라남도,2026-01-13 13:17:20.237936,2026-01-13 13:17:20.237938,f
13016,남치리,4679039525,전라남도,2026-01-13 13:17:20.243462,2026-01-13 13:17:20.243464,f
13017,원리,4679039526,전라남도,2026-01-13 13:17:20.247666,2026-01-13 13:17:20.247668,f
13018,송단리,4679039527,전라남도,2026-01-13 13:17:20.252347,2026-01-13 13:17:20.252349,f
13019,방리,4679039528,전라남도,2026-01-13 13:17:20.256745,2026-01-13 13:17:20.256748,f
13020,노기리,4679039529,전라남도,2026-01-13 13:17:20.260927,2026-01-13 13:17:20.26093,f
13021,이천리,4679039530,전라남도,2026-01-13 13:17:20.26517,2026-01-13 13:17:20.265172,f
13022,길성리,4679039531,전라남도,2026-01-13 13:17:20.269717,2026-01-13 13:17:20.269733,f
13023,와천리,4679039532,전라남도,2026-01-13 13:17:20.273884,2026-01-13 13:17:20.273887,f
13024,다곡리,4679039533,전라남도,2026-01-13 13:17:20.278135,2026-01-13 13:17:20.278136,f
13025,수리,4679039534,전라남도,2026-01-13 13:17:20.281865,2026-01-13 13:17:20.281866,f
13026,노치리,4679039535,전라남도,2026-01-13 13:17:20.285794,2026-01-13 13:17:20.285795,f
13027,용곡리,4679039536,전라남도,2026-01-13 13:17:20.290037,2026-01-13 13:17:20.290039,f
13028,동복면,4679040000,전라남도,2026-01-13 13:17:20.294905,2026-01-13 13:17:20.294907,f
13029,독상리,4679040021,전라남도,2026-01-13 13:17:20.29893,2026-01-13 13:17:20.298931,f
13030,칠정리,4679040022,전라남도,2026-01-13 13:17:20.3037,2026-01-13 13:17:20.303702,f
13031,천변리,4679040023,전라남도,2026-01-13 13:17:20.308121,2026-01-13 13:17:20.308123,f
13032,유천리,4679040024,전라남도,2026-01-13 13:17:20.312302,2026-01-13 13:17:20.312304,f
13033,신율리,4679040025,전라남도,2026-01-13 13:17:20.316766,2026-01-13 13:17:20.316767,f
13034,가수리,4679040026,전라남도,2026-01-13 13:17:20.320596,2026-01-13 13:17:20.320598,f
13035,안성리,4679040027,전라남도,2026-01-13 13:17:20.325174,2026-01-13 13:17:20.325178,f
13036,연월리,4679040028,전라남도,2026-01-13 13:17:20.329881,2026-01-13 13:17:20.329884,f
13037,읍애리,4679040029,전라남도,2026-01-13 13:17:20.334792,2026-01-13 13:17:20.334794,f
13038,연둔리,4679040030,전라남도,2026-01-13 13:17:20.339017,2026-01-13 13:17:20.339019,f
13039,구암리,4679040031,전라남도,2026-01-13 13:17:20.344283,2026-01-13 13:17:20.344286,f
13040,한천리,4679040032,전라남도,2026-01-13 13:17:20.348999,2026-01-13 13:17:20.349002,f
13041,사평면,4679041500,전라남도,2026-01-13 13:17:20.353203,2026-01-13 13:17:20.353205,f
13042,사평리,4679041521,전라남도,2026-01-13 13:17:20.357973,2026-01-13 13:17:20.357975,f
13043,대곡리,4679041522,전라남도,2026-01-13 13:17:20.362111,2026-01-13 13:17:20.362112,f
13044,검산리,4679041523,전라남도,2026-01-13 13:17:20.36716,2026-01-13 13:17:20.367162,f
13045,운산리,4679041524,전라남도,2026-01-13 13:17:20.371747,2026-01-13 13:17:20.371749,f
13046,원리,4679041525,전라남도,2026-01-13 13:17:20.375568,2026-01-13 13:17:20.37557,f
13047,벽송리,4679041526,전라남도,2026-01-13 13:17:20.380453,2026-01-13 13:17:20.380457,f
13048,장전리,4679041527,전라남도,2026-01-13 13:17:20.385065,2026-01-13 13:17:20.385067,f
13049,절산리,4679041528,전라남도,2026-01-13 13:17:20.390327,2026-01-13 13:17:20.390329,f
13050,사수리,4679041529,전라남도,2026-01-13 13:17:20.394374,2026-01-13 13:17:20.394376,f
13051,주산리,4679041530,전라남도,2026-01-13 13:17:20.39837,2026-01-13 13:17:20.398371,f
13052,복교리,4679041531,전라남도,2026-01-13 13:17:20.403336,2026-01-13 13:17:20.403339,f
13053,남계리,4679041532,전라남도,2026-01-13 13:17:20.407688,2026-01-13 13:17:20.40769,f
13054,유마리,4679041533,전라남도,2026-01-13 13:17:20.413487,2026-01-13 13:17:20.413494,f
13055,다산리,4679041534,전라남도,2026-01-13 13:17:20.417843,2026-01-13 13:17:20.417845,f
13056,용리,4679041535,전라남도,2026-01-13 13:17:20.42151,2026-01-13 13:17:20.421513,f
13057,내리,4679041536,전라남도,2026-01-13 13:17:20.425892,2026-01-13 13:17:20.425895,f
13058,동면,4679042000,전라남도,2026-01-13 13:17:20.430007,2026-01-13 13:17:20.430009,f
13059,백용리,4679042021,전라남도,2026-01-13 13:17:20.434492,2026-01-13 13:17:20.434494,f
13060,언도리,4679042022,전라남도,2026-01-13 13:17:20.438617,2026-01-13 13:17:20.438619,f
13061,서성리,4679042023,전라남도,2026-01-13 13:17:20.443475,2026-01-13 13:17:20.443478,f
13062,국동리,4679042024,전라남도,2026-01-13 13:17:20.44851,2026-01-13 13:17:20.448512,f
13063,청궁리,4679042025,전라남도,2026-01-13 13:17:20.453317,2026-01-13 13:17:20.45332,f
13064,마산리,4679042026,전라남도,2026-01-13 13:17:20.4577,2026-01-13 13:17:20.457703,f
13065,무포리,4679042027,전라남도,2026-01-13 13:17:20.461852,2026-01-13 13:17:20.461855,f
13066,경치리,4679042028,전라남도,2026-01-13 13:17:20.467733,2026-01-13 13:17:20.467736,f
13067,복암리,4679042029,전라남도,2026-01-13 13:17:20.47237,2026-01-13 13:17:20.472372,f
13068,오동리,4679042030,전라남도,2026-01-13 13:17:20.476459,2026-01-13 13:17:20.476462,f
13069,천덕리,4679042031,전라남도,2026-01-13 13:17:20.48086,2026-01-13 13:17:20.480862,f
13070,장동리,4679042032,전라남도,2026-01-13 13:17:20.485038,2026-01-13 13:17:20.48504,f
13071,운농리,4679042033,전라남도,2026-01-13 13:17:20.49474,2026-01-13 13:17:20.494745,f
13072,옥호리,4679042034,전라남도,2026-01-13 13:17:20.50007,2026-01-13 13:17:20.500072,f
13073,대포리,4679042035,전라남도,2026-01-13 13:17:20.504932,2026-01-13 13:17:20.504935,f
13074,장흥군,4680000000,전라남도,2026-01-13 13:17:20.509592,2026-01-13 13:17:20.509596,f
13075,장흥읍,4680025000,전라남도,2026-01-13 13:17:20.513728,2026-01-13 13:17:20.51373,f
13076,동동리,4680025021,전라남도,2026-01-13 13:17:20.517529,2026-01-13 13:17:20.517531,f
13077,남동리,4680025022,전라남도,2026-01-13 13:17:20.521713,2026-01-13 13:17:20.521725,f
13078,기양리,4680025023,전라남도,2026-01-13 13:17:20.525574,2026-01-13 13:17:20.525575,f
13079,예양리,4680025024,전라남도,2026-01-13 13:17:20.529815,2026-01-13 13:17:20.529818,f
13080,남외리,4680025025,전라남도,2026-01-13 13:17:20.534199,2026-01-13 13:17:20.534201,f
13081,교촌리,4680025026,전라남도,2026-01-13 13:17:20.544069,2026-01-13 13:17:20.544071,f
13082,충열리,4680025027,전라남도,2026-01-13 13:17:20.548468,2026-01-13 13:17:20.548473,f
13083,순지리,4680025028,전라남도,2026-01-13 13:17:20.553644,2026-01-13 13:17:20.553646,f
13084,성불리,4680025029,전라남도,2026-01-13 13:17:20.558365,2026-01-13 13:17:20.558368,f
13085,사안리,4680025030,전라남도,2026-01-13 13:17:20.562431,2026-01-13 13:17:20.562433,f
13086,영전리,4680025031,전라남도,2026-01-13 13:17:20.566613,2026-01-13 13:17:20.566617,f
13087,송암리,4680025032,전라남도,2026-01-13 13:17:20.57249,2026-01-13 13:17:20.572496,f
13088,평장리,4680025033,전라남도,2026-01-13 13:17:20.578754,2026-01-13 13:17:20.578757,f
13089,덕제리,4680025034,전라남도,2026-01-13 13:17:20.584111,2026-01-13 13:17:20.584114,f
13090,평화리,4680025035,전라남도,2026-01-13 13:17:20.588325,2026-01-13 13:17:20.588329,f
13091,건산리,4680025037,전라남도,2026-01-13 13:17:20.593688,2026-01-13 13:17:20.593691,f
13092,향양리,4680025038,전라남도,2026-01-13 13:17:20.597655,2026-01-13 13:17:20.597656,f
13093,삼산리,4680025039,전라남도,2026-01-13 13:17:20.601469,2026-01-13 13:17:20.601472,f
13094,금산리,4680025040,전라남도,2026-01-13 13:17:20.605824,2026-01-13 13:17:20.605826,f
13095,해당리,4680025041,전라남도,2026-01-13 13:17:20.61106,2026-01-13 13:17:20.611064,f
13096,상리,4680025042,전라남도,2026-01-13 13:17:20.617061,2026-01-13 13:17:20.617063,f
13097,축내리,4680025043,전라남도,2026-01-13 13:17:20.622208,2026-01-13 13:17:20.622211,f
13098,관덕리,4680025044,전라남도,2026-01-13 13:17:20.627893,2026-01-13 13:17:20.627896,f
13099,원도리,4680025045,전라남도,2026-01-13 13:17:20.632524,2026-01-13 13:17:20.632526,f
13100,행원리,4680025046,전라남도,2026-01-13 13:17:20.637294,2026-01-13 13:17:20.637297,f
13101,연산리,4680025047,전라남도,2026-01-13 13:17:20.641254,2026-01-13 13:17:20.641256,f
13102,우산리,4680025048,전라남도,2026-01-13 13:17:20.645356,2026-01-13 13:17:20.645358,f
13103,관산읍,4680025300,전라남도,2026-01-13 13:17:20.649057,2026-01-13 13:17:20.649059,f
13104,남송리,4680025321,전라남도,2026-01-13 13:17:20.653442,2026-01-13 13:17:20.653446,f
13105,성산리,4680025322,전라남도,2026-01-13 13:17:20.658804,2026-01-13 13:17:20.65881,f
13106,부평리,4680025323,전라남도,2026-01-13 13:17:20.667883,2026-01-13 13:17:20.667888,f
13107,농안리,4680025324,전라남도,2026-01-13 13:17:20.675576,2026-01-13 13:17:20.675582,f
13108,용전리,4680025325,전라남도,2026-01-13 13:17:20.683282,2026-01-13 13:17:20.683284,f
13109,옥당리,4680025326,전라남도,2026-01-13 13:17:20.68775,2026-01-13 13:17:20.687753,f
13110,죽교리,4680025327,전라남도,2026-01-13 13:17:20.691667,2026-01-13 13:17:20.691669,f
13111,방촌리,4680025328,전라남도,2026-01-13 13:17:20.695977,2026-01-13 13:17:20.69598,f
13112,송촌리,4680025329,전라남도,2026-01-13 13:17:20.700568,2026-01-13 13:17:20.700572,f
13113,지정리,4680025330,전라남도,2026-01-13 13:17:20.705395,2026-01-13 13:17:20.705398,f
13114,신동리,4680025331,전라남도,2026-01-13 13:17:20.709802,2026-01-13 13:17:20.709817,f
13115,삼산리,4680025332,전라남도,2026-01-13 13:17:20.714332,2026-01-13 13:17:20.714334,f
13116,외동리,4680025333,전라남도,2026-01-13 13:17:20.71865,2026-01-13 13:17:20.718653,f
13117,하발리,4680025334,전라남도,2026-01-13 13:17:20.722774,2026-01-13 13:17:20.722776,f
13118,죽청리,4680025335,전라남도,2026-01-13 13:17:20.726951,2026-01-13 13:17:20.726953,f
13119,고마리,4680025336,전라남도,2026-01-13 13:17:20.731178,2026-01-13 13:17:20.731181,f
13120,대덕읍,4680025600,전라남도,2026-01-13 13:17:20.73613,2026-01-13 13:17:20.736132,f
13121,연지리,4680025621,전라남도,2026-01-13 13:17:20.740786,2026-01-13 13:17:20.74079,f
13122,연정리,4680025622,전라남도,2026-01-13 13:17:20.746497,2026-01-13 13:17:20.746501,f
13123,신월리,4680025623,전라남도,2026-01-13 13:17:20.751199,2026-01-13 13:17:20.751202,f
13124,도청리,4680025624,전라남도,2026-01-13 13:17:20.756793,2026-01-13 13:17:20.756796,f
13125,잠두리,4680025625,전라남도,2026-01-13 13:17:20.762627,2026-01-13 13:17:20.762634,f
13126,신리,4680025626,전라남도,2026-01-13 13:17:20.767619,2026-01-13 13:17:20.767621,f
13127,분토리,4680025627,전라남도,2026-01-13 13:17:20.774182,2026-01-13 13:17:20.77419,f
13128,옹암리,4680025628,전라남도,2026-01-13 13:17:20.78013,2026-01-13 13:17:20.780132,f
13129,가학리,4680025629,전라남도,2026-01-13 13:17:20.784146,2026-01-13 13:17:20.784148,f
13130,용산면,4680031000,전라남도,2026-01-13 13:17:20.788824,2026-01-13 13:17:20.788827,f
13131,어산리,4680031021,전라남도,2026-01-13 13:17:20.793332,2026-01-13 13:17:20.793334,f
13132,운주리,4680031022,전라남도,2026-01-13 13:17:20.799941,2026-01-13 13:17:20.799945,f
13133,접정리,4680031023,전라남도,2026-01-13 13:17:20.805082,2026-01-13 13:17:20.805085,f
13134,월송리,4680031024,전라남도,2026-01-13 13:17:20.810271,2026-01-13 13:17:20.810274,f
13135,녹원리,4680031025,전라남도,2026-01-13 13:17:20.816097,2026-01-13 13:17:20.816101,f
13136,관지리,4680031026,전라남도,2026-01-13 13:17:20.822463,2026-01-13 13:17:20.822467,f
13137,상금리,4680031027,전라남도,2026-01-13 13:17:20.831389,2026-01-13 13:17:20.831393,f
13138,인암리,4680031029,전라남도,2026-01-13 13:17:20.83725,2026-01-13 13:17:20.837254,f
13139,모산리,4680031030,전라남도,2026-01-13 13:17:20.842702,2026-01-13 13:17:20.842705,f
13140,계산리,4680031031,전라남도,2026-01-13 13:17:20.8472,2026-01-13 13:17:20.847203,f
13141,덕암리,4680031032,전라남도,2026-01-13 13:17:20.852109,2026-01-13 13:17:20.852112,f
13142,풍길리,4680031033,전라남도,2026-01-13 13:17:20.857117,2026-01-13 13:17:20.857119,f
13143,상발리,4680031034,전라남도,2026-01-13 13:17:20.861106,2026-01-13 13:17:20.861108,f
13144,금곡리,4680031035,전라남도,2026-01-13 13:17:20.86489,2026-01-13 13:17:20.864892,f
13145,안양면,4680032000,전라남도,2026-01-13 13:17:20.869035,2026-01-13 13:17:20.869038,f
13146,기산리,4680032021,전라남도,2026-01-13 13:17:20.873782,2026-01-13 13:17:20.873785,f
13147,비동리,4680032022,전라남도,2026-01-13 13:17:20.878329,2026-01-13 13:17:20.878331,f
13148,당암리,4680032023,전라남도,2026-01-13 13:17:20.883246,2026-01-13 13:17:20.883249,f
13149,운흥리,4680032024,전라남도,2026-01-13 13:17:20.887825,2026-01-13 13:17:20.887828,f
13150,수양리,4680032025,전라남도,2026-01-13 13:17:20.892926,2026-01-13 13:17:20.892929,f
13151,모령리,4680032026,전라남도,2026-01-13 13:17:20.899157,2026-01-13 13:17:20.899159,f
13152,지천리,4680032027,전라남도,2026-01-13 13:17:20.905477,2026-01-13 13:17:20.905479,f
13153,학송리,4680032028,전라남도,2026-01-13 13:17:20.910701,2026-01-13 13:17:20.910705,f
13154,신촌리,4680032029,전라남도,2026-01-13 13:17:20.918208,2026-01-13 13:17:20.918211,f
13155,수락리,4680032030,전라남도,2026-01-13 13:17:20.922263,2026-01-13 13:17:20.922264,f
13156,수문리,4680032031,전라남도,2026-01-13 13:17:20.92602,2026-01-13 13:17:20.926022,f
13157,사촌리,4680032032,전라남도,2026-01-13 13:17:20.929728,2026-01-13 13:17:20.929729,f
13158,해창리,4680032033,전라남도,2026-01-13 13:17:20.933939,2026-01-13 13:17:20.933941,f
13159,장동면,4680033000,전라남도,2026-01-13 13:17:20.937862,2026-01-13 13:17:20.937866,f
13160,봉동리,4680033021,전라남도,2026-01-13 13:17:20.941831,2026-01-13 13:17:20.941833,f
13161,조양리,4680033022,전라남도,2026-01-13 13:17:20.946066,2026-01-13 13:17:20.946068,f
13162,배산리,4680033023,전라남도,2026-01-13 13:17:20.950551,2026-01-13 13:17:20.950554,f
13163,반산리,4680033024,전라남도,2026-01-13 13:17:20.955411,2026-01-13 13:17:20.955414,f
13164,북교리,4680033025,전라남도,2026-01-13 13:17:20.959628,2026-01-13 13:17:20.95963,f
13165,만년리,4680033026,전라남도,2026-01-13 13:17:20.963876,2026-01-13 13:17:20.963879,f
13166,하산리,4680033027,전라남도,2026-01-13 13:17:20.968521,2026-01-13 13:17:20.968524,f
13167,용곡리,4680033028,전라남도,2026-01-13 13:17:20.974446,2026-01-13 13:17:20.97445,f
13168,장평면,4680034000,전라남도,2026-01-13 13:17:20.979638,2026-01-13 13:17:20.979641,f
13169,용강리,4680034021,전라남도,2026-01-13 13:17:20.985492,2026-01-13 13:17:20.985494,f
13170,등촌리,4680034022,전라남도,2026-01-13 13:17:20.993735,2026-01-13 13:17:20.993741,f
13171,양촌리,4680034023,전라남도,2026-01-13 13:17:21.001868,2026-01-13 13:17:21.00187,f
13172,축내리,4680034024,전라남도,2026-01-13 13:17:21.007864,2026-01-13 13:17:21.007868,f
13173,제산리,4680034025,전라남도,2026-01-13 13:17:21.012005,2026-01-13 13:17:21.012008,f
13174,봉림리,4680034026,전라남도,2026-01-13 13:17:21.016684,2026-01-13 13:17:21.016686,f
13175,우산리,4680034027,전라남도,2026-01-13 13:17:21.021988,2026-01-13 13:17:21.021991,f
13176,병동리,4680034028,전라남도,2026-01-13 13:17:21.026991,2026-01-13 13:17:21.026993,f
13177,청용리,4680034029,전라남도,2026-01-13 13:17:21.03157,2026-01-13 13:17:21.031574,f
13178,기동리,4680034030,전라남도,2026-01-13 13:17:21.036461,2026-01-13 13:17:21.036464,f
13179,선정리,4680034031,전라남도,2026-01-13 13:17:21.040905,2026-01-13 13:17:21.040908,f
13180,녹양리,4680034032,전라남도,2026-01-13 13:17:21.045237,2026-01-13 13:17:21.045239,f
13181,임리,4680034033,전라남도,2026-01-13 13:17:21.049135,2026-01-13 13:17:21.049136,f
13182,내동리,4680034034,전라남도,2026-01-13 13:17:21.05365,2026-01-13 13:17:21.053653,f
13183,어곡리,4680034035,전라남도,2026-01-13 13:17:21.058398,2026-01-13 13:17:21.058401,f
13184,복흥리,4680034036,전라남도,2026-01-13 13:17:21.062941,2026-01-13 13:17:21.062944,f
13185,진산리,4680034037,전라남도,2026-01-13 13:17:21.067949,2026-01-13 13:17:21.067951,f
13186,두봉리,4680034038,전라남도,2026-01-13 13:17:21.072584,2026-01-13 13:17:21.072587,f
13187,광평리,4680034039,전라남도,2026-01-13 13:17:21.076714,2026-01-13 13:17:21.076716,f
13188,유치면,4680035000,전라남도,2026-01-13 13:17:21.080684,2026-01-13 13:17:21.080687,f
13189,대리,4680035021,전라남도,2026-01-13 13:17:21.084524,2026-01-13 13:17:21.084526,f
13190,오복리,4680035022,전라남도,2026-01-13 13:17:21.088018,2026-01-13 13:17:21.088019,f
13191,신월리,4680035023,전라남도,2026-01-13 13:17:21.092086,2026-01-13 13:17:21.092089,f
13192,단산리,4680035024,전라남도,2026-01-13 13:17:21.096337,2026-01-13 13:17:21.096339,f
13193,늑용리,4680035025,전라남도,2026-01-13 13:17:21.099983,2026-01-13 13:17:21.099985,f
13194,송정리,4680035026,전라남도,2026-01-13 13:17:21.105075,2026-01-13 13:17:21.105077,f
13195,신풍리,4680035027,전라남도,2026-01-13 13:17:21.109964,2026-01-13 13:17:21.10997,f
13196,조양리,4680035028,전라남도,2026-01-13 13:17:21.114314,2026-01-13 13:17:21.114316,f
13197,반월리,4680035029,전라남도,2026-01-13 13:17:21.117897,2026-01-13 13:17:21.117898,f
13198,관동리,4680035030,전라남도,2026-01-13 13:17:21.121834,2026-01-13 13:17:21.121836,f
13199,용문리,4680035031,전라남도,2026-01-13 13:17:21.126202,2026-01-13 13:17:21.126205,f
13200,봉덕리,4680035032,전라남도,2026-01-13 13:17:21.129876,2026-01-13 13:17:21.129878,f
13201,대천리,4680035033,전라남도,2026-01-13 13:17:21.135386,2026-01-13 13:17:21.135388,f
13202,운월리,4680035034,전라남도,2026-01-13 13:17:21.139189,2026-01-13 13:17:21.139191,f
13203,덕산리,4680035035,전라남도,2026-01-13 13:17:21.143392,2026-01-13 13:17:21.143394,f
13204,원등리,4680035036,전라남도,2026-01-13 13:17:21.15139,2026-01-13 13:17:21.151394,f
13205,부산면,4680036000,전라남도,2026-01-13 13:17:21.157619,2026-01-13 13:17:21.157622,f
13206,내안리,4680036021,전라남도,2026-01-13 13:17:21.162315,2026-01-13 13:17:21.162317,f
13207,구룡리,4680036022,전라남도,2026-01-13 13:17:21.166487,2026-01-13 13:17:21.166489,f
13208,유량리,4680036023,전라남도,2026-01-13 13:17:21.171165,2026-01-13 13:17:21.171168,f
13209,지천리,4680036024,전라남도,2026-01-13 13:17:21.175533,2026-01-13 13:17:21.175535,f
13210,용반리,4680036025,전라남도,2026-01-13 13:17:21.179526,2026-01-13 13:17:21.179528,f
13211,금자리,4680036026,전라남도,2026-01-13 13:17:21.183242,2026-01-13 13:17:21.183244,f
13212,호계리,4680036027,전라남도,2026-01-13 13:17:21.188011,2026-01-13 13:17:21.188014,f
13213,기동리,4680036028,전라남도,2026-01-13 13:17:21.193107,2026-01-13 13:17:21.193111,f
13214,부춘리,4680036029,전라남도,2026-01-13 13:17:21.197228,2026-01-13 13:17:21.19723,f
13215,회진면,4680037000,전라남도,2026-01-13 13:17:21.200966,2026-01-13 13:17:21.200968,f
13216,진목리,4680037021,전라남도,2026-01-13 13:17:21.205206,2026-01-13 13:17:21.205208,f
13217,회진리,4680037022,전라남도,2026-01-13 13:17:21.209055,2026-01-13 13:17:21.209057,f
13218,덕산리,4680037023,전라남도,2026-01-13 13:17:21.214973,2026-01-13 13:17:21.214977,f
13219,신상리,4680037024,전라남도,2026-01-13 13:17:21.219225,2026-01-13 13:17:21.219228,f
13220,대리,4680037025,전라남도,2026-01-13 13:17:21.223516,2026-01-13 13:17:21.223518,f
13221,강진군,4681000000,전라남도,2026-01-13 13:17:21.227858,2026-01-13 13:17:21.227861,f
13222,강진읍,4681025000,전라남도,2026-01-13 13:17:21.232231,2026-01-13 13:17:21.232235,f
13223,동성리,4681025021,전라남도,2026-01-13 13:17:21.237049,2026-01-13 13:17:21.237052,f
13224,남성리,4681025022,전라남도,2026-01-13 13:17:21.240903,2026-01-13 13:17:21.240904,f
13225,서성리,4681025023,전라남도,2026-01-13 13:17:21.244976,2026-01-13 13:17:21.244978,f
13226,교촌리,4681025024,전라남도,2026-01-13 13:17:21.249035,2026-01-13 13:17:21.249037,f
13227,목리,4681025025,전라남도,2026-01-13 13:17:21.253571,2026-01-13 13:17:21.253575,f
13228,평동리,4681025026,전라남도,2026-01-13 13:17:21.258754,2026-01-13 13:17:21.258756,f
13229,남포리,4681025027,전라남도,2026-01-13 13:17:21.266249,2026-01-13 13:17:21.266254,f
13230,학명리,4681025028,전라남도,2026-01-13 13:17:21.274566,2026-01-13 13:17:21.274571,f
13231,영파리,4681025029,전라남도,2026-01-13 13:17:21.283562,2026-01-13 13:17:21.283568,f
13232,임천리,4681025030,전라남도,2026-01-13 13:17:21.2896,2026-01-13 13:17:21.289602,f
13233,덕남리,4681025031,전라남도,2026-01-13 13:17:21.294823,2026-01-13 13:17:21.294826,f
13234,송전리,4681025032,전라남도,2026-01-13 13:17:21.299138,2026-01-13 13:17:21.29914,f
13235,송덕리,4681025033,전라남도,2026-01-13 13:17:21.303284,2026-01-13 13:17:21.303287,f
13236,춘전리,4681025034,전라남도,2026-01-13 13:17:21.3073,2026-01-13 13:17:21.307301,f
13237,서산리,4681025035,전라남도,2026-01-13 13:17:21.311745,2026-01-13 13:17:21.311748,f
13238,군동면,4681031000,전라남도,2026-01-13 13:17:21.31642,2026-01-13 13:17:21.316434,f
13239,파산리,4681031021,전라남도,2026-01-13 13:17:21.320793,2026-01-13 13:17:21.320795,f
13240,호계리,4681031022,전라남도,2026-01-13 13:17:21.325284,2026-01-13 13:17:21.325286,f
13241,라천리,4681031023,전라남도,2026-01-13 13:17:21.329376,2026-01-13 13:17:21.329378,f
13242,금강리,4681031024,전라남도,2026-01-13 13:17:21.334085,2026-01-13 13:17:21.334088,f
13243,화산리,4681031025,전라남도,2026-01-13 13:17:21.340503,2026-01-13 13:17:21.340508,f
13244,용소리,4681031026,전라남도,2026-01-13 13:17:21.345329,2026-01-13 13:17:21.345332,f
13245,풍동리,4681031027,전라남도,2026-01-13 13:17:21.349855,2026-01-13 13:17:21.349857,f
13246,장산리,4681031028,전라남도,2026-01-13 13:17:21.354032,2026-01-13 13:17:21.354034,f
13247,덕천리,4681031029,전라남도,2026-01-13 13:17:21.358272,2026-01-13 13:17:21.358274,f
13248,석교리,4681031030,전라남도,2026-01-13 13:17:21.362307,2026-01-13 13:17:21.362308,f
13249,쌍덕리,4681031031,전라남도,2026-01-13 13:17:21.366295,2026-01-13 13:17:21.366298,f
13250,금사리,4681031032,전라남도,2026-01-13 13:17:21.370074,2026-01-13 13:17:21.370076,f
13251,삼신리,4681031033,전라남도,2026-01-13 13:17:21.374363,2026-01-13 13:17:21.374365,f
13252,칠량면,4681032000,전라남도,2026-01-13 13:17:21.378451,2026-01-13 13:17:21.378453,f
13253,송로리,4681032021,전라남도,2026-01-13 13:17:21.382662,2026-01-13 13:17:21.382664,f
13254,동백리,4681032022,전라남도,2026-01-13 13:17:21.387028,2026-01-13 13:17:21.38703,f
13255,영동리,4681032023,전라남도,2026-01-13 13:17:21.391243,2026-01-13 13:17:21.391246,f
13256,현평리,4681032024,전라남도,2026-01-13 13:17:21.395514,2026-01-13 13:17:21.395517,f
13257,봉황리,4681032025,전라남도,2026-01-13 13:17:21.399531,2026-01-13 13:17:21.399534,f
13258,영복리,4681032026,전라남도,2026-01-13 13:17:21.404554,2026-01-13 13:17:21.404557,f
13259,송정리,4681032027,전라남도,2026-01-13 13:17:21.408542,2026-01-13 13:17:21.408543,f
13260,삼흥리,4681032028,전라남도,2026-01-13 13:17:21.412899,2026-01-13 13:17:21.412902,f
13261,단월리,4681032029,전라남도,2026-01-13 13:17:21.417308,2026-01-13 13:17:21.417309,f
13262,명주리,4681032030,전라남도,2026-01-13 13:17:21.421442,2026-01-13 13:17:21.421444,f
13263,흥학리,4681032031,전라남도,2026-01-13 13:17:21.426009,2026-01-13 13:17:21.426013,f
13264,장계리,4681032032,전라남도,2026-01-13 13:17:21.43024,2026-01-13 13:17:21.430242,f
13265,대구면,4681033000,전라남도,2026-01-13 13:17:21.434746,2026-01-13 13:17:21.434748,f
13266,수동리,4681033021,전라남도,2026-01-13 13:17:21.438676,2026-01-13 13:17:21.438678,f
13267,사당리,4681033022,전라남도,2026-01-13 13:17:21.442589,2026-01-13 13:17:21.442593,f
13268,용운리,4681033023,전라남도,2026-01-13 13:17:21.446534,2026-01-13 13:17:21.446536,f
13269,계율리,4681033024,전라남도,2026-01-13 13:17:21.450066,2026-01-13 13:17:21.450068,f
13270,구수리,4681033029,전라남도,2026-01-13 13:17:21.454786,2026-01-13 13:17:21.454788,f
13271,저두리,4681033030,전라남도,2026-01-13 13:17:21.458925,2026-01-13 13:17:21.458927,f
13272,도암면,4681034000,전라남도,2026-01-13 13:17:21.462895,2026-01-13 13:17:21.462897,f
13273,덕서리,4681034021,전라남도,2026-01-13 13:17:21.468005,2026-01-13 13:17:21.468007,f
13274,계라리,4681034022,전라남도,2026-01-13 13:17:21.472826,2026-01-13 13:17:21.472829,f
13275,지석리,4681034023,전라남도,2026-01-13 13:17:21.477603,2026-01-13 13:17:21.477606,f
13276,강정리,4681034024,전라남도,2026-01-13 13:17:21.482804,2026-01-13 13:17:21.482806,f
13277,덕년리,4681034025,전라남도,2026-01-13 13:17:21.487628,2026-01-13 13:17:21.487631,f
13278,만덕리,4681034026,전라남도,2026-01-13 13:17:21.493759,2026-01-13 13:17:21.493762,f
13279,학장리,4681034027,전라남도,2026-01-13 13:17:21.498489,2026-01-13 13:17:21.498492,f
13280,신기리,4681034028,전라남도,2026-01-13 13:17:21.502247,2026-01-13 13:17:21.502248,f
13281,용흥리,4681034029,전라남도,2026-01-13 13:17:21.506381,2026-01-13 13:17:21.506383,f
13282,항촌리,4681034030,전라남도,2026-01-13 13:17:21.510642,2026-01-13 13:17:21.510644,f
13283,석문리,4681034031,전라남도,2026-01-13 13:17:21.514561,2026-01-13 13:17:21.514563,f
13284,봉황리,4681034032,전라남도,2026-01-13 13:17:21.51968,2026-01-13 13:17:21.519683,f
13285,신전면,4681035000,전라남도,2026-01-13 13:17:21.523636,2026-01-13 13:17:21.523638,f
13286,수양리,4681035021,전라남도,2026-01-13 13:17:21.527181,2026-01-13 13:17:21.527183,f
13287,용월리,4681035022,전라남도,2026-01-13 13:17:21.530692,2026-01-13 13:17:21.530695,f
13288,벌정리,4681035023,전라남도,2026-01-13 13:17:21.535883,2026-01-13 13:17:21.535886,f
13289,사초리,4681035024,전라남도,2026-01-13 13:17:21.539995,2026-01-13 13:17:21.539997,f
13290,송천리,4681035025,전라남도,2026-01-13 13:17:21.544143,2026-01-13 13:17:21.544145,f
13291,용화리,4681035026,전라남도,2026-01-13 13:17:21.548526,2026-01-13 13:17:21.548528,f
13292,영관리,4681035027,전라남도,2026-01-13 13:17:21.553103,2026-01-13 13:17:21.553104,f
13293,성전면,4681036000,전라남도,2026-01-13 13:17:21.55766,2026-01-13 13:17:21.557663,f
13294,월남리,4681036021,전라남도,2026-01-13 13:17:21.561651,2026-01-13 13:17:21.561654,f
13295,월하리,4681036022,전라남도,2026-01-13 13:17:21.5659,2026-01-13 13:17:21.565902,f
13296,송월리,4681036023,전라남도,2026-01-13 13:17:21.569876,2026-01-13 13:17:21.569878,f
13297,월평리,4681036024,전라남도,2026-01-13 13:17:21.575198,2026-01-13 13:17:21.575201,f
13298,영풍리,4681036025,전라남도,2026-01-13 13:17:21.579382,2026-01-13 13:17:21.579384,f
13299,명산리,4681036026,전라남도,2026-01-13 13:17:21.583375,2026-01-13 13:17:21.583377,f
13300,수양리,4681036027,전라남도,2026-01-13 13:17:21.587604,2026-01-13 13:17:21.587606,f
13301,성전리,4681036028,전라남도,2026-01-13 13:17:21.592203,2026-01-13 13:17:21.592206,f
13302,도림리,4681036029,전라남도,2026-01-13 13:17:21.596177,2026-01-13 13:17:21.596179,f
13303,금당리,4681036030,전라남도,2026-01-13 13:17:21.600047,2026-01-13 13:17:21.600049,f
13304,송학리,4681036031,전라남도,2026-01-13 13:17:21.604093,2026-01-13 13:17:21.604095,f
13305,작천면,4681037000,전라남도,2026-01-13 13:17:21.607842,2026-01-13 13:17:21.607844,f
13306,군자리,4681037021,전라남도,2026-01-13 13:17:21.612046,2026-01-13 13:17:21.612049,f
13307,용상리,4681037022,전라남도,2026-01-13 13:17:21.617549,2026-01-13 13:17:21.617551,f
13308,삼열리,4681037023,전라남도,2026-01-13 13:17:21.621344,2026-01-13 13:17:21.621346,f
13309,내기리,4681037024,전라남도,2026-01-13 13:17:21.625323,2026-01-13 13:17:21.625326,f
13310,토마리,4681037025,전라남도,2026-01-13 13:17:21.629281,2026-01-13 13:17:21.629284,f
13311,이남리,4681037026,전라남도,2026-01-13 13:17:21.63531,2026-01-13 13:17:21.635312,f
13312,야흥리,4681037027,전라남도,2026-01-13 13:17:21.639766,2026-01-13 13:17:21.639768,f
13313,삼당리,4681037028,전라남도,2026-01-13 13:17:21.64363,2026-01-13 13:17:21.643632,f
13314,평기리,4681037029,전라남도,2026-01-13 13:17:21.647695,2026-01-13 13:17:21.647697,f
13315,현산리,4681037030,전라남도,2026-01-13 13:17:21.651556,2026-01-13 13:17:21.651557,f
13316,갈동리,4681037031,전라남도,2026-01-13 13:17:21.656727,2026-01-13 13:17:21.656729,f
13317,평리,4681037032,전라남도,2026-01-13 13:17:21.660961,2026-01-13 13:17:21.660964,f
13318,병영면,4681038000,전라남도,2026-01-13 13:17:21.664822,2026-01-13 13:17:21.664825,f
13319,상낙리,4681038021,전라남도,2026-01-13 13:17:21.669609,2026-01-13 13:17:21.669612,f
13320,지로리,4681038022,전라남도,2026-01-13 13:17:21.67381,2026-01-13 13:17:21.673812,f
13321,박동리,4681038023,전라남도,2026-01-13 13:17:21.678055,2026-01-13 13:17:21.678058,f
13322,성동리,4681038024,전라남도,2026-01-13 13:17:21.683103,2026-01-13 13:17:21.683105,f
13323,삼인리,4681038025,전라남도,2026-01-13 13:17:21.686852,2026-01-13 13:17:21.686853,f
13324,성남리,4681038026,전라남도,2026-01-13 13:17:21.690699,2026-01-13 13:17:21.690701,f
13325,한학리,4681038027,전라남도,2026-01-13 13:17:21.695994,2026-01-13 13:17:21.695997,f
13326,상고리,4681038028,전라남도,2026-01-13 13:17:21.699962,2026-01-13 13:17:21.699966,f
13327,중고리,4681038029,전라남도,2026-01-13 13:17:21.704811,2026-01-13 13:17:21.704812,f
13328,하고리,4681038030,전라남도,2026-01-13 13:17:21.70958,2026-01-13 13:17:21.709582,f
13329,도룡리,4681038031,전라남도,2026-01-13 13:17:21.714838,2026-01-13 13:17:21.71484,f
13330,삭양리,4681038032,전라남도,2026-01-13 13:17:21.718932,2026-01-13 13:17:21.718934,f
13331,옴천면,4681039000,전라남도,2026-01-13 13:17:21.723504,2026-01-13 13:17:21.723507,f
13332,봉림리,4681039021,전라남도,2026-01-13 13:17:21.727624,2026-01-13 13:17:21.727625,f
13333,황막리,4681039022,전라남도,2026-01-13 13:17:21.731419,2026-01-13 13:17:21.731421,f
13334,영산리,4681039023,전라남도,2026-01-13 13:17:21.7363,2026-01-13 13:17:21.736302,f
13335,월곡리,4681039024,전라남도,2026-01-13 13:17:21.740259,2026-01-13 13:17:21.740261,f
13336,기좌리,4681039025,전라남도,2026-01-13 13:17:21.744412,2026-01-13 13:17:21.744415,f
13337,개산리,4681039026,전라남도,2026-01-13 13:17:21.748747,2026-01-13 13:17:21.74875,f
13338,정정리,4681039027,전라남도,2026-01-13 13:17:21.752798,2026-01-13 13:17:21.752801,f
13339,마량면,4681040000,전라남도,2026-01-13 13:17:21.756638,2026-01-13 13:17:21.756641,f
13340,영동리,4681040021,전라남도,2026-01-13 13:17:21.760826,2026-01-13 13:17:21.760828,f
13341,상흥리,4681040022,전라남도,2026-01-13 13:17:21.764683,2026-01-13 13:17:21.764686,f
13342,원포리,4681040023,전라남도,2026-01-13 13:17:21.768911,2026-01-13 13:17:21.768914,f
13343,마량리,4681040024,전라남도,2026-01-13 13:17:21.773297,2026-01-13 13:17:21.7733,f
13344,수인리,4681040025,전라남도,2026-01-13 13:17:21.777189,2026-01-13 13:17:21.77719,f
13345,해남군,4682000000,전라남도,2026-01-13 13:17:21.781461,2026-01-13 13:17:21.781463,f
13346,해남읍,4682025000,전라남도,2026-01-13 13:17:21.785493,2026-01-13 13:17:21.785497,f
13347,해리,4682025021,전라남도,2026-01-13 13:17:21.790214,2026-01-13 13:17:21.790217,f
13348,평동리,4682025022,전라남도,2026-01-13 13:17:21.794858,2026-01-13 13:17:21.79486,f
13349,읍내리,4682025023,전라남도,2026-01-13 13:17:21.799244,2026-01-13 13:17:21.799246,f
13350,고도리,4682025024,전라남도,2026-01-13 13:17:21.803616,2026-01-13 13:17:21.803618,f
13351,남외리,4682025025,전라남도,2026-01-13 13:17:21.809018,2026-01-13 13:17:21.809021,f
13352,성내리,4682025026,전라남도,2026-01-13 13:17:21.815229,2026-01-13 13:17:21.815233,f
13353,수성리,4682025027,전라남도,2026-01-13 13:17:21.819288,2026-01-13 13:17:21.81929,f
13354,신안리,4682025028,전라남도,2026-01-13 13:17:21.823246,2026-01-13 13:17:21.823249,f
13355,연동리,4682025029,전라남도,2026-01-13 13:17:21.827613,2026-01-13 13:17:21.827615,f
13356,안동리,4682025030,전라남도,2026-01-13 13:17:21.831905,2026-01-13 13:17:21.831908,f
13357,백야리,4682025031,전라남도,2026-01-13 13:17:21.837932,2026-01-13 13:17:21.837935,f
13358,내사리,4682025032,전라남도,2026-01-13 13:17:21.841845,2026-01-13 13:17:21.841848,f
13359,남동리,4682025033,전라남도,2026-01-13 13:17:21.847995,2026-01-13 13:17:21.847997,f
13360,남천리,4682025034,전라남도,2026-01-13 13:17:21.852468,2026-01-13 13:17:21.852471,f
13361,용정리,4682025035,전라남도,2026-01-13 13:17:21.857638,2026-01-13 13:17:21.857641,f
13362,구교리,4682025036,전라남도,2026-01-13 13:17:21.861844,2026-01-13 13:17:21.861845,f
13363,복평리,4682025037,전라남도,2026-01-13 13:17:21.866684,2026-01-13 13:17:21.866688,f
13364,부호리,4682025038,전라남도,2026-01-13 13:17:21.87195,2026-01-13 13:17:21.871953,f
13365,삼산면,4682031000,전라남도,2026-01-13 13:17:21.877154,2026-01-13 13:17:21.877157,f
13366,신흥리,4682031021,전라남도,2026-01-13 13:17:21.881291,2026-01-13 13:17:21.881293,f
13367,창리,4682031022,전라남도,2026-01-13 13:17:21.885475,2026-01-13 13:17:21.885477,f
13368,송정리,4682031023,전라남도,2026-01-13 13:17:21.888994,2026-01-13 13:17:21.888995,f
13369,봉학리,4682031024,전라남도,2026-01-13 13:17:21.896929,2026-01-13 13:17:21.896933,f
13370,원진리,4682031025,전라남도,2026-01-13 13:17:21.904357,2026-01-13 13:17:21.904362,f
13371,충리,4682031026,전라남도,2026-01-13 13:17:21.910368,2026-01-13 13:17:21.910371,f
13372,구림리,4682031027,전라남도,2026-01-13 13:17:21.915071,2026-01-13 13:17:21.915075,f
13373,평활리,4682031028,전라남도,2026-01-13 13:17:21.919166,2026-01-13 13:17:21.919169,f
13374,상가리,4682031029,전라남도,2026-01-13 13:17:21.923061,2026-01-13 13:17:21.923063,f
13375,화산면,4682032000,전라남도,2026-01-13 13:17:21.926832,2026-01-13 13:17:21.926833,f
13376,해창리,4682032021,전라남도,2026-01-13 13:17:21.930498,2026-01-13 13:17:21.9305,f
13377,금풍리,4682032022,전라남도,2026-01-13 13:17:21.93552,2026-01-13 13:17:21.935525,f
13378,연곡리,4682032023,전라남도,2026-01-13 13:17:21.93968,2026-01-13 13:17:21.939683,f
13379,율동리,4682032024,전라남도,2026-01-13 13:17:21.943856,2026-01-13 13:17:21.943858,f
13380,가좌리,4682032025,전라남도,2026-01-13 13:17:21.948421,2026-01-13 13:17:21.948433,f
13381,관동리,4682032026,전라남도,2026-01-13 13:17:21.952417,2026-01-13 13:17:21.95242,f
13382,월호리,4682032027,전라남도,2026-01-13 13:17:21.956819,2026-01-13 13:17:21.956821,f
13383,연정리,4682032028,전라남도,2026-01-13 13:17:21.960838,2026-01-13 13:17:21.96084,f
13384,방축리,4682032029,전라남도,2026-01-13 13:17:21.96467,2026-01-13 13:17:21.964673,f
13385,부길리,4682032030,전라남도,2026-01-13 13:17:21.968759,2026-01-13 13:17:21.968761,f
13386,송산리,4682032031,전라남도,2026-01-13 13:17:21.972727,2026-01-13 13:17:21.97273,f
13387,석호리,4682032032,전라남도,2026-01-13 13:17:21.976969,2026-01-13 13:17:21.976971,f
13388,안호리,4682032033,전라남도,2026-01-13 13:17:21.981553,2026-01-13 13:17:21.981555,f
13389,평호리,4682032034,전라남도,2026-01-13 13:17:21.98676,2026-01-13 13:17:21.986763,f
13390,삼마리,4682032035,전라남도,2026-01-13 13:17:21.993494,2026-01-13 13:17:21.993496,f
13391,현산면,4682033000,전라남도,2026-01-13 13:17:21.999552,2026-01-13 13:17:21.999556,f
13392,만안리,4682033021,전라남도,2026-01-13 13:17:22.004533,2026-01-13 13:17:22.004536,f
13393,구시리,4682033022,전라남도,2026-01-13 13:17:22.008351,2026-01-13 13:17:22.008352,f
13394,고현리,4682033023,전라남도,2026-01-13 13:17:22.012577,2026-01-13 13:17:22.01258,f
13395,덕흥리,4682033024,전라남도,2026-01-13 13:17:22.016761,2026-01-13 13:17:22.016763,f
13396,일평리,4682033025,전라남도,2026-01-13 13:17:22.020374,2026-01-13 13:17:22.020376,f
13397,읍호리,4682033026,전라남도,2026-01-13 13:17:22.024904,2026-01-13 13:17:22.024906,f
13398,백포리,4682033027,전라남도,2026-01-13 13:17:22.029142,2026-01-13 13:17:22.029144,f
13399,초호리,4682033028,전라남도,2026-01-13 13:17:22.034139,2026-01-13 13:17:22.034141,f
13400,황산리,4682033029,전라남도,2026-01-13 13:17:22.038073,2026-01-13 13:17:22.038075,f
13401,구산리,4682033030,전라남도,2026-01-13 13:17:22.041811,2026-01-13 13:17:22.041814,f
13402,조산리,4682033031,전라남도,2026-01-13 13:17:22.04618,2026-01-13 13:17:22.046182,f
13403,월송리,4682033032,전라남도,2026-01-13 13:17:22.050207,2026-01-13 13:17:22.050209,f
13404,송지면,4682034000,전라남도,2026-01-13 13:17:22.054587,2026-01-13 13:17:22.05459,f
13405,금강리,4682034021,전라남도,2026-01-13 13:17:22.059278,2026-01-13 13:17:22.059281,f
13406,군곡리,4682034022,전라남도,2026-01-13 13:17:22.062953,2026-01-13 13:17:22.062955,f
13407,가차리,4682034023,전라남도,2026-01-13 13:17:22.068514,2026-01-13 13:17:22.068516,f
13408,학가리,4682034024,전라남도,2026-01-13 13:17:22.072881,2026-01-13 13:17:22.072882,f
13409,우근리,4682034025,전라남도,2026-01-13 13:17:22.077143,2026-01-13 13:17:22.077146,f
13410,미야리,4682034026,전라남도,2026-01-13 13:17:22.081075,2026-01-13 13:17:22.081077,f
13411,산정리,4682034027,전라남도,2026-01-13 13:17:22.085175,2026-01-13 13:17:22.085178,f
13412,어란리,4682034028,전라남도,2026-01-13 13:17:22.089703,2026-01-13 13:17:22.089706,f
13413,소죽리,4682034029,전라남도,2026-01-13 13:17:22.096783,2026-01-13 13:17:22.096786,f
13414,송호리,4682034030,전라남도,2026-01-13 13:17:22.102123,2026-01-13 13:17:22.102127,f
13415,통호리,4682034031,전라남도,2026-01-13 13:17:22.109077,2026-01-13 13:17:22.109081,f
13416,마봉리,4682034032,전라남도,2026-01-13 13:17:22.113687,2026-01-13 13:17:22.113689,f
13417,해원리,4682034033,전라남도,2026-01-13 13:17:22.117948,2026-01-13 13:17:22.11795,f
13418,서정리,4682034034,전라남도,2026-01-13 13:17:22.121892,2026-01-13 13:17:22.121895,f
13419,북평면,4682035000,전라남도,2026-01-13 13:17:22.125749,2026-01-13 13:17:22.125751,f
13420,남창리,4682035021,전라남도,2026-01-13 13:17:22.129458,2026-01-13 13:17:22.12946,f
13421,이진리,4682035022,전라남도,2026-01-13 13:17:22.133358,2026-01-13 13:17:22.133362,f
13422,서홍리,4682035023,전라남도,2026-01-13 13:17:22.138253,2026-01-13 13:17:22.138255,f
13423,평암리,4682035024,전라남도,2026-01-13 13:17:22.142474,2026-01-13 13:17:22.142477,f
13424,영전리,4682035025,전라남도,2026-01-13 13:17:22.147366,2026-01-13 13:17:22.147369,f
13425,오산리,4682035026,전라남도,2026-01-13 13:17:22.154089,2026-01-13 13:17:22.154095,f
13426,동해리,4682035027,전라남도,2026-01-13 13:17:22.166644,2026-01-13 13:17:22.16665,f
13427,와룡리,4682035028,전라남도,2026-01-13 13:17:22.178856,2026-01-13 13:17:22.178862,f
13428,북일면,4682036000,전라남도,2026-01-13 13:17:22.187715,2026-01-13 13:17:22.187718,f
13429,만수리,4682036021,전라남도,2026-01-13 13:17:22.194416,2026-01-13 13:17:22.19442,f
13430,금당리,4682036022,전라남도,2026-01-13 13:17:22.199376,2026-01-13 13:17:22.19938,f
13431,신월리,4682036023,전라남도,2026-01-13 13:17:22.204571,2026-01-13 13:17:22.204574,f
13432,흥촌리,4682036024,전라남도,2026-01-13 13:17:22.20889,2026-01-13 13:17:22.208892,f
13433,운전리,4682036025,전라남도,2026-01-13 13:17:22.214572,2026-01-13 13:17:22.214574,f
13434,용일리,4682036026,전라남도,2026-01-13 13:17:22.218537,2026-01-13 13:17:22.218539,f
13435,방산리,4682036027,전라남도,2026-01-13 13:17:22.222169,2026-01-13 13:17:22.222171,f
13436,내동리,4682036028,전라남도,2026-01-13 13:17:22.227725,2026-01-13 13:17:22.227727,f
13437,옥천면,4682037000,전라남도,2026-01-13 13:17:22.232062,2026-01-13 13:17:22.232064,f
13438,영춘리,4682037021,전라남도,2026-01-13 13:17:22.236081,2026-01-13 13:17:22.236083,f
13439,영신리,4682037022,전라남도,2026-01-13 13:17:22.240465,2026-01-13 13:17:22.240466,f
13440,신계리,4682037023,전라남도,2026-01-13 13:17:22.244341,2026-01-13 13:17:22.244342,f
13441,신죽리,4682037024,전라남도,2026-01-13 13:17:22.248716,2026-01-13 13:17:22.248719,f
13442,팔산리,4682037025,전라남도,2026-01-13 13:17:22.253645,2026-01-13 13:17:22.253651,f
13443,월평리,4682037026,전라남도,2026-01-13 13:17:22.258199,2026-01-13 13:17:22.258201,f
13444,용산리,4682037027,전라남도,2026-01-13 13:17:22.262111,2026-01-13 13:17:22.262112,f
13445,성산리,4682037028,전라남도,2026-01-13 13:17:22.266904,2026-01-13 13:17:22.266908,f
13446,흑천리,4682037029,전라남도,2026-01-13 13:17:22.271501,2026-01-13 13:17:22.271503,f
13447,청신리,4682037030,전라남도,2026-01-13 13:17:22.276544,2026-01-13 13:17:22.276549,f
13448,대산리,4682037031,전라남도,2026-01-13 13:17:22.281471,2026-01-13 13:17:22.281474,f
13449,백호리,4682037032,전라남도,2026-01-13 13:17:22.286374,2026-01-13 13:17:22.286376,f
13450,송산리,4682037033,전라남도,2026-01-13 13:17:22.29139,2026-01-13 13:17:22.291392,f
13451,용동리,4682037034,전라남도,2026-01-13 13:17:22.296589,2026-01-13 13:17:22.296592,f
13452,계곡면,4682038000,전라남도,2026-01-13 13:17:22.30057,2026-01-13 13:17:22.300572,f
13453,성진리,4682038021,전라남도,2026-01-13 13:17:22.30471,2026-01-13 13:17:22.304712,f
13454,법곡리,4682038022,전라남도,2026-01-13 13:17:22.309259,2026-01-13 13:17:22.309261,f
13455,강절리,4682038023,전라남도,2026-01-13 13:17:22.314197,2026-01-13 13:17:22.3142,f
13456,당산리,4682038024,전라남도,2026-01-13 13:17:22.318269,2026-01-13 13:17:22.318271,f
13457,장소리,4682038025,전라남도,2026-01-13 13:17:22.322612,2026-01-13 13:17:22.322614,f
13458,선진리,4682038026,전라남도,2026-01-13 13:17:22.326876,2026-01-13 13:17:22.326878,f
13459,반계리,4682038027,전라남도,2026-01-13 13:17:22.330719,2026-01-13 13:17:22.330722,f
13460,방춘리,4682038028,전라남도,2026-01-13 13:17:22.335217,2026-01-13 13:17:22.33522,f
13461,덕정리,4682038029,전라남도,2026-01-13 13:17:22.339533,2026-01-13 13:17:22.339535,f
13462,여수리,4682038030,전라남도,2026-01-13 13:17:22.343408,2026-01-13 13:17:22.343411,f
13463,사정리,4682038031,전라남도,2026-01-13 13:17:22.348339,2026-01-13 13:17:22.348341,f
13464,가학리,4682038032,전라남도,2026-01-13 13:17:22.35276,2026-01-13 13:17:22.352762,f
13465,잠두리,4682038033,전라남도,2026-01-13 13:17:22.356991,2026-01-13 13:17:22.356993,f
13466,신평리,4682038034,전라남도,2026-01-13 13:17:22.36082,2026-01-13 13:17:22.360822,f
13467,황죽리,4682038035,전라남도,2026-01-13 13:17:22.365014,2026-01-13 13:17:22.365016,f
13468,마산면,4682039000,전라남도,2026-01-13 13:17:22.369051,2026-01-13 13:17:22.369053,f
13469,화내리,4682039021,전라남도,2026-01-13 13:17:22.373322,2026-01-13 13:17:22.373325,f
13470,장촌리,4682039022,전라남도,2026-01-13 13:17:22.377358,2026-01-13 13:17:22.37736,f
13471,맹진리,4682039023,전라남도,2026-01-13 13:17:22.381874,2026-01-13 13:17:22.381876,f
13472,송석리,4682039024,전라남도,2026-01-13 13:17:22.386807,2026-01-13 13:17:22.386809,f
13473,외호리,4682039025,전라남도,2026-01-13 13:17:22.391686,2026-01-13 13:17:22.391688,f
13474,산막리,4682039026,전라남도,2026-01-13 13:17:22.395517,2026-01-13 13:17:22.395519,f
13475,노하리,4682039027,전라남도,2026-01-13 13:17:22.399436,2026-01-13 13:17:22.399438,f
13476,연구리,4682039028,전라남도,2026-01-13 13:17:22.403175,2026-01-13 13:17:22.403176,f
13477,학의리,4682039029,전라남도,2026-01-13 13:17:22.407935,2026-01-13 13:17:22.407937,f
13478,용전리,4682039030,전라남도,2026-01-13 13:17:22.415005,2026-01-13 13:17:22.415012,f
13479,상등리,4682039031,전라남도,2026-01-13 13:17:22.426925,2026-01-13 13:17:22.426932,f
13480,황산면,4682040000,전라남도,2026-01-13 13:17:22.440034,2026-01-13 13:17:22.440039,f
13481,일신리,4682040021,전라남도,2026-01-13 13:17:22.448005,2026-01-13 13:17:22.448012,f
13482,원호리,4682040022,전라남도,2026-01-13 13:17:22.45587,2026-01-13 13:17:22.455875,f
13483,연호리,4682040023,전라남도,2026-01-13 13:17:22.461148,2026-01-13 13:17:22.46115,f
13484,송호리,4682040024,전라남도,2026-01-13 13:17:22.465559,2026-01-13 13:17:22.465563,f
13485,우항리,4682040025,전라남도,2026-01-13 13:17:22.470532,2026-01-13 13:17:22.470534,f
13486,호동리,4682040026,전라남도,2026-01-13 13:17:22.474447,2026-01-13 13:17:22.474449,f
13487,한자리,4682040027,전라남도,2026-01-13 13:17:22.479014,2026-01-13 13:17:22.479016,f
13488,남리리,4682040028,전라남도,2026-01-13 13:17:22.483086,2026-01-13 13:17:22.483088,f
13489,연당리,4682040029,전라남도,2026-01-13 13:17:22.48723,2026-01-13 13:17:22.487232,f
13490,외입리,4682040030,전라남도,2026-01-13 13:17:22.493605,2026-01-13 13:17:22.493608,f
13491,부곡리,4682040031,전라남도,2026-01-13 13:17:22.498239,2026-01-13 13:17:22.498242,f
13492,관춘리,4682040032,전라남도,2026-01-13 13:17:22.502254,2026-01-13 13:17:22.502257,f
13493,옥동리,4682040033,전라남도,2026-01-13 13:17:22.506248,2026-01-13 13:17:22.50625,f
13494,산이면,4682041000,전라남도,2026-01-13 13:17:22.510566,2026-01-13 13:17:22.510568,f
13495,노송리,4682041021,전라남도,2026-01-13 13:17:22.520596,2026-01-13 13:17:22.5206,f
13496,금송리,4682041022,전라남도,2026-01-13 13:17:22.527199,2026-01-13 13:17:22.527203,f
13497,덕호리,4682041023,전라남도,2026-01-13 13:17:22.533235,2026-01-13 13:17:22.53324,f
13498,예정리,4682041024,전라남도,2026-01-13 13:17:22.538163,2026-01-13 13:17:22.538166,f
13499,송천리,4682041025,전라남도,2026-01-13 13:17:22.542291,2026-01-13 13:17:22.542293,f
13500,초송리,4682041026,전라남도,2026-01-13 13:17:22.546056,2026-01-13 13:17:22.546058,f
13501,진산리,4682041027,전라남도,2026-01-13 13:17:22.550865,2026-01-13 13:17:22.550868,f
13502,대진리,4682041028,전라남도,2026-01-13 13:17:22.555588,2026-01-13 13:17:22.555591,f
13503,덕송리,4682041029,전라남도,2026-01-13 13:17:22.559902,2026-01-13 13:17:22.559905,f
13504,구성리,4682041030,전라남도,2026-01-13 13:17:22.563971,2026-01-13 13:17:22.563974,f
13505,상공리,4682041031,전라남도,2026-01-13 13:17:22.567967,2026-01-13 13:17:22.567968,f
13506,부동리,4682041032,전라남도,2026-01-13 13:17:22.572004,2026-01-13 13:17:22.572007,f
13507,금호리,4682041033,전라남도,2026-01-13 13:17:22.576499,2026-01-13 13:17:22.576502,f
13508,문내면,4682042000,전라남도,2026-01-13 13:17:22.580825,2026-01-13 13:17:22.580828,f
13509,용암리,4682042021,전라남도,2026-01-13 13:17:22.585336,2026-01-13 13:17:22.585338,f
13510,석교리,4682042022,전라남도,2026-01-13 13:17:22.589193,2026-01-13 13:17:22.589195,f
13511,동외리,4682042023,전라남도,2026-01-13 13:17:22.593446,2026-01-13 13:17:22.593449,f
13512,선두리,4682042024,전라남도,2026-01-13 13:17:22.599186,2026-01-13 13:17:22.599188,f
13513,학동리,4682042025,전라남도,2026-01-13 13:17:22.603085,2026-01-13 13:17:22.603086,f
13514,서상리,4682042026,전라남도,2026-01-13 13:17:22.607461,2026-01-13 13:17:22.607463,f
13515,예락리,4682042027,전라남도,2026-01-13 13:17:22.611601,2026-01-13 13:17:22.611603,f
13516,난대리,4682042028,전라남도,2026-01-13 13:17:22.615788,2026-01-13 13:17:22.61579,f
13517,충평리,4682042029,전라남도,2026-01-13 13:17:22.62291,2026-01-13 13:17:22.622912,f
13518,무고리,4682042030,전라남도,2026-01-13 13:17:22.62757,2026-01-13 13:17:22.627572,f
13519,고당리,4682042031,전라남도,2026-01-13 13:17:22.632087,2026-01-13 13:17:22.63209,f
13520,고평리,4682042032,전라남도,2026-01-13 13:17:22.638359,2026-01-13 13:17:22.638362,f
13521,화원면,4682043000,전라남도,2026-01-13 13:17:22.644249,2026-01-13 13:17:22.644251,f
13522,청용리,4682043021,전라남도,2026-01-13 13:17:22.648607,2026-01-13 13:17:22.648609,f
13523,금평리,4682043022,전라남도,2026-01-13 13:17:22.653476,2026-01-13 13:17:22.653477,f
13524,신덕리,4682043023,전라남도,2026-01-13 13:17:22.657788,2026-01-13 13:17:22.657791,f
13525,영호리,4682043024,전라남도,2026-01-13 13:17:22.66273,2026-01-13 13:17:22.662733,f
13526,마산리,4682043025,전라남도,2026-01-13 13:17:22.666879,2026-01-13 13:17:22.666881,f
13527,구림리,4682043026,전라남도,2026-01-13 13:17:22.672931,2026-01-13 13:17:22.672934,f
13528,월호리,4682043027,전라남도,2026-01-13 13:17:22.677582,2026-01-13 13:17:22.677584,f
13529,매월리,4682043028,전라남도,2026-01-13 13:17:22.681775,2026-01-13 13:17:22.681778,f
13530,후산리,4682043029,전라남도,2026-01-13 13:17:22.68628,2026-01-13 13:17:22.686282,f
13531,인지리,4682043030,전라남도,2026-01-13 13:17:22.690087,2026-01-13 13:17:22.690089,f
13532,주광리,4682043031,전라남도,2026-01-13 13:17:22.693929,2026-01-13 13:17:22.693931,f
13533,화봉리,4682043032,전라남도,2026-01-13 13:17:22.6991,2026-01-13 13:17:22.699103,f
13534,산호리,4682043033,전라남도,2026-01-13 13:17:22.70306,2026-01-13 13:17:22.703062,f
13535,장춘리,4682043034,전라남도,2026-01-13 13:17:22.707538,2026-01-13 13:17:22.70754,f
13536,성산리,4682043035,전라남도,2026-01-13 13:17:22.71144,2026-01-13 13:17:22.711442,f
13537,치하리,4682043036,전라남도,2026-01-13 13:17:22.715651,2026-01-13 13:17:22.715668,f
13538,영암군,4683000000,전라남도,2026-01-13 13:17:22.722751,2026-01-13 13:17:22.722755,f
13539,영암읍,4683025000,전라남도,2026-01-13 13:17:22.727939,2026-01-13 13:17:22.727941,f
13540,회문리,4683025021,전라남도,2026-01-13 13:17:22.732835,2026-01-13 13:17:22.732836,f
13541,교동리,4683025022,전라남도,2026-01-13 13:17:22.737108,2026-01-13 13:17:22.737111,f
13542,서남리,4683025023,전라남도,2026-01-13 13:17:22.741731,2026-01-13 13:17:22.741734,f
13543,동무리,4683025024,전라남도,2026-01-13 13:17:22.746095,2026-01-13 13:17:22.746098,f
13544,남풍리,4683025025,전라남도,2026-01-13 13:17:22.750573,2026-01-13 13:17:22.750576,f
13545,역리,4683025026,전라남도,2026-01-13 13:17:22.755025,2026-01-13 13:17:22.755027,f
13546,춘양리,4683025027,전라남도,2026-01-13 13:17:22.761086,2026-01-13 13:17:22.761089,f
13547,용흥리,4683025028,전라남도,2026-01-13 13:17:22.766072,2026-01-13 13:17:22.766074,f
13548,개신리,4683025029,전라남도,2026-01-13 13:17:22.770097,2026-01-13 13:17:22.770099,f
13549,망호리,4683025030,전라남도,2026-01-13 13:17:22.774097,2026-01-13 13:17:22.774099,f
13550,송평리,4683025031,전라남도,2026-01-13 13:17:22.778734,2026-01-13 13:17:22.778736,f
13551,대신리,4683025032,전라남도,2026-01-13 13:17:22.782876,2026-01-13 13:17:22.782878,f
13552,장암리,4683025033,전라남도,2026-01-13 13:17:22.787012,2026-01-13 13:17:22.787014,f
13553,농덕리,4683025034,전라남도,2026-01-13 13:17:22.791182,2026-01-13 13:17:22.791185,f
13554,학송리,4683025035,전라남도,2026-01-13 13:17:22.795257,2026-01-13 13:17:22.795259,f
13555,한대리,4683025036,전라남도,2026-01-13 13:17:22.79947,2026-01-13 13:17:22.799472,f
13556,삼호읍,4683025300,전라남도,2026-01-13 13:17:22.803073,2026-01-13 13:17:22.803075,f
13557,서창리,4683025321,전라남도,2026-01-13 13:17:22.806844,2026-01-13 13:17:22.806845,f
13558,망산리,4683025322,전라남도,2026-01-13 13:17:22.811189,2026-01-13 13:17:22.811192,f
13559,서호리,4683025323,전라남도,2026-01-13 13:17:22.815143,2026-01-13 13:17:22.815146,f
13560,동호리,4683025324,전라남도,2026-01-13 13:17:22.820743,2026-01-13 13:17:22.820747,f
13561,산호리,4683025325,전라남도,2026-01-13 13:17:22.825249,2026-01-13 13:17:22.825252,f
13562,용앙리,4683025326,전라남도,2026-01-13 13:17:22.830109,2026-01-13 13:17:22.830111,f
13563,난전리,4683025327,전라남도,2026-01-13 13:17:22.83994,2026-01-13 13:17:22.839942,f
13564,삼포리,4683025328,전라남도,2026-01-13 13:17:22.847484,2026-01-13 13:17:22.847487,f
13565,용당리,4683025329,전라남도,2026-01-13 13:17:22.852095,2026-01-13 13:17:22.852097,f
13566,나불리,4683025330,전라남도,2026-01-13 13:17:22.856688,2026-01-13 13:17:22.856691,f
13567,덕진면,4683031000,전라남도,2026-01-13 13:17:22.861571,2026-01-13 13:17:22.861574,f
13568,노송리,4683031021,전라남도,2026-01-13 13:17:22.865794,2026-01-13 13:17:22.865795,f
13569,운암리,4683031022,전라남도,2026-01-13 13:17:22.870373,2026-01-13 13:17:22.870376,f
13570,영보리,4683031023,전라남도,2026-01-13 13:17:22.875494,2026-01-13 13:17:22.875498,f
13571,백계리,4683031024,전라남도,2026-01-13 13:17:22.880178,2026-01-13 13:17:22.88018,f
13572,영등리,4683031025,전라남도,2026-01-13 13:17:22.884621,2026-01-13 13:17:22.884623,f
13573,용산리,4683031026,전라남도,2026-01-13 13:17:22.888635,2026-01-13 13:17:22.888637,f
13574,덕진리,4683031027,전라남도,2026-01-13 13:17:22.892247,2026-01-13 13:17:22.892249,f
13575,금강리,4683031028,전라남도,2026-01-13 13:17:22.89975,2026-01-13 13:17:22.899754,f
13576,장선리,4683031029,전라남도,2026-01-13 13:17:22.904291,2026-01-13 13:17:22.904293,f
13577,금정면,4683032000,전라남도,2026-01-13 13:17:22.908301,2026-01-13 13:17:22.908303,f
13578,연보리,4683032021,전라남도,2026-01-13 13:17:22.912932,2026-01-13 13:17:22.912934,f
13579,아천리,4683032022,전라남도,2026-01-13 13:17:22.917938,2026-01-13 13:17:22.91794,f
13580,월평리,4683032023,전라남도,2026-01-13 13:17:22.923227,2026-01-13 13:17:22.92323,f
13581,용흥리,4683032024,전라남도,2026-01-13 13:17:22.927728,2026-01-13 13:17:22.92773,f
13582,남송리,4683032025,전라남도,2026-01-13 13:17:22.931613,2026-01-13 13:17:22.931614,f
13583,안노리,4683032026,전라남도,2026-01-13 13:17:22.935699,2026-01-13 13:17:22.935702,f
13584,와운리,4683032027,전라남도,2026-01-13 13:17:22.941355,2026-01-13 13:17:22.941357,f
13585,연소리,4683032028,전라남도,2026-01-13 13:17:22.946201,2026-01-13 13:17:22.946203,f
13586,청용리,4683032029,전라남도,2026-01-13 13:17:22.952187,2026-01-13 13:17:22.952189,f
13587,쌍효리,4683032030,전라남도,2026-01-13 13:17:22.957332,2026-01-13 13:17:22.957334,f
13588,세류리,4683032031,전라남도,2026-01-13 13:17:22.962546,2026-01-13 13:17:22.962548,f
13589,신북면,4683033000,전라남도,2026-01-13 13:17:22.966568,2026-01-13 13:17:22.966569,f
13590,모산리,4683033021,전라남도,2026-01-13 13:17:22.971508,2026-01-13 13:17:22.971511,f
13591,금수리,4683033022,전라남도,2026-01-13 13:17:22.976209,2026-01-13 13:17:22.976212,f
13592,유곡리,4683033023,전라남도,2026-01-13 13:17:22.980504,2026-01-13 13:17:22.980508,f
13593,갈곡리,4683033024,전라남도,2026-01-13 13:17:22.985298,2026-01-13 13:17:22.985301,f
13594,학동리,4683033025,전라남도,2026-01-13 13:17:22.992785,2026-01-13 13:17:22.992793,f
13595,양계리,4683033026,전라남도,2026-01-13 13:17:23.003989,2026-01-13 13:17:23.003995,f
13596,장산리,4683033027,전라남도,2026-01-13 13:17:23.010531,2026-01-13 13:17:23.010533,f
13597,명동리,4683033028,전라남도,2026-01-13 13:17:23.015042,2026-01-13 13:17:23.015045,f
13598,이천리,4683033029,전라남도,2026-01-13 13:17:23.01957,2026-01-13 13:17:23.019572,f
13599,월평리,4683033030,전라남도,2026-01-13 13:17:23.023505,2026-01-13 13:17:23.023508,f
13600,행정리,4683033031,전라남도,2026-01-13 13:17:23.027342,2026-01-13 13:17:23.027345,f
13601,월지리,4683033032,전라남도,2026-01-13 13:17:23.031868,2026-01-13 13:17:23.031871,f
13602,용산리,4683033033,전라남도,2026-01-13 13:17:23.036131,2026-01-13 13:17:23.036134,f
13603,시종면,4683034000,전라남도,2026-01-13 13:17:23.04019,2026-01-13 13:17:23.040192,f
13604,와우리,4683034021,전라남도,2026-01-13 13:17:23.044269,2026-01-13 13:17:23.044272,f
13605,구산리,4683034022,전라남도,2026-01-13 13:17:23.048352,2026-01-13 13:17:23.048354,f
13606,봉소리,4683034023,전라남도,2026-01-13 13:17:23.052205,2026-01-13 13:17:23.052207,f
13607,신학리,4683034024,전라남도,2026-01-13 13:17:23.057006,2026-01-13 13:17:23.057008,f
13608,월송리,4683034025,전라남도,2026-01-13 13:17:23.061841,2026-01-13 13:17:23.061843,f
13609,내동리,4683034026,전라남도,2026-01-13 13:17:23.065934,2026-01-13 13:17:23.065936,f
13610,만수리,4683034027,전라남도,2026-01-13 13:17:23.070037,2026-01-13 13:17:23.070039,f
13611,태간리,4683034028,전라남도,2026-01-13 13:17:23.074683,2026-01-13 13:17:23.074687,f
13612,월롱리,4683034029,전라남도,2026-01-13 13:17:23.078961,2026-01-13 13:17:23.078963,f
13613,월악리,4683034030,전라남도,2026-01-13 13:17:23.083027,2026-01-13 13:17:23.08303,f
13614,금지리,4683034031,전라남도,2026-01-13 13:17:23.086989,2026-01-13 13:17:23.086991,f
13615,신흥리,4683034032,전라남도,2026-01-13 13:17:23.090787,2026-01-13 13:17:23.090789,f
13616,신연리,4683034033,전라남도,2026-01-13 13:17:23.094421,2026-01-13 13:17:23.09444,f
13617,옥야리,4683034034,전라남도,2026-01-13 13:17:23.100222,2026-01-13 13:17:23.100224,f
13618,도포면,4683035000,전라남도,2026-01-13 13:17:23.104171,2026-01-13 13:17:23.104173,f
13619,원항리,4683035021,전라남도,2026-01-13 13:17:23.108446,2026-01-13 13:17:23.108449,f
13620,봉호리,4683035022,전라남도,2026-01-13 13:17:23.113568,2026-01-13 13:17:23.11357,f
13621,덕화리,4683035023,전라남도,2026-01-13 13:17:23.119417,2026-01-13 13:17:23.119451,f
13622,도포리,4683035024,전라남도,2026-01-13 13:17:23.12966,2026-01-13 13:17:23.129666,f
13623,구학리,4683035025,전라남도,2026-01-13 13:17:23.137016,2026-01-13 13:17:23.13702,f
13624,영호리,4683035026,전라남도,2026-01-13 13:17:23.14215,2026-01-13 13:17:23.142153,f
13625,성산리,4683035027,전라남도,2026-01-13 13:17:23.146593,2026-01-13 13:17:23.146597,f
13626,수산리,4683035028,전라남도,2026-01-13 13:17:23.150616,2026-01-13 13:17:23.150618,f
13627,군서면,4683036000,전라남도,2026-01-13 13:17:23.155531,2026-01-13 13:17:23.155537,f
13628,해창리,4683036021,전라남도,2026-01-13 13:17:23.16039,2026-01-13 13:17:23.160392,f
13629,마산리,4683036022,전라남도,2026-01-13 13:17:23.164641,2026-01-13 13:17:23.164645,f
13630,성양리,4683036023,전라남도,2026-01-13 13:17:23.168645,2026-01-13 13:17:23.168646,f
13631,동호리,4683036024,전라남도,2026-01-13 13:17:23.172387,2026-01-13 13:17:23.172389,f
13632,양장리,4683036025,전라남도,2026-01-13 13:17:23.176941,2026-01-13 13:17:23.176943,f
13633,모정리,4683036026,전라남도,2026-01-13 13:17:23.181509,2026-01-13 13:17:23.181512,f
13634,서구림리,4683036027,전라남도,2026-01-13 13:17:23.185519,2026-01-13 13:17:23.18552,f
13635,동구림리,4683036028,전라남도,2026-01-13 13:17:23.19021,2026-01-13 13:17:23.190212,f
13636,도갑리,4683036029,전라남도,2026-01-13 13:17:23.194553,2026-01-13 13:17:23.194557,f
13637,월곡리,4683036030,전라남도,2026-01-13 13:17:23.199489,2026-01-13 13:17:23.199493,f
13638,도장리,4683036031,전라남도,2026-01-13 13:17:23.203754,2026-01-13 13:17:23.203757,f
13639,서호면,4683037000,전라남도,2026-01-13 13:17:23.207486,2026-01-13 13:17:23.207487,f
13640,몽해리,4683037021,전라남도,2026-01-13 13:17:23.211404,2026-01-13 13:17:23.211407,f
13641,화송리,4683037022,전라남도,2026-01-13 13:17:23.215361,2026-01-13 13:17:23.215363,f
13642,청용리,4683037023,전라남도,2026-01-13 13:17:23.219727,2026-01-13 13:17:23.219729,f
13643,엄길리,4683037024,전라남도,2026-01-13 13:17:23.22428,2026-01-13 13:17:23.224282,f
13644,장천리,4683037025,전라남도,2026-01-13 13:17:23.22813,2026-01-13 13:17:23.228132,f
13645,쌍풍리,4683037026,전라남도,2026-01-13 13:17:23.233781,2026-01-13 13:17:23.233784,f
13646,소산리,4683037027,전라남도,2026-01-13 13:17:23.24316,2026-01-13 13:17:23.243162,f
13647,성재리,4683037028,전라남도,2026-01-13 13:17:23.248069,2026-01-13 13:17:23.248072,f
13648,금강리,4683037029,전라남도,2026-01-13 13:17:23.25186,2026-01-13 13:17:23.251861,f
13649,태백리,4683037030,전라남도,2026-01-13 13:17:23.255826,2026-01-13 13:17:23.255828,f
13650,학산면,4683038000,전라남도,2026-01-13 13:17:23.262044,2026-01-13 13:17:23.262046,f
13651,묵동리,4683038021,전라남도,2026-01-13 13:17:23.266909,2026-01-13 13:17:23.266914,f
13652,상월리,4683038022,전라남도,2026-01-13 13:17:23.271265,2026-01-13 13:17:23.271268,f
13653,용산리,4683038023,전라남도,2026-01-13 13:17:23.275122,2026-01-13 13:17:23.275126,f
13654,학계리,4683038024,전라남도,2026-01-13 13:17:23.27994,2026-01-13 13:17:23.279943,f
13655,용소리,4683038025,전라남도,2026-01-13 13:17:23.284066,2026-01-13 13:17:23.284068,f
13656,금계리,4683038026,전라남도,2026-01-13 13:17:23.287782,2026-01-13 13:17:23.287784,f
13657,독천리,4683038027,전라남도,2026-01-13 13:17:23.291852,2026-01-13 13:17:23.291854,f
13658,신덕리,4683038028,전라남도,2026-01-13 13:17:23.29576,2026-01-13 13:17:23.295763,f
13659,은곡리,4683038029,전라남도,2026-01-13 13:17:23.300331,2026-01-13 13:17:23.300333,f
13660,매월리,4683038030,전라남도,2026-01-13 13:17:23.304498,2026-01-13 13:17:23.3045,f
13661,미암면,4683039000,전라남도,2026-01-13 13:17:23.3085,2026-01-13 13:17:23.308502,f
13662,두억리,4683039021,전라남도,2026-01-13 13:17:23.31299,2026-01-13 13:17:23.312993,f
13663,미암리,4683039022,전라남도,2026-01-13 13:17:23.317334,2026-01-13 13:17:23.317335,f
13664,선황리,4683039023,전라남도,2026-01-13 13:17:23.321026,2026-01-13 13:17:23.321029,f
13665,남산리,4683039024,전라남도,2026-01-13 13:17:23.325293,2026-01-13 13:17:23.325295,f
13666,춘동리,4683039025,전라남도,2026-01-13 13:17:23.328878,2026-01-13 13:17:23.32888,f
13667,채지리,4683039026,전라남도,2026-01-13 13:17:23.332329,2026-01-13 13:17:23.332331,f
13668,신한리,4683039027,전라남도,2026-01-13 13:17:23.336882,2026-01-13 13:17:23.336886,f
13669,신포리,4683039028,전라남도,2026-01-13 13:17:23.341266,2026-01-13 13:17:23.341268,f
13670,호포리,4683039029,전라남도,2026-01-13 13:17:23.345934,2026-01-13 13:17:23.345936,f
13671,무안군,4684000000,전라남도,2026-01-13 13:17:23.350157,2026-01-13 13:17:23.35016,f
13672,무안읍,4684025000,전라남도,2026-01-13 13:17:23.354041,2026-01-13 13:17:23.354044,f
13673,성내리,4684025021,전라남도,2026-01-13 13:17:23.358373,2026-01-13 13:17:23.358375,f
13674,성동리,4684025022,전라남도,2026-01-13 13:17:23.36219,2026-01-13 13:17:23.362193,f
13675,성남리,4684025023,전라남도,2026-01-13 13:17:23.365816,2026-01-13 13:17:23.365817,f
13676,교촌리,4684025024,전라남도,2026-01-13 13:17:23.369997,2026-01-13 13:17:23.369999,f
13677,용월리,4684025025,전라남도,2026-01-13 13:17:23.37417,2026-01-13 13:17:23.374172,f
13678,고절리,4684025026,전라남도,2026-01-13 13:17:23.378541,2026-01-13 13:17:23.378544,f
13679,매곡리,4684025027,전라남도,2026-01-13 13:17:23.382719,2026-01-13 13:17:23.382723,f
13680,성암리,4684025028,전라남도,2026-01-13 13:17:23.386756,2026-01-13 13:17:23.386758,f
13681,평용리,4684025029,전라남도,2026-01-13 13:17:23.391396,2026-01-13 13:17:23.391399,f
13682,신학리,4684025030,전라남도,2026-01-13 13:17:23.395702,2026-01-13 13:17:23.395704,f
13683,일로읍,4684025300,전라남도,2026-01-13 13:17:23.399397,2026-01-13 13:17:23.399399,f
13684,청호리,4684025321,전라남도,2026-01-13 13:17:23.403245,2026-01-13 13:17:23.403248,f
13685,망월리,4684025322,전라남도,2026-01-13 13:17:23.407074,2026-01-13 13:17:23.407076,f
13686,죽산리,4684025323,전라남도,2026-01-13 13:17:23.410879,2026-01-13 13:17:23.410882,f
13687,구정리,4684025324,전라남도,2026-01-13 13:17:23.415072,2026-01-13 13:17:23.415074,f
13688,의산리,4684025325,전라남도,2026-01-13 13:17:23.419276,2026-01-13 13:17:23.419278,f
13689,월암리,4684025326,전라남도,2026-01-13 13:17:23.423097,2026-01-13 13:17:23.423099,f
13690,용산리,4684025327,전라남도,2026-01-13 13:17:23.427007,2026-01-13 13:17:23.427009,f
13691,산정리,4684025328,전라남도,2026-01-13 13:17:23.431444,2026-01-13 13:17:23.431448,f
13692,광암리,4684025329,전라남도,2026-01-13 13:17:23.437668,2026-01-13 13:17:23.437672,f
13693,상신기리,4684025330,전라남도,2026-01-13 13:17:23.442053,2026-01-13 13:17:23.442055,f
13694,복룡리,4684025331,전라남도,2026-01-13 13:17:23.445937,2026-01-13 13:17:23.445939,f
13695,지장리,4684025332,전라남도,2026-01-13 13:17:23.449683,2026-01-13 13:17:23.449685,f
13696,감돈리,4684025333,전라남도,2026-01-13 13:17:23.453327,2026-01-13 13:17:23.453328,f
13697,오룡리,4684025335,전라남도,2026-01-13 13:17:23.457952,2026-01-13 13:17:23.457955,f
13698,삼향읍,4684025600,전라남도,2026-01-13 13:17:23.461816,2026-01-13 13:17:23.461819,f
13699,임성리,4684025621,전라남도,2026-01-13 13:17:23.465765,2026-01-13 13:17:23.465767,f
13700,남악리,4684025622,전라남도,2026-01-13 13:17:23.469817,2026-01-13 13:17:23.469819,f
13701,용포리,4684025623,전라남도,2026-01-13 13:17:23.474528,2026-01-13 13:17:23.474531,f
13702,맥포리,4684025624,전라남도,2026-01-13 13:17:23.478644,2026-01-13 13:17:23.478646,f
13703,유교리,4684025625,전라남도,2026-01-13 13:17:23.482459,2026-01-13 13:17:23.482461,f
13704,왕산리,4684025626,전라남도,2026-01-13 13:17:23.486217,2026-01-13 13:17:23.486219,f
13705,지산리,4684025627,전라남도,2026-01-13 13:17:23.491127,2026-01-13 13:17:23.491132,f
13706,정자리,4689038024,전라남도,2026-01-13 13:17:23.496801,2026-01-13 13:17:23.496803,f
13707,생일면,4689039000,전라남도,2026-01-13 13:17:23.501544,2026-01-13 13:17:23.501547,f
13708,유서리,4689039021,전라남도,2026-01-13 13:17:23.50553,2026-01-13 13:17:23.505532,f
13709,몽탄면,4684032000,전라남도,2026-01-13 13:17:23.509635,2026-01-13 13:17:23.509638,f
13710,달산리,4684032021,전라남도,2026-01-13 13:17:23.514078,2026-01-13 13:17:23.51408,f
13711,봉명리,4684032022,전라남도,2026-01-13 13:17:23.518372,2026-01-13 13:17:23.518375,f
13712,양장리,4684032023,전라남도,2026-01-13 13:17:23.522157,2026-01-13 13:17:23.522159,f
13713,청용리,4684032024,전라남도,2026-01-13 13:17:23.525916,2026-01-13 13:17:23.525918,f
13714,당호리,4684032025,전라남도,2026-01-13 13:17:23.529764,2026-01-13 13:17:23.529767,f
13715,명산리,4684032026,전라남도,2026-01-13 13:17:23.533871,2026-01-13 13:17:23.533873,f
13716,몽강리,4684032027,전라남도,2026-01-13 13:17:23.538214,2026-01-13 13:17:23.538217,f
13717,약곡리,4684032028,전라남도,2026-01-13 13:17:23.542634,2026-01-13 13:17:23.542637,f
13718,귀학리,4684032029,전라남도,2026-01-13 13:17:23.546412,2026-01-13 13:17:23.546414,f
13719,사천리,4684032030,전라남도,2026-01-13 13:17:23.551016,2026-01-13 13:17:23.551019,f
13720,구산리,4684032031,전라남도,2026-01-13 13:17:23.555443,2026-01-13 13:17:23.555447,f
13721,이산리,4684032032,전라남도,2026-01-13 13:17:23.560497,2026-01-13 13:17:23.560499,f
13722,내리,4684032033,전라남도,2026-01-13 13:17:23.56432,2026-01-13 13:17:23.564322,f
13723,대치리,4684032034,전라남도,2026-01-13 13:17:23.567993,2026-01-13 13:17:23.567995,f
13724,학산리,4684032035,전라남도,2026-01-13 13:17:23.571861,2026-01-13 13:17:23.571863,f
13725,다산리,4684032036,전라남도,2026-01-13 13:17:23.57581,2026-01-13 13:17:23.575814,f
13726,사창리,4684032037,전라남도,2026-01-13 13:17:23.580235,2026-01-13 13:17:23.580237,f
13727,봉산리,4684032038,전라남도,2026-01-13 13:17:23.584355,2026-01-13 13:17:23.584357,f
13728,청계면,4684033000,전라남도,2026-01-13 13:17:23.588446,2026-01-13 13:17:23.588447,f
13729,월선리,4684033021,전라남도,2026-01-13 13:17:23.592352,2026-01-13 13:17:23.592354,f
13730,청계리,4684033022,전라남도,2026-01-13 13:17:23.59776,2026-01-13 13:17:23.597762,f
13731,도림리,4684033023,전라남도,2026-01-13 13:17:23.601548,2026-01-13 13:17:23.601549,f
13732,남성리,4684033024,전라남도,2026-01-13 13:17:23.605422,2026-01-13 13:17:23.605439,f
13733,복길리,4684033025,전라남도,2026-01-13 13:17:23.609308,2026-01-13 13:17:23.609309,f
13734,구로리,4684033026,전라남도,2026-01-13 13:17:23.613233,2026-01-13 13:17:23.613235,f
13735,상마리,4684033027,전라남도,2026-01-13 13:17:23.617578,2026-01-13 13:17:23.61758,f
13736,복룡리,4684033028,전라남도,2026-01-13 13:17:23.622051,2026-01-13 13:17:23.622052,f
13737,강정리,4684033029,전라남도,2026-01-13 13:17:23.626059,2026-01-13 13:17:23.626062,f
13738,도대리,4684033030,전라남도,2026-01-13 13:17:23.630276,2026-01-13 13:17:23.630278,f
13739,서호리,4684033031,전라남도,2026-01-13 13:17:23.635624,2026-01-13 13:17:23.635628,f
13740,송현리,4684033032,전라남도,2026-01-13 13:17:23.639668,2026-01-13 13:17:23.63967,f
13741,청수리,4684033033,전라남도,2026-01-13 13:17:23.644327,2026-01-13 13:17:23.644329,f
13742,태봉리,4684033034,전라남도,2026-01-13 13:17:23.648047,2026-01-13 13:17:23.648049,f
13743,남안리,4684033035,전라남도,2026-01-13 13:17:23.65185,2026-01-13 13:17:23.651853,f
13744,사마리,4684033036,전라남도,2026-01-13 13:17:23.66,2026-01-13 13:17:23.660004,f
13745,청천리,4684033037,전라남도,2026-01-13 13:17:23.669836,2026-01-13 13:17:23.66984,f
13746,현경면,4684034000,전라남도,2026-01-13 13:17:23.677958,2026-01-13 13:17:23.677964,f
13747,양학리,4684034021,전라남도,2026-01-13 13:17:23.683868,2026-01-13 13:17:23.68387,f
13748,동산리,4684034022,전라남도,2026-01-13 13:17:23.688565,2026-01-13 13:17:23.688568,f
13749,평산리,4684034023,전라남도,2026-01-13 13:17:23.692238,2026-01-13 13:17:23.692241,f
13750,외반리,4684034024,전라남도,2026-01-13 13:17:23.696007,2026-01-13 13:17:23.696008,f
13751,현화리,4684034025,전라남도,2026-01-13 13:17:23.700305,2026-01-13 13:17:23.700308,f
13752,해운리,4684034026,전라남도,2026-01-13 13:17:23.704405,2026-01-13 13:17:23.704408,f
13753,송정리,4684034027,전라남도,2026-01-13 13:17:23.708526,2026-01-13 13:17:23.708528,f
13754,수양리,4684034028,전라남도,2026-01-13 13:17:23.713569,2026-01-13 13:17:23.713572,f
13755,용정리,4684034029,전라남도,2026-01-13 13:17:23.717788,2026-01-13 13:17:23.71779,f
13756,오류리,4684034030,전라남도,2026-01-13 13:17:23.721983,2026-01-13 13:17:23.721986,f
13757,마산리,4684034031,전라남도,2026-01-13 13:17:23.726087,2026-01-13 13:17:23.726089,f
13758,가입리,4684034032,전라남도,2026-01-13 13:17:23.730363,2026-01-13 13:17:23.730365,f
13759,망운면,4684035000,전라남도,2026-01-13 13:17:23.74269,2026-01-13 13:17:23.742697,f
13760,목동리,4684035021,전라남도,2026-01-13 13:17:23.756011,2026-01-13 13:17:23.756016,f
13761,목서리,4684035022,전라남도,2026-01-13 13:17:23.764731,2026-01-13 13:17:23.764734,f
13762,피서리,4684035023,전라남도,2026-01-13 13:17:23.769034,2026-01-13 13:17:23.769037,f
13763,송현리,4684035024,전라남도,2026-01-13 13:17:23.77424,2026-01-13 13:17:23.774245,f
13764,탄도리,4684035025,전라남도,2026-01-13 13:17:23.779411,2026-01-13 13:17:23.779413,f
13765,해제면,4684036000,전라남도,2026-01-13 13:17:23.784057,2026-01-13 13:17:23.784059,f
13766,유월리,4684036021,전라남도,2026-01-13 13:17:23.788023,2026-01-13 13:17:23.788024,f
13767,중통리,4689038021,전라남도,2026-01-13 13:17:23.793627,2026-01-13 13:17:23.793632,f
13768,예송리,4689038022,전라남도,2026-01-13 13:17:23.798048,2026-01-13 13:17:23.79805,f
13769,부황리,4689038023,전라남도,2026-01-13 13:17:23.802146,2026-01-13 13:17:23.802148,f
13770,용학리,4684036022,전라남도,2026-01-13 13:17:23.806044,2026-01-13 13:17:23.806046,f
13771,만풍리,4684036023,전라남도,2026-01-13 13:17:23.809763,2026-01-13 13:17:23.809765,f
13772,송석리,4684036024,전라남도,2026-01-13 13:17:23.813976,2026-01-13 13:17:23.813978,f
13773,양매리,4684036025,전라남도,2026-01-13 13:17:23.8183,2026-01-13 13:17:23.818302,f
13774,신정리,4684036026,전라남도,2026-01-13 13:17:23.822288,2026-01-13 13:17:23.822289,f
13775,덕산리,4684036027,전라남도,2026-01-13 13:17:23.82638,2026-01-13 13:17:23.826382,f
13776,대사리,4684036028,전라남도,2026-01-13 13:17:23.830266,2026-01-13 13:17:23.830271,f
13777,학송리,4684036029,전라남도,2026-01-13 13:17:23.834992,2026-01-13 13:17:23.834996,f
13778,석룡리,4684036030,전라남도,2026-01-13 13:17:23.840122,2026-01-13 13:17:23.840125,f
13779,임수리,4684036031,전라남도,2026-01-13 13:17:23.844134,2026-01-13 13:17:23.844135,f
13780,광산리,4684036032,전라남도,2026-01-13 13:17:23.847863,2026-01-13 13:17:23.847865,f
13781,산길리,4684036033,전라남도,2026-01-13 13:17:23.852001,2026-01-13 13:17:23.852003,f
13782,천장리,4684036034,전라남도,2026-01-13 13:17:23.856367,2026-01-13 13:17:23.856369,f
13783,창매리,4684036035,전라남도,2026-01-13 13:17:23.860985,2026-01-13 13:17:23.860987,f
13784,양월리,4684036036,전라남도,2026-01-13 13:17:23.86484,2026-01-13 13:17:23.864842,f
13785,운남면,4684037000,전라남도,2026-01-13 13:17:23.868773,2026-01-13 13:17:23.868775,f
13786,하묘리,4684037021,전라남도,2026-01-13 13:17:23.87372,2026-01-13 13:17:23.873723,f
13787,동암리,4684037022,전라남도,2026-01-13 13:17:23.877939,2026-01-13 13:17:23.877941,f
13788,연리,4684037023,전라남도,2026-01-13 13:17:23.881816,2026-01-13 13:17:23.881818,f
13789,내리,4684037024,전라남도,2026-01-13 13:17:23.885776,2026-01-13 13:17:23.885778,f
13790,성내리,4684037025,전라남도,2026-01-13 13:17:23.889363,2026-01-13 13:17:23.889364,f
13791,가학리,4689037023,전라남도,2026-01-13 13:17:23.892915,2026-01-13 13:17:23.892917,f
13792,보길면,4689038000,전라남도,2026-01-13 13:17:23.897922,2026-01-13 13:17:23.897925,f
13793,금당면,4689037000,전라남도,2026-01-13 13:17:23.902176,2026-01-13 13:17:23.902178,f
13794,차우리,4689037021,전라남도,2026-01-13 13:17:23.906677,2026-01-13 13:17:23.906679,f
13795,육산리,4689037022,전라남도,2026-01-13 13:17:23.910871,2026-01-13 13:17:23.910874,f
13796,미라리,4689036026,전라남도,2026-01-13 13:17:23.914808,2026-01-13 13:17:23.914812,f
13797,당사리,4689036027,전라남도,2026-01-13 13:17:23.919779,2026-01-13 13:17:23.919782,f
13798,횡간리,4689036028,전라남도,2026-01-13 13:17:23.924044,2026-01-13 13:17:23.924046,f
13799,함평군,4686000000,전라남도,2026-01-13 13:17:23.928136,2026-01-13 13:17:23.928138,f
13800,가학리,4689036023,전라남도,2026-01-13 13:17:23.931759,2026-01-13 13:17:23.931761,f
13801,맹선리,4689036024,전라남도,2026-01-13 13:17:23.935285,2026-01-13 13:17:23.935287,f
13802,진산리,4689036025,전라남도,2026-01-13 13:17:23.939251,2026-01-13 13:17:23.939254,f
13803,함평읍,4686025000,전라남도,2026-01-13 13:17:23.943921,2026-01-13 13:17:23.943923,f
13804,함평리,4686025021,전라남도,2026-01-13 13:17:23.947887,2026-01-13 13:17:23.947889,f
13805,기각리,4686025022,전라남도,2026-01-13 13:17:23.951893,2026-01-13 13:17:23.951896,f
13806,내교리,4686025023,전라남도,2026-01-13 13:17:23.95637,2026-01-13 13:17:23.956373,f
13807,수호리,4686025024,전라남도,2026-01-13 13:17:23.961488,2026-01-13 13:17:23.96149,f
13808,성남리,4686025025,전라남도,2026-01-13 13:17:23.96567,2026-01-13 13:17:23.965672,f
13809,자풍리,4686025026,전라남도,2026-01-13 13:17:23.969304,2026-01-13 13:17:23.969306,f
13810,만흥리,4686025027,전라남도,2026-01-13 13:17:23.973484,2026-01-13 13:17:23.973486,f
13811,장교리,4686025028,전라남도,2026-01-13 13:17:23.978449,2026-01-13 13:17:23.978451,f
13812,옥산리,4686025029,전라남도,2026-01-13 13:17:23.982754,2026-01-13 13:17:23.982756,f
13813,가동리,4686025030,전라남도,2026-01-13 13:17:23.987208,2026-01-13 13:17:23.98721,f
13814,석성리,4686025031,전라남도,2026-01-13 13:17:23.992152,2026-01-13 13:17:23.992154,f
13815,장년리,4686025032,전라남도,2026-01-13 13:17:23.998501,2026-01-13 13:17:23.998503,f
13816,진양리,4686025033,전라남도,2026-01-13 13:17:24.002626,2026-01-13 13:17:24.002628,f
13817,대덕리,4686025034,전라남도,2026-01-13 13:17:24.006354,2026-01-13 13:17:24.006356,f
13818,손불면,4686031000,전라남도,2026-01-13 13:17:24.009953,2026-01-13 13:17:24.009955,f
13819,학산리,4686031021,전라남도,2026-01-13 13:17:24.014345,2026-01-13 13:17:24.014347,f
13820,양재리,4686031022,전라남도,2026-01-13 13:17:24.018254,2026-01-13 13:17:24.018257,f
13821,북성리,4686031023,전라남도,2026-01-13 13:17:24.022259,2026-01-13 13:17:24.02226,f
13822,월천리,4686031024,전라남도,2026-01-13 13:17:24.02602,2026-01-13 13:17:24.026021,f
13823,대전리,4686031025,전라남도,2026-01-13 13:17:24.029943,2026-01-13 13:17:24.029945,f
13824,동암리,4686031026,전라남도,2026-01-13 13:17:24.034345,2026-01-13 13:17:24.034347,f
13825,죽장리,4686031027,전라남도,2026-01-13 13:17:24.038804,2026-01-13 13:17:24.038806,f
13826,죽암리,4686031028,전라남도,2026-01-13 13:17:24.042606,2026-01-13 13:17:24.042607,f
13827,궁산리,4686031029,전라남도,2026-01-13 13:17:24.045947,2026-01-13 13:17:24.045948,f
13828,석창리,4686031030,전라남도,2026-01-13 13:17:24.049515,2026-01-13 13:17:24.049517,f
13829,산남리,4686031031,전라남도,2026-01-13 13:17:24.053459,2026-01-13 13:17:24.053461,f
13830,신광면,4686032000,전라남도,2026-01-13 13:17:24.057616,2026-01-13 13:17:24.057618,f
13831,보여리,4686032021,전라남도,2026-01-13 13:17:24.061711,2026-01-13 13:17:24.061713,f
13832,송사리,4686032022,전라남도,2026-01-13 13:17:24.065585,2026-01-13 13:17:24.065586,f
13833,동정리,4686032023,전라남도,2026-01-13 13:17:24.07002,2026-01-13 13:17:24.070023,f
13834,함정리,4686032024,전라남도,2026-01-13 13:17:24.074544,2026-01-13 13:17:24.074546,f
13835,원산리,4686032025,전라남도,2026-01-13 13:17:24.078451,2026-01-13 13:17:24.078453,f
13836,삼덕리,4686032026,전라남도,2026-01-13 13:17:24.08268,2026-01-13 13:17:24.082683,f
13837,백운리,4686032027,전라남도,2026-01-13 13:17:24.086565,2026-01-13 13:17:24.086567,f
13838,복흥리,4686032028,전라남도,2026-01-13 13:17:24.090081,2026-01-13 13:17:24.090083,f
13839,계천리,4686032029,전라남도,2026-01-13 13:17:24.093956,2026-01-13 13:17:24.093958,f
13840,월암리,4686032030,전라남도,2026-01-13 13:17:24.099044,2026-01-13 13:17:24.099046,f
13841,가덕리,4686032031,전라남도,2026-01-13 13:17:24.103116,2026-01-13 13:17:24.103118,f
13842,유천리,4686032032,전라남도,2026-01-13 13:17:24.107034,2026-01-13 13:17:24.107036,f
13843,학교면,4686033000,전라남도,2026-01-13 13:17:24.110992,2026-01-13 13:17:24.110994,f
13844,복천리,4686033021,전라남도,2026-01-13 13:17:24.115524,2026-01-13 13:17:24.115527,f
13845,고막리,4686033022,전라남도,2026-01-13 13:17:24.121155,2026-01-13 13:17:24.121158,f
13846,금송리,4686033023,전라남도,2026-01-13 13:17:24.125254,2026-01-13 13:17:24.125256,f
13847,월호리,4686033024,전라남도,2026-01-13 13:17:24.129282,2026-01-13 13:17:24.129284,f
13848,곡창리,4686033025,전라남도,2026-01-13 13:17:24.133253,2026-01-13 13:17:24.133255,f
13849,학교리,4686033026,전라남도,2026-01-13 13:17:24.137338,2026-01-13 13:17:24.13734,f
13850,사거리,4686033027,전라남도,2026-01-13 13:17:24.142002,2026-01-13 13:17:24.142005,f
13851,월산리,4686033028,전라남도,2026-01-13 13:17:24.146169,2026-01-13 13:17:24.14617,f
13852,죽정리,4686033029,전라남도,2026-01-13 13:17:24.150468,2026-01-13 13:17:24.15047,f
13853,마산리,4686033030,전라남도,2026-01-13 13:17:24.155977,2026-01-13 13:17:24.155983,f
13854,석정리,4686033031,전라남도,2026-01-13 13:17:24.161688,2026-01-13 13:17:24.161691,f
13855,엄다면,4686034000,전라남도,2026-01-13 13:17:24.165802,2026-01-13 13:17:24.165803,f
13856,엄다리,4686034021,전라남도,2026-01-13 13:17:24.169377,2026-01-13 13:17:24.169378,f
13857,비자리,4689036021,전라남도,2026-01-13 13:17:24.173663,2026-01-13 13:17:24.173666,f
13858,이월리,4689036022,전라남도,2026-01-13 13:17:24.178054,2026-01-13 13:17:24.178057,f
13859,송로리,4686034022,전라남도,2026-01-13 13:17:24.182134,2026-01-13 13:17:24.182137,f
13860,신계리,4686034023,전라남도,2026-01-13 13:17:24.186813,2026-01-13 13:17:24.186815,f
13861,삼정리,4686034024,전라남도,2026-01-13 13:17:24.19203,2026-01-13 13:17:24.192033,f
13862,영흥리,4686034025,전라남도,2026-01-13 13:17:24.198104,2026-01-13 13:17:24.198106,f
13863,학야리,4686034026,전라남도,2026-01-13 13:17:24.202123,2026-01-13 13:17:24.202125,f
13864,성천리,4686034027,전라남도,2026-01-13 13:17:24.206414,2026-01-13 13:17:24.206416,f
13865,화양리,4686034028,전라남도,2026-01-13 13:17:24.210324,2026-01-13 13:17:24.210325,f
13866,대동면,4686035000,전라남도,2026-01-13 13:17:24.214203,2026-01-13 13:17:24.214205,f
13867,상옥리,4686035021,전라남도,2026-01-13 13:17:24.220562,2026-01-13 13:17:24.220565,f
13868,금곡리,4686035022,전라남도,2026-01-13 13:17:24.224702,2026-01-13 13:17:24.224705,f
13869,백호리,4686035023,전라남도,2026-01-13 13:17:24.230627,2026-01-13 13:17:24.230634,f
13870,월송리,4686035024,전라남도,2026-01-13 13:17:24.23592,2026-01-13 13:17:24.235923,f
13871,강운리,4686035025,전라남도,2026-01-13 13:17:24.242021,2026-01-13 13:17:24.242024,f
13872,향교리,4686035026,전라남도,2026-01-13 13:17:24.246124,2026-01-13 13:17:24.246127,f
13873,덕산리,4686035027,전라남도,2026-01-13 13:17:24.250045,2026-01-13 13:17:24.250046,f
13874,용성리,4686035028,전라남도,2026-01-13 13:17:24.254038,2026-01-13 13:17:24.254039,f
13875,운교리,4686035029,전라남도,2026-01-13 13:17:24.258382,2026-01-13 13:17:24.258384,f
13876,금산리,4686035030,전라남도,2026-01-13 13:17:24.262677,2026-01-13 13:17:24.262681,f
13877,서호리,4686035031,전라남도,2026-01-13 13:17:24.266658,2026-01-13 13:17:24.26666,f
13878,연암리,4686035032,전라남도,2026-01-13 13:17:24.271297,2026-01-13 13:17:24.2713,f
13879,나산면,4686036000,전라남도,2026-01-13 13:17:24.275761,2026-01-13 13:17:24.275763,f
13880,삼축리,4686036021,전라남도,2026-01-13 13:17:24.279544,2026-01-13 13:17:24.279546,f
13881,수하리,4686036022,전라남도,2026-01-13 13:17:24.284342,2026-01-13 13:17:24.284345,f
13882,나산리,4686036023,전라남도,2026-01-13 13:17:24.288764,2026-01-13 13:17:24.288766,f
13883,신평리,4686036024,전라남도,2026-01-13 13:17:24.292482,2026-01-13 13:17:24.292483,f
13884,송암리,4686036025,전라남도,2026-01-13 13:17:24.297121,2026-01-13 13:17:24.297126,f
13885,이문리,4686036026,전라남도,2026-01-13 13:17:24.302284,2026-01-13 13:17:24.302286,f
13886,수상리,4686036027,전라남도,2026-01-13 13:17:24.307548,2026-01-13 13:17:24.307553,f
13887,용두리,4686036028,전라남도,2026-01-13 13:17:24.313049,2026-01-13 13:17:24.313052,f
13888,우치리,4686036029,전라남도,2026-01-13 13:17:24.317678,2026-01-13 13:17:24.317681,f
13889,초포리,4686036030,전라남도,2026-01-13 13:17:24.322019,2026-01-13 13:17:24.322021,f
13890,월봉리,4686036031,전라남도,2026-01-13 13:17:24.326355,2026-01-13 13:17:24.326357,f
13891,원선리,4686036032,전라남도,2026-01-13 13:17:24.330759,2026-01-13 13:17:24.330761,f
13892,구산리,4686036033,전라남도,2026-01-13 13:17:24.33587,2026-01-13 13:17:24.335873,f
13893,덕림리,4686036034,전라남도,2026-01-13 13:17:24.340814,2026-01-13 13:17:24.340816,f
13894,해보면,4686037000,전라남도,2026-01-13 13:17:24.345105,2026-01-13 13:17:24.345108,f
13895,상곡리,4686037021,전라남도,2026-01-13 13:17:24.349486,2026-01-13 13:17:24.349488,f
13896,대창리,4686037022,전라남도,2026-01-13 13:17:24.354766,2026-01-13 13:17:24.354769,f
13897,용산리,4686037023,전라남도,2026-01-13 13:17:24.360107,2026-01-13 13:17:24.360111,f
13898,문장리,4686037024,전라남도,2026-01-13 13:17:24.364329,2026-01-13 13:17:24.364331,f
13899,금덕리,4686037025,전라남도,2026-01-13 13:17:24.368694,2026-01-13 13:17:24.368696,f
13900,해보리,4686037026,전라남도,2026-01-13 13:17:24.375636,2026-01-13 13:17:24.375662,f
13901,금계리,4686037027,전라남도,2026-01-13 13:17:24.38745,2026-01-13 13:17:24.387455,f
13902,산내리,4686037028,전라남도,2026-01-13 13:17:24.395882,2026-01-13 13:17:24.395885,f
13903,광암리,4686037029,전라남도,2026-01-13 13:17:24.400724,2026-01-13 13:17:24.400727,f
13904,대각리,4686037030,전라남도,2026-01-13 13:17:24.405589,2026-01-13 13:17:24.405594,f
13905,월야면,4686038000,전라남도,2026-01-13 13:17:24.410042,2026-01-13 13:17:24.410044,f
13906,용월리,4686038021,전라남도,2026-01-13 13:17:24.413966,2026-01-13 13:17:24.413968,f
13907,양정리,4686038022,전라남도,2026-01-13 13:17:24.417795,2026-01-13 13:17:24.417797,f
13908,영월리,4686038023,전라남도,2026-01-13 13:17:24.422757,2026-01-13 13:17:24.422759,f
13909,외치리,4686038024,전라남도,2026-01-13 13:17:24.427464,2026-01-13 13:17:24.427467,f
13910,월야리,4686038025,전라남도,2026-01-13 13:17:24.433075,2026-01-13 13:17:24.433079,f
13911,월악리,4686038026,전라남도,2026-01-13 13:17:24.437805,2026-01-13 13:17:24.437809,f
13912,계림리,4686038027,전라남도,2026-01-13 13:17:24.442281,2026-01-13 13:17:24.442282,f
13913,예덕리,4686038028,전라남도,2026-01-13 13:17:24.446219,2026-01-13 13:17:24.446221,f
13914,정산리,4686038029,전라남도,2026-01-13 13:17:24.450461,2026-01-13 13:17:24.450464,f
13915,용암리,4686038030,전라남도,2026-01-13 13:17:24.455213,2026-01-13 13:17:24.455216,f
13916,용정리,4686038031,전라남도,2026-01-13 13:17:24.459074,2026-01-13 13:17:24.459076,f
13917,월계리,4686038032,전라남도,2026-01-13 13:17:24.463692,2026-01-13 13:17:24.463694,f
13918,영광군,4687000000,전라남도,2026-01-13 13:17:24.467594,2026-01-13 13:17:24.467596,f
13919,영광읍,4687025000,전라남도,2026-01-13 13:17:24.471579,2026-01-13 13:17:24.471581,f
13920,무령리,4687025021,전라남도,2026-01-13 13:17:24.476996,2026-01-13 13:17:24.476999,f
13921,백학리,4687025022,전라남도,2026-01-13 13:17:24.483066,2026-01-13 13:17:24.483068,f
13922,남천리,4687025023,전라남도,2026-01-13 13:17:24.487229,2026-01-13 13:17:24.48723,f
13923,도동리,4687025024,전라남도,2026-01-13 13:17:24.492631,2026-01-13 13:17:24.492635,f
13924,교촌리,4687025025,전라남도,2026-01-13 13:17:24.498495,2026-01-13 13:17:24.498498,f
13925,연성리,4687025026,전라남도,2026-01-13 13:17:24.503561,2026-01-13 13:17:24.503564,f
13926,월평리,4687025027,전라남도,2026-01-13 13:17:24.508037,2026-01-13 13:17:24.508039,f
13927,단주리,4687025028,전라남도,2026-01-13 13:17:24.512542,2026-01-13 13:17:24.512545,f
13928,덕호리,4687025029,전라남도,2026-01-13 13:17:24.517616,2026-01-13 13:17:24.517619,f
13929,신월리,4687025030,전라남도,2026-01-13 13:17:24.521908,2026-01-13 13:17:24.521911,f
13930,양평리,4687025031,전라남도,2026-01-13 13:17:24.526034,2026-01-13 13:17:24.526037,f
13931,와룡리,4687025032,전라남도,2026-01-13 13:17:24.530416,2026-01-13 13:17:24.530419,f
13932,계송리,4687025033,전라남도,2026-01-13 13:17:24.534288,2026-01-13 13:17:24.534289,f
13933,입석리,4687025034,전라남도,2026-01-13 13:17:24.53838,2026-01-13 13:17:24.538386,f
13934,우평리,4687025035,전라남도,2026-01-13 13:17:24.543163,2026-01-13 13:17:24.543166,f
13935,녹사리,4687025036,전라남도,2026-01-13 13:17:24.546922,2026-01-13 13:17:24.546925,f
13936,학정리,4687025037,전라남도,2026-01-13 13:17:24.551075,2026-01-13 13:17:24.551077,f
13937,송림리,4687025038,전라남도,2026-01-13 13:17:24.555184,2026-01-13 13:17:24.555187,f
13938,신하리,4687025039,전라남도,2026-01-13 13:17:24.559906,2026-01-13 13:17:24.55991,f
13939,백수읍,4687025300,전라남도,2026-01-13 13:17:24.564829,2026-01-13 13:17:24.564831,f
13940,대신리,4687025321,전라남도,2026-01-13 13:17:24.56861,2026-01-13 13:17:24.568611,f
13941,길용리,4687025322,전라남도,2026-01-13 13:17:24.572856,2026-01-13 13:17:24.572857,f
13942,천정리,4687025323,전라남도,2026-01-13 13:17:24.576818,2026-01-13 13:17:24.57682,f
13943,장산리,4687025324,전라남도,2026-01-13 13:17:24.581219,2026-01-13 13:17:24.581227,f
13944,논산리,4687025325,전라남도,2026-01-13 13:17:24.589258,2026-01-13 13:17:24.589261,f
13945,학산리,4687025326,전라남도,2026-01-13 13:17:24.59387,2026-01-13 13:17:24.593873,f
13946,죽사리,4687025327,전라남도,2026-01-13 13:17:24.599446,2026-01-13 13:17:24.599448,f
13947,천마리,4687025328,전라남도,2026-01-13 13:17:24.604132,2026-01-13 13:17:24.604135,f
13948,양성리,4687025329,전라남도,2026-01-13 13:17:24.611275,2026-01-13 13:17:24.611278,f
13949,대전리,4687025330,전라남도,2026-01-13 13:17:24.616515,2026-01-13 13:17:24.616517,f
13950,지산리,4687025331,전라남도,2026-01-13 13:17:24.621141,2026-01-13 13:17:24.621144,f
13951,약수리,4687025332,전라남도,2026-01-13 13:17:24.626769,2026-01-13 13:17:24.626772,f
13952,홍곡리,4687025333,전라남도,2026-01-13 13:17:24.632548,2026-01-13 13:17:24.63255,f
13953,백암리,4687025334,전라남도,2026-01-13 13:17:24.639796,2026-01-13 13:17:24.639799,f
13954,상사리,4687025335,전라남도,2026-01-13 13:17:24.647841,2026-01-13 13:17:24.647844,f
13955,하사리,4687025336,전라남도,2026-01-13 13:17:24.652327,2026-01-13 13:17:24.65233,f
13956,구수리,4687025337,전라남도,2026-01-13 13:17:24.656088,2026-01-13 13:17:24.65609,f
13957,홍농읍,4687025600,전라남도,2026-01-13 13:17:24.659871,2026-01-13 13:17:24.659874,f
13958,상하리,4687025621,전라남도,2026-01-13 13:17:24.665292,2026-01-13 13:17:24.665295,f
13959,칠곡리,4687025622,전라남도,2026-01-13 13:17:24.669906,2026-01-13 13:17:24.669909,f
13960,계마리,4687025623,전라남도,2026-01-13 13:17:24.674416,2026-01-13 13:17:24.674418,f
13961,성산리,4687025624,전라남도,2026-01-13 13:17:24.678799,2026-01-13 13:17:24.678801,f
13962,진덕리,4687025625,전라남도,2026-01-13 13:17:24.683736,2026-01-13 13:17:24.683739,f
13963,월암리,4687025626,전라남도,2026-01-13 13:17:24.687747,2026-01-13 13:17:24.68775,f
13964,가곡리,4687025627,전라남도,2026-01-13 13:17:24.69178,2026-01-13 13:17:24.691781,f
13965,모도리,4689035032,전라남도,2026-01-13 13:17:24.69608,2026-01-13 13:17:24.696083,f
13966,여서리,4689035033,전라남도,2026-01-13 13:17:24.700277,2026-01-13 13:17:24.700279,f
13967,소안면,4689036000,전라남도,2026-01-13 13:17:24.705997,2026-01-13 13:17:24.705999,f
13968,단덕리,4687025628,전라남도,2026-01-13 13:17:24.710585,2026-01-13 13:17:24.710587,f
13969,신석리,4687025629,전라남도,2026-01-13 13:17:24.715732,2026-01-13 13:17:24.715735,f
13970,대마면,4687031000,전라남도,2026-01-13 13:17:24.721393,2026-01-13 13:17:24.721396,f
13971,월산리,4687031021,전라남도,2026-01-13 13:17:24.725747,2026-01-13 13:17:24.725748,f
13972,남산리,4687031022,전라남도,2026-01-13 13:17:24.729818,2026-01-13 13:17:24.729821,f
13973,송죽리,4687031023,전라남도,2026-01-13 13:17:24.73454,2026-01-13 13:17:24.734542,f
13974,화평리,4687031024,전라남도,2026-01-13 13:17:24.738549,2026-01-13 13:17:24.738552,f
13975,원흥리,4687031025,전라남도,2026-01-13 13:17:24.743458,2026-01-13 13:17:24.743462,f
13976,홍교리,4687031026,전라남도,2026-01-13 13:17:24.747863,2026-01-13 13:17:24.747865,f
13977,성산리,4687031027,전라남도,2026-01-13 13:17:24.75273,2026-01-13 13:17:24.752733,f
13978,복평리,4687031028,전라남도,2026-01-13 13:17:24.757552,2026-01-13 13:17:24.757554,f
13979,묘량면,4687032000,전라남도,2026-01-13 13:17:24.763205,2026-01-13 13:17:24.763207,f
13980,덕흥리,4687032021,전라남도,2026-01-13 13:17:24.767212,2026-01-13 13:17:24.767214,f
13981,영양리,4687032022,전라남도,2026-01-13 13:17:24.770976,2026-01-13 13:17:24.770977,f
13982,운당리,4687032023,전라남도,2026-01-13 13:17:24.774719,2026-01-13 13:17:24.774721,f
13983,삼효리,4687032024,전라남도,2026-01-13 13:17:24.778704,2026-01-13 13:17:24.778705,f
13984,신천리,4687032025,전라남도,2026-01-13 13:17:24.783557,2026-01-13 13:17:24.783559,f
13985,삼학리,4687032026,전라남도,2026-01-13 13:17:24.787495,2026-01-13 13:17:24.787497,f
13986,월암리,4687032027,전라남도,2026-01-13 13:17:24.791088,2026-01-13 13:17:24.791089,f
13987,연암리,4687032028,전라남도,2026-01-13 13:17:24.79702,2026-01-13 13:17:24.797024,f
13988,불갑면,4687033000,전라남도,2026-01-13 13:17:24.801517,2026-01-13 13:17:24.801518,f
13989,순용리,4687033021,전라남도,2026-01-13 13:17:24.805474,2026-01-13 13:17:24.805475,f
13990,녹산리,4687033022,전라남도,2026-01-13 13:17:24.809246,2026-01-13 13:17:24.809247,f
13991,금계리,4687033023,전라남도,2026-01-13 13:17:24.813442,2026-01-13 13:17:24.813444,f
13992,방마리,4687033024,전라남도,2026-01-13 13:17:24.818055,2026-01-13 13:17:24.818057,f
13993,자비리,4687033025,전라남도,2026-01-13 13:17:24.823023,2026-01-13 13:17:24.823026,f
13994,모악리,4687033026,전라남도,2026-01-13 13:17:24.827321,2026-01-13 13:17:24.827323,f
13995,안맹리,4687033027,전라남도,2026-01-13 13:17:24.831826,2026-01-13 13:17:24.831829,f
13996,쌍운리,4687033028,전라남도,2026-01-13 13:17:24.837417,2026-01-13 13:17:24.83742,f
13997,건무리,4687033029,전라남도,2026-01-13 13:17:24.843786,2026-01-13 13:17:24.843789,f
13998,부춘리,4687033030,전라남도,2026-01-13 13:17:24.848519,2026-01-13 13:17:24.848521,f
13999,응봉리,4687033031,전라남도,2026-01-13 13:17:24.85317,2026-01-13 13:17:24.853173,f
14000,우곡리,4687033032,전라남도,2026-01-13 13:17:24.857701,2026-01-13 13:17:24.857703,f
14001,생곡리,4687033033,전라남도,2026-01-13 13:17:24.862733,2026-01-13 13:17:24.862735,f
14002,군서면,4687034000,전라남도,2026-01-13 13:17:24.86707,2026-01-13 13:17:24.867072,f
14003,보라리,4687034021,전라남도,2026-01-13 13:17:24.871137,2026-01-13 13:17:24.871139,f
14004,남죽리,4687034022,전라남도,2026-01-13 13:17:24.874885,2026-01-13 13:17:24.874887,f
14005,마읍리,4687034023,전라남도,2026-01-13 13:17:24.879226,2026-01-13 13:17:24.879228,f
14006,만금리,4687034024,전라남도,2026-01-13 13:17:24.884031,2026-01-13 13:17:24.884033,f
14007,송학리,4687034025,전라남도,2026-01-13 13:17:24.888751,2026-01-13 13:17:24.888753,f
14008,가사리,4687034026,전라남도,2026-01-13 13:17:24.892338,2026-01-13 13:17:24.89234,f
14009,매산리,4687034027,전라남도,2026-01-13 13:17:24.896164,2026-01-13 13:17:24.896166,f
14010,덕산리,4687034028,전라남도,2026-01-13 13:17:24.900187,2026-01-13 13:17:24.90019,f
14011,남계리,4687034029,전라남도,2026-01-13 13:17:24.904863,2026-01-13 13:17:24.904865,f
14012,만곡리,4687034030,전라남도,2026-01-13 13:17:24.908799,2026-01-13 13:17:24.908801,f
14013,군남면,4687035000,전라남도,2026-01-13 13:17:24.912486,2026-01-13 13:17:24.912487,f
14014,포천리,4687035021,전라남도,2026-01-13 13:17:24.917354,2026-01-13 13:17:24.917356,f
14015,동간리,4687035022,전라남도,2026-01-13 13:17:24.921513,2026-01-13 13:17:24.921515,f
14016,도장리,4687035023,전라남도,2026-01-13 13:17:24.925917,2026-01-13 13:17:24.925918,f
14017,백양리,4687035024,전라남도,2026-01-13 13:17:24.930284,2026-01-13 13:17:24.930286,f
14018,동월리,4687035025,전라남도,2026-01-13 13:17:24.935187,2026-01-13 13:17:24.935189,f
14019,설매리,4687035026,전라남도,2026-01-13 13:17:24.93935,2026-01-13 13:17:24.939351,f
14020,양덕리,4687035027,전라남도,2026-01-13 13:17:24.944054,2026-01-13 13:17:24.944057,f
14021,대덕리,4687035028,전라남도,2026-01-13 13:17:24.948112,2026-01-13 13:17:24.948114,f
14022,용암리,4687035029,전라남도,2026-01-13 13:17:24.95224,2026-01-13 13:17:24.952242,f
14023,남창리,4687035030,전라남도,2026-01-13 13:17:24.957194,2026-01-13 13:17:24.957197,f
14024,월흥리,4687035031,전라남도,2026-01-13 13:17:24.962225,2026-01-13 13:17:24.962227,f
14025,반안리,4687035032,전라남도,2026-01-13 13:17:24.96662,2026-01-13 13:17:24.966623,f
14026,염산면,4687036000,전라남도,2026-01-13 13:17:24.970442,2026-01-13 13:17:24.970443,f
14027,신흥리,4689035029,전라남도,2026-01-13 13:17:24.974145,2026-01-13 13:17:24.974147,f
14028,국산리,4689035030,전라남도,2026-01-13 13:17:24.97805,2026-01-13 13:17:24.978052,f
14029,지리,4689035031,전라남도,2026-01-13 13:17:24.983016,2026-01-13 13:17:24.983019,f
14030,축동리,4687036021,전라남도,2026-01-13 13:17:24.988019,2026-01-13 13:17:24.988022,f
14031,상계리,4687036022,전라남도,2026-01-13 13:17:24.994381,2026-01-13 13:17:24.994388,f
14032,봉남리,4687036023,전라남도,2026-01-13 13:17:25.002757,2026-01-13 13:17:25.002759,f
14033,신성리,4687036024,전라남도,2026-01-13 13:17:25.007801,2026-01-13 13:17:25.007805,f
14034,송암리,4687036025,전라남도,2026-01-13 13:17:25.011847,2026-01-13 13:17:25.011849,f
14035,야월리,4687036026,전라남도,2026-01-13 13:17:25.015896,2026-01-13 13:17:25.015898,f
14036,두우리,4687036027,전라남도,2026-01-13 13:17:25.024577,2026-01-13 13:17:25.024581,f
14037,오동리,4687036028,전라남도,2026-01-13 13:17:25.031777,2026-01-13 13:17:25.03178,f
14038,옥실리,4687036029,전라남도,2026-01-13 13:17:25.037026,2026-01-13 13:17:25.037029,f
14039,법성면,4687037000,전라남도,2026-01-13 13:17:25.042093,2026-01-13 13:17:25.042098,f
14040,진내리,4687037021,전라남도,2026-01-13 13:17:25.046837,2026-01-13 13:17:25.046839,f
14041,법성리,4687037022,전라남도,2026-01-13 13:17:25.051588,2026-01-13 13:17:25.05159,f
14042,화천리,4687037023,전라남도,2026-01-13 13:17:25.055715,2026-01-13 13:17:25.055718,f
14043,대덕리,4687037024,전라남도,2026-01-13 13:17:25.059934,2026-01-13 13:17:25.059937,f
14044,덕흥리,4687037025,전라남도,2026-01-13 13:17:25.064668,2026-01-13 13:17:25.064671,f
14045,입암리,4687037026,전라남도,2026-01-13 13:17:25.068982,2026-01-13 13:17:25.068984,f
14046,신장리,4687037027,전라남도,2026-01-13 13:17:25.073861,2026-01-13 13:17:25.073863,f
14047,월산리,4687037028,전라남도,2026-01-13 13:17:25.078256,2026-01-13 13:17:25.078258,f
14048,용성리,4687037029,전라남도,2026-01-13 13:17:25.082892,2026-01-13 13:17:25.082894,f
14049,용덕리,4687037030,전라남도,2026-01-13 13:17:25.086708,2026-01-13 13:17:25.08671,f
14050,삼당리,4687037031,전라남도,2026-01-13 13:17:25.090714,2026-01-13 13:17:25.090716,f
14051,낙월면,4687038000,전라남도,2026-01-13 13:17:25.094793,2026-01-13 13:17:25.094796,f
14052,상낙월리,4687038021,전라남도,2026-01-13 13:17:25.098828,2026-01-13 13:17:25.09883,f
14053,하낙월리,4687038022,전라남도,2026-01-13 13:17:25.103262,2026-01-13 13:17:25.103264,f
14054,임병리,4687038023,전라남도,2026-01-13 13:17:25.107302,2026-01-13 13:17:25.107305,f
14055,송이리,4687038024,전라남도,2026-01-13 13:17:25.111483,2026-01-13 13:17:25.111485,f
14056,월촌리,4687038025,전라남도,2026-01-13 13:17:25.116202,2026-01-13 13:17:25.116204,f
14057,신기리,4687038026,전라남도,2026-01-13 13:17:25.121179,2026-01-13 13:17:25.121184,f
14058,영외리,4687038027,전라남도,2026-01-13 13:17:25.125523,2026-01-13 13:17:25.125525,f
14059,석만리,4687038028,전라남도,2026-01-13 13:17:25.129017,2026-01-13 13:17:25.129019,f
14060,죽도리,4687038029,전라남도,2026-01-13 13:17:25.132599,2026-01-13 13:17:25.132601,f
14061,오도리,4687038030,전라남도,2026-01-13 13:17:25.136341,2026-01-13 13:17:25.136344,f
14062,각이리,4687038031,전라남도,2026-01-13 13:17:25.14057,2026-01-13 13:17:25.140575,f
14063,장성군,4688000000,전라남도,2026-01-13 13:17:25.145253,2026-01-13 13:17:25.145255,f
14064,장성읍,4688025000,전라남도,2026-01-13 13:17:25.149058,2026-01-13 13:17:25.14906,f
14065,수산리,4688025021,전라남도,2026-01-13 13:17:25.154452,2026-01-13 13:17:25.154456,f
14066,성산리,4688025022,전라남도,2026-01-13 13:17:25.159851,2026-01-13 13:17:25.159854,f
14067,유탕리,4688025023,전라남도,2026-01-13 13:17:25.1645,2026-01-13 13:17:25.164502,f
14068,영천리,4688025024,전라남도,2026-01-13 13:17:25.168754,2026-01-13 13:17:25.168756,f
14069,단광리,4688025025,전라남도,2026-01-13 13:17:25.172801,2026-01-13 13:17:25.172802,f
14070,기산리,4688025026,전라남도,2026-01-13 13:17:25.176759,2026-01-13 13:17:25.176761,f
14071,장안리,4688025027,전라남도,2026-01-13 13:17:25.181791,2026-01-13 13:17:25.181792,f
14072,안평리,4688025028,전라남도,2026-01-13 13:17:25.18597,2026-01-13 13:17:25.185972,f
14073,부흥리,4688025029,전라남도,2026-01-13 13:17:25.190381,2026-01-13 13:17:25.190384,f
14074,백계리,4688025030,전라남도,2026-01-13 13:17:25.194325,2026-01-13 13:17:25.194328,f
14075,용강리,4688025031,전라남도,2026-01-13 13:17:25.198148,2026-01-13 13:17:25.19815,f
14076,봉덕리,4688025032,전라남도,2026-01-13 13:17:25.203036,2026-01-13 13:17:25.203038,f
14077,덕진리,4688025033,전라남도,2026-01-13 13:17:25.206924,2026-01-13 13:17:25.206925,f
14078,상오리,4688025034,전라남도,2026-01-13 13:17:25.210862,2026-01-13 13:17:25.210864,f
14079,야은리,4688025035,전라남도,2026-01-13 13:17:25.214859,2026-01-13 13:17:25.214863,f
14080,용곡리,4688025036,전라남도,2026-01-13 13:17:25.219507,2026-01-13 13:17:25.219512,f
14081,진원면,4688031000,전라남도,2026-01-13 13:17:25.224568,2026-01-13 13:17:25.224571,f
14082,율곡리,4688031021,전라남도,2026-01-13 13:17:25.228734,2026-01-13 13:17:25.228736,f
14083,산정리,4688031022,전라남도,2026-01-13 13:17:25.232871,2026-01-13 13:17:25.232875,f
14084,선적리,4688031023,전라남도,2026-01-13 13:17:25.237615,2026-01-13 13:17:25.237617,f
14085,학전리,4688031024,전라남도,2026-01-13 13:17:25.242062,2026-01-13 13:17:25.242065,f
14086,동촌리,4689035028,전라남도,2026-01-13 13:17:25.247188,2026-01-13 13:17:25.247191,f
14087,진원리,4688031025,전라남도,2026-01-13 13:17:25.25106,2026-01-13 13:17:25.251062,f
14088,산동리,4688031026,전라남도,2026-01-13 13:17:25.254931,2026-01-13 13:17:25.254933,f
14089,학림리,4688031027,전라남도,2026-01-13 13:17:25.260282,2026-01-13 13:17:25.260285,f
14090,상림리,4688031028,전라남도,2026-01-13 13:17:25.268015,2026-01-13 13:17:25.268019,f
14091,용산리,4688031029,전라남도,2026-01-13 13:17:25.273113,2026-01-13 13:17:25.273116,f
14092,남면,4688032000,전라남도,2026-01-13 13:17:25.27838,2026-01-13 13:17:25.278383,f
14093,분향리,4688032021,전라남도,2026-01-13 13:17:25.283246,2026-01-13 13:17:25.283248,f
14094,녹진리,4688032022,전라남도,2026-01-13 13:17:25.28729,2026-01-13 13:17:25.287293,f
14095,덕성리,4688032023,전라남도,2026-01-13 13:17:25.292026,2026-01-13 13:17:25.29203,f
14096,마령리,4688032024,전라남도,2026-01-13 13:17:25.296763,2026-01-13 13:17:25.296765,f
14097,평산리,4688032025,전라남도,2026-01-13 13:17:25.30161,2026-01-13 13:17:25.301612,f
14098,행정리,4688032026,전라남도,2026-01-13 13:17:25.306511,2026-01-13 13:17:25.306513,f
14099,월정리,4688032027,전라남도,2026-01-13 13:17:25.310886,2026-01-13 13:17:25.310888,f
14100,삼태리,4688032028,전라남도,2026-01-13 13:17:25.3171,2026-01-13 13:17:25.317103,f
14101,월곡리,4688032029,전라남도,2026-01-13 13:17:25.322106,2026-01-13 13:17:25.32211,f
14102,동화면,4688033000,전라남도,2026-01-13 13:17:25.327276,2026-01-13 13:17:25.327278,f
14103,용정리,4688033021,전라남도,2026-01-13 13:17:25.331576,2026-01-13 13:17:25.331578,f
14104,동호리,4688033022,전라남도,2026-01-13 13:17:25.336033,2026-01-13 13:17:25.336036,f
14105,서양리,4688033023,전라남도,2026-01-13 13:17:25.340016,2026-01-13 13:17:25.340019,f
14106,구림리,4688033024,전라남도,2026-01-13 13:17:25.344545,2026-01-13 13:17:25.344548,f
14107,남평리,4688033025,전라남도,2026-01-13 13:17:25.34913,2026-01-13 13:17:25.349133,f
14108,남산리,4688033026,전라남도,2026-01-13 13:17:25.354116,2026-01-13 13:17:25.354119,f
14109,월산리,4688033027,전라남도,2026-01-13 13:17:25.359329,2026-01-13 13:17:25.359331,f
14110,구룡리,4688033028,전라남도,2026-01-13 13:17:25.363679,2026-01-13 13:17:25.363681,f
14111,송계리,4688033029,전라남도,2026-01-13 13:17:25.368305,2026-01-13 13:17:25.368308,f
14112,삼서면,4688034000,전라남도,2026-01-13 13:17:25.373597,2026-01-13 13:17:25.3736,f
14113,대곡리,4688034021,전라남도,2026-01-13 13:17:25.377623,2026-01-13 13:17:25.377625,f
14114,삼계리,4688034022,전라남도,2026-01-13 13:17:25.384206,2026-01-13 13:17:25.384209,f
14115,유평리,4688034023,전라남도,2026-01-13 13:17:25.389186,2026-01-13 13:17:25.389188,f
14116,학성리,4688034024,전라남도,2026-01-13 13:17:25.393957,2026-01-13 13:17:25.393961,f
14117,대도리,4688034025,전라남도,2026-01-13 13:17:25.399036,2026-01-13 13:17:25.399038,f
14118,소룡리,4688034026,전라남도,2026-01-13 13:17:25.403524,2026-01-13 13:17:25.403527,f
14119,수해리,4688034027,전라남도,2026-01-13 13:17:25.407464,2026-01-13 13:17:25.407466,f
14120,우치리,4688034028,전라남도,2026-01-13 13:17:25.411363,2026-01-13 13:17:25.411364,f
14121,금산리,4688034029,전라남도,2026-01-13 13:17:25.41535,2026-01-13 13:17:25.415352,f
14122,석마리,4688034030,전라남도,2026-01-13 13:17:25.420007,2026-01-13 13:17:25.420009,f
14123,보생리,4688034031,전라남도,2026-01-13 13:17:25.424463,2026-01-13 13:17:25.424465,f
14124,두월리,4688034032,전라남도,2026-01-13 13:17:25.428341,2026-01-13 13:17:25.428343,f
14125,홍정리,4688034033,전라남도,2026-01-13 13:17:25.432117,2026-01-13 13:17:25.432118,f
14126,수양리,4688034034,전라남도,2026-01-13 13:17:25.438333,2026-01-13 13:17:25.438335,f
14127,삼계면,4688035000,전라남도,2026-01-13 13:17:25.444332,2026-01-13 13:17:25.444335,f
14128,사창리,4688035021,전라남도,2026-01-13 13:17:25.449281,2026-01-13 13:17:25.449284,f
14129,월연리,4688035022,전라남도,2026-01-13 13:17:25.4543,2026-01-13 13:17:25.454304,f
14130,주산리,4688035023,전라남도,2026-01-13 13:17:25.459272,2026-01-13 13:17:25.459274,f
14131,상도리,4688035024,전라남도,2026-01-13 13:17:25.463868,2026-01-13 13:17:25.46387,f
14132,능성리,4688035025,전라남도,2026-01-13 13:17:25.468125,2026-01-13 13:17:25.468126,f
14133,발산리,4688035026,전라남도,2026-01-13 13:17:25.472077,2026-01-13 13:17:25.472079,f
14134,수옥리,4688035027,전라남도,2026-01-13 13:17:25.477384,2026-01-13 13:17:25.477392,f
14135,덕산리,4688035028,전라남도,2026-01-13 13:17:25.482856,2026-01-13 13:17:25.482858,f
14136,수산리,4688035029,전라남도,2026-01-13 13:17:25.487216,2026-01-13 13:17:25.487217,f
14137,죽림리,4688035030,전라남도,2026-01-13 13:17:25.494774,2026-01-13 13:17:25.49478,f
14138,생촌리,4688035031,전라남도,2026-01-13 13:17:25.501046,2026-01-13 13:17:25.501049,f
14139,부성리,4688035032,전라남도,2026-01-13 13:17:25.505637,2026-01-13 13:17:25.50564,f
14140,화산리,4688035033,전라남도,2026-01-13 13:17:25.509605,2026-01-13 13:17:25.509608,f
14141,신기리,4688035034,전라남도,2026-01-13 13:17:25.513568,2026-01-13 13:17:25.513571,f
14142,내계리,4688035035,전라남도,2026-01-13 13:17:25.517564,2026-01-13 13:17:25.517566,f
14143,황룡면,4688036000,전라남도,2026-01-13 13:17:25.521868,2026-01-13 13:17:25.52187,f
14144,월평리,4688036021,전라남도,2026-01-13 13:17:25.526091,2026-01-13 13:17:25.526095,f
14145,와룡리,4688036022,전라남도,2026-01-13 13:17:25.530247,2026-01-13 13:17:25.530248,f
14146,옥정리,4688036023,전라남도,2026-01-13 13:17:25.535285,2026-01-13 13:17:25.535287,f
14147,황룡리,4688036024,전라남도,2026-01-13 13:17:25.53966,2026-01-13 13:17:25.539662,f
14148,신호리,4688036025,전라남도,2026-01-13 13:17:25.544483,2026-01-13 13:17:25.544485,f
14149,장산리,4688036026,전라남도,2026-01-13 13:17:25.54836,2026-01-13 13:17:25.548363,f
14150,필암리,4688036027,전라남도,2026-01-13 13:17:25.552526,2026-01-13 13:17:25.552528,f
14151,아곡리,4688036028,전라남도,2026-01-13 13:17:25.557667,2026-01-13 13:17:25.557669,f
14152,금호리,4688036029,전라남도,2026-01-13 13:17:25.562701,2026-01-13 13:17:25.562705,f
14153,통안리,4688036030,전라남도,2026-01-13 13:17:25.567215,2026-01-13 13:17:25.567216,f
14154,맥호리,4688036031,전라남도,2026-01-13 13:17:25.571116,2026-01-13 13:17:25.571118,f
14155,관동리,4688036032,전라남도,2026-01-13 13:17:25.574909,2026-01-13 13:17:25.574911,f
14156,와우리,4688036033,전라남도,2026-01-13 13:17:25.57906,2026-01-13 13:17:25.579061,f
14157,서삼면,4688037000,전라남도,2026-01-13 13:17:25.583543,2026-01-13 13:17:25.583545,f
14158,장산리,4688037021,전라남도,2026-01-13 13:17:25.587551,2026-01-13 13:17:25.587553,f
14159,송현리,4688037022,전라남도,2026-01-13 13:17:25.591557,2026-01-13 13:17:25.59156,f
14160,모암리,4688037023,전라남도,2026-01-13 13:17:25.595913,2026-01-13 13:17:25.595916,f
14161,대덕리,4688037024,전라남도,2026-01-13 13:17:25.600113,2026-01-13 13:17:25.600115,f
14162,추암리,4688037025,전라남도,2026-01-13 13:17:25.605188,2026-01-13 13:17:25.60519,f
14163,금계리,4688037026,전라남도,2026-01-13 13:17:25.609082,2026-01-13 13:17:25.609083,f
14164,용흥리,4688037027,전라남도,2026-01-13 13:17:25.613477,2026-01-13 13:17:25.613479,f
14165,북일면,4688038000,전라남도,2026-01-13 13:17:25.61716,2026-01-13 13:17:25.617161,f
14166,신흥리,4688038021,전라남도,2026-01-13 13:17:25.621643,2026-01-13 13:17:25.62165,f
14167,박산리,4688038022,전라남도,2026-01-13 13:17:25.626736,2026-01-13 13:17:25.626738,f
14168,오산리,4688038023,전라남도,2026-01-13 13:17:25.630647,2026-01-13 13:17:25.630649,f
14169,월계리,4688038024,전라남도,2026-01-13 13:17:25.636042,2026-01-13 13:17:25.636045,f
14170,성산리,4688038025,전라남도,2026-01-13 13:17:25.640862,2026-01-13 13:17:25.640863,f
14171,성덕리,4688038026,전라남도,2026-01-13 13:17:25.645386,2026-01-13 13:17:25.645388,f
14172,문암리,4688038027,전라남도,2026-01-13 13:17:25.649692,2026-01-13 13:17:25.649694,f
14173,북이면,4688039000,전라남도,2026-01-13 13:17:25.654828,2026-01-13 13:17:25.654831,f
14174,사거리,4688039021,전라남도,2026-01-13 13:17:25.663836,2026-01-13 13:17:25.663839,f
14175,원덕리,4688039022,전라남도,2026-01-13 13:17:25.670169,2026-01-13 13:17:25.670171,f
14176,신평리,4688039023,전라남도,2026-01-13 13:17:25.675554,2026-01-13 13:17:25.675557,f
14177,달성리,4688039024,전라남도,2026-01-13 13:17:25.679597,2026-01-13 13:17:25.679599,f
14178,백암리,4688039025,전라남도,2026-01-13 13:17:25.683837,2026-01-13 13:17:25.68384,f
14179,죽청리,4688039026,전라남도,2026-01-13 13:17:25.687672,2026-01-13 13:17:25.687674,f
14180,만무리,4688039027,전라남도,2026-01-13 13:17:25.693904,2026-01-13 13:17:25.693908,f
14181,신월리,4688039028,전라남도,2026-01-13 13:17:25.699056,2026-01-13 13:17:25.699059,f
14182,모현리,4688039029,전라남도,2026-01-13 13:17:25.705293,2026-01-13 13:17:25.705295,f
14183,수성리,4688039030,전라남도,2026-01-13 13:17:25.709191,2026-01-13 13:17:25.709193,f
14184,오월리,4688039031,전라남도,2026-01-13 13:17:25.713555,2026-01-13 13:17:25.713557,f
14185,조양리,4688039032,전라남도,2026-01-13 13:17:25.718395,2026-01-13 13:17:25.718398,f
14186,북하면,4688040000,전라남도,2026-01-13 13:17:25.723602,2026-01-13 13:17:25.723604,f
14187,월성리,4688040021,전라남도,2026-01-13 13:17:25.727654,2026-01-13 13:17:25.727655,f
14188,대악리,4688040022,전라남도,2026-01-13 13:17:25.73131,2026-01-13 13:17:25.731311,f
14189,단전리,4688040023,전라남도,2026-01-13 13:17:25.735246,2026-01-13 13:17:25.735249,f
14190,용두리,4688040024,전라남도,2026-01-13 13:17:25.739004,2026-01-13 13:17:25.739006,f
14191,약수리,4688040025,전라남도,2026-01-13 13:17:25.743201,2026-01-13 13:17:25.743207,f
14192,중평리,4688040026,전라남도,2026-01-13 13:17:25.747305,2026-01-13 13:17:25.747306,f
14193,성암리,4688040027,전라남도,2026-01-13 13:17:25.751092,2026-01-13 13:17:25.751094,f
14194,대흥리,4688040028,전라남도,2026-01-13 13:17:25.755319,2026-01-13 13:17:25.755323,f
14195,덕재리,4688040029,전라남도,2026-01-13 13:17:25.760013,2026-01-13 13:17:25.760017,f
14196,동현리,4688040030,전라남도,2026-01-13 13:17:25.764115,2026-01-13 13:17:25.764118,f
14197,쌍웅리,4688040031,전라남도,2026-01-13 13:17:25.76906,2026-01-13 13:17:25.769062,f
14198,신성리,4688040032,전라남도,2026-01-13 13:17:25.773695,2026-01-13 13:17:25.773697,f
14199,완도군,4689000000,전라남도,2026-01-13 13:17:25.777649,2026-01-13 13:17:25.777651,f
14200,완도읍,4689025000,전라남도,2026-01-13 13:17:25.783777,2026-01-13 13:17:25.78378,f
14201,군내리,4689025021,전라남도,2026-01-13 13:17:25.788209,2026-01-13 13:17:25.788212,f
14202,가용리,4689025022,전라남도,2026-01-13 13:17:25.793054,2026-01-13 13:17:25.793057,f
14203,죽청리,4689025023,전라남도,2026-01-13 13:17:25.79778,2026-01-13 13:17:25.797783,f
14204,장좌리,4689025024,전라남도,2026-01-13 13:17:25.802482,2026-01-13 13:17:25.802538,f
14205,대야리,4689025025,전라남도,2026-01-13 13:17:25.806779,2026-01-13 13:17:25.806781,f
14206,망석리,4689025026,전라남도,2026-01-13 13:17:25.810834,2026-01-13 13:17:25.810836,f
14207,중도리,4689025027,전라남도,2026-01-13 13:17:25.815107,2026-01-13 13:17:25.81511,f
14208,정도리,4689025028,전라남도,2026-01-13 13:17:25.81928,2026-01-13 13:17:25.819283,f
14209,화흥리,4689025029,전라남도,2026-01-13 13:17:25.825085,2026-01-13 13:17:25.825088,f
14210,대신리,4689025030,전라남도,2026-01-13 13:17:25.830166,2026-01-13 13:17:25.830168,f
14211,금일읍,4689025300,전라남도,2026-01-13 13:17:25.835776,2026-01-13 13:17:25.835779,f
14212,화목리,4689025321,전라남도,2026-01-13 13:17:25.842177,2026-01-13 13:17:25.84218,f
14213,신구리,4689025322,전라남도,2026-01-13 13:17:25.846699,2026-01-13 13:17:25.846702,f
14214,척치리,4689025323,전라남도,2026-01-13 13:17:25.850605,2026-01-13 13:17:25.850607,f
14215,장정리,4689025324,전라남도,2026-01-13 13:17:25.854217,2026-01-13 13:17:25.854218,f
14216,충동리,4689025325,전라남도,2026-01-13 13:17:25.857947,2026-01-13 13:17:25.857948,f
14217,월송리,4689025326,전라남도,2026-01-13 13:17:25.863052,2026-01-13 13:17:25.863054,f
14218,동백리,4689025327,전라남도,2026-01-13 13:17:25.867647,2026-01-13 13:17:25.867649,f
14219,사동리,4689025328,전라남도,2026-01-13 13:17:25.871665,2026-01-13 13:17:25.871666,f
14220,장원리,4689025329,전라남도,2026-01-13 13:17:25.875872,2026-01-13 13:17:25.875874,f
14221,노화읍,4689025600,전라남도,2026-01-13 13:17:25.880524,2026-01-13 13:17:25.880527,f
14222,이포리,4689025621,전라남도,2026-01-13 13:17:25.885407,2026-01-13 13:17:25.88541,f
14223,도청리,4689025622,전라남도,2026-01-13 13:17:25.889282,2026-01-13 13:17:25.889284,f
14224,등산리,4689025623,전라남도,2026-01-13 13:17:25.893617,2026-01-13 13:17:25.893619,f
14225,고막리,4689025624,전라남도,2026-01-13 13:17:25.897346,2026-01-13 13:17:25.897348,f
14226,신양리,4689025625,전라남도,2026-01-13 13:17:25.902277,2026-01-13 13:17:25.902279,f
14227,구석리,4689025626,전라남도,2026-01-13 13:17:25.90706,2026-01-13 13:17:25.907062,f
14228,동천리,4689025627,전라남도,2026-01-13 13:17:25.911645,2026-01-13 13:17:25.911648,f
14229,충도리,4689025628,전라남도,2026-01-13 13:17:25.916341,2026-01-13 13:17:25.916344,f
14230,내리,4689025629,전라남도,2026-01-13 13:17:25.920886,2026-01-13 13:17:25.920889,f
14231,방서리,4689025630,전라남도,2026-01-13 13:17:25.925199,2026-01-13 13:17:25.925202,f
14232,군외면,4689031000,전라남도,2026-01-13 13:17:25.929251,2026-01-13 13:17:25.929252,f
14233,영풍리,4689031021,전라남도,2026-01-13 13:17:25.933135,2026-01-13 13:17:25.933136,f
14234,불목리,4689031022,전라남도,2026-01-13 13:17:25.937263,2026-01-13 13:17:25.937264,f
14235,황진리,4689031023,전라남도,2026-01-13 13:17:25.941364,2026-01-13 13:17:25.941366,f
14236,원동리,4689031024,전라남도,2026-01-13 13:17:25.946228,2026-01-13 13:17:25.94623,f
14237,신학리,4689031025,전라남도,2026-01-13 13:17:25.950248,2026-01-13 13:17:25.95025,f
14238,대문리,4689031026,전라남도,2026-01-13 13:17:25.955827,2026-01-13 13:17:25.955831,f
14239,삼두리,4689031027,전라남도,2026-01-13 13:17:25.960581,2026-01-13 13:17:25.960583,f
14240,당인리,4689031028,전라남도,2026-01-13 13:17:25.964869,2026-01-13 13:17:25.96487,f
14241,신지면,4689032000,전라남도,2026-01-13 13:17:25.969616,2026-01-13 13:17:25.969619,f
14242,송곡리,4689032021,전라남도,2026-01-13 13:17:25.975243,2026-01-13 13:17:25.975246,f
14243,대곡리,4689032022,전라남도,2026-01-13 13:17:25.980508,2026-01-13 13:17:25.980511,f
14244,신상리,4689032023,전라남도,2026-01-13 13:17:25.985868,2026-01-13 13:17:25.98587,f
14245,월양리,4689032024,전라남도,2026-01-13 13:17:25.999165,2026-01-13 13:17:25.999169,f
14246,신리,4689032025,전라남도,2026-01-13 13:17:26.006166,2026-01-13 13:17:26.006169,f
14247,동고리,4689032026,전라남도,2026-01-13 13:17:26.01388,2026-01-13 13:17:26.013883,f
14248,고금면,4689033000,전라남도,2026-01-13 13:17:26.018498,2026-01-13 13:17:26.0185,f
14249,농상리,4689033021,전라남도,2026-01-13 13:17:26.024003,2026-01-13 13:17:26.024005,f
14250,덕암리,4689033022,전라남도,2026-01-13 13:17:26.028265,2026-01-13 13:17:26.028268,f
14251,도남리,4689033023,전라남도,2026-01-13 13:17:26.032521,2026-01-13 13:17:26.032523,f
14252,청용리,4689033024,전라남도,2026-01-13 13:17:26.037825,2026-01-13 13:17:26.037832,f
14253,회룡리,4689033025,전라남도,2026-01-13 13:17:26.042408,2026-01-13 13:17:26.042411,f
14254,봉명리,4689033026,전라남도,2026-01-13 13:17:26.046861,2026-01-13 13:17:26.046863,f
14255,상정리,4689033027,전라남도,2026-01-13 13:17:26.050987,2026-01-13 13:17:26.050989,f
14256,세동리,4689033028,전라남도,2026-01-13 13:17:26.05574,2026-01-13 13:17:26.055741,f
14257,가교리,4689033029,전라남도,2026-01-13 13:17:26.059741,2026-01-13 13:17:26.059743,f
14258,덕동리,4689033030,전라남도,2026-01-13 13:17:26.063947,2026-01-13 13:17:26.063948,f
14259,약산면,4689034000,전라남도,2026-01-13 13:17:26.068502,2026-01-13 13:17:26.068504,f
14260,장용리,4689034021,전라남도,2026-01-13 13:17:26.07293,2026-01-13 13:17:26.072932,f
14261,우두리,4689034022,전라남도,2026-01-13 13:17:26.078199,2026-01-13 13:17:26.078202,f
14262,관산리,4689034023,전라남도,2026-01-13 13:17:26.083072,2026-01-13 13:17:26.083074,f
14263,득암리,4689034024,전라남도,2026-01-13 13:17:26.086984,2026-01-13 13:17:26.086986,f
14264,해동리,4689034025,전라남도,2026-01-13 13:17:26.092366,2026-01-13 13:17:26.09237,f
14265,청산면,4689035000,전라남도,2026-01-13 13:17:26.096685,2026-01-13 13:17:26.096687,f
14266,도청리,4689035021,전라남도,2026-01-13 13:17:26.100706,2026-01-13 13:17:26.10071,f
14267,당락리,4689035022,전라남도,2026-01-13 13:17:26.105962,2026-01-13 13:17:26.105965,f
14268,읍리,4689035023,전라남도,2026-01-13 13:17:26.110105,2026-01-13 13:17:26.110107,f
14269,청계리,4689035024,전라남도,2026-01-13 13:17:26.114257,2026-01-13 13:17:26.114259,f
14270,부흥리,4689035025,전라남도,2026-01-13 13:17:26.118256,2026-01-13 13:17:26.118258,f
14271,양중리,4689035026,전라남도,2026-01-13 13:17:26.123103,2026-01-13 13:17:26.123106,f
14272,상동리,4689035027,전라남도,2026-01-13 13:17:26.128034,2026-01-13 13:17:26.128036,f
14273,봉선리,4689039023,전라남도,2026-01-13 13:17:26.131859,2026-01-13 13:17:26.13186,f
14274,진도군,4690000000,전라남도,2026-01-13 13:17:26.137127,2026-01-13 13:17:26.137129,f
14275,진도읍,4690025000,전라남도,2026-01-13 13:17:26.141974,2026-01-13 13:17:26.141976,f
14276,동외리,4690025021,전라남도,2026-01-13 13:17:26.146264,2026-01-13 13:17:26.146266,f
14277,쌍정리,4690025022,전라남도,2026-01-13 13:17:26.150676,2026-01-13 13:17:26.150678,f
14278,성내리,4690025023,전라남도,2026-01-13 13:17:26.155874,2026-01-13 13:17:26.155878,f
14279,교동리,4690025024,전라남도,2026-01-13 13:17:26.161275,2026-01-13 13:17:26.161277,f
14280,남동리,4690025025,전라남도,2026-01-13 13:17:26.165305,2026-01-13 13:17:26.165307,f
14281,포산리,4690025026,전라남도,2026-01-13 13:17:26.169962,2026-01-13 13:17:26.169965,f
14282,수역리,4690025027,전라남도,2026-01-13 13:17:26.175569,2026-01-13 13:17:26.175573,f
14283,수유리,4690025028,전라남도,2026-01-13 13:17:26.18581,2026-01-13 13:17:26.185818,f
14284,산월리,4690025029,전라남도,2026-01-13 13:17:26.192735,2026-01-13 13:17:26.192738,f
14285,해창리,4690025030,전라남도,2026-01-13 13:17:26.197821,2026-01-13 13:17:26.197823,f
14286,염장리,4690025031,전라남도,2026-01-13 13:17:26.203097,2026-01-13 13:17:26.2031,f
14287,군내면,4690031000,전라남도,2026-01-13 13:17:26.208026,2026-01-13 13:17:26.208028,f
14288,나리,4690031021,전라남도,2026-01-13 13:17:26.212207,2026-01-13 13:17:26.212209,f
14289,녹진리,4690031022,전라남도,2026-01-13 13:17:26.216225,2026-01-13 13:17:26.216226,f
14290,덕병리,4690031023,전라남도,2026-01-13 13:17:26.220615,2026-01-13 13:17:26.220618,f
14291,둔전리,4690031024,전라남도,2026-01-13 13:17:26.225866,2026-01-13 13:17:26.225868,f
14292,세등리,4690031025,전라남도,2026-01-13 13:17:26.229668,2026-01-13 13:17:26.22967,f
14293,용장리,4690031026,전라남도,2026-01-13 13:17:26.233928,2026-01-13 13:17:26.233932,f
14294,송산리,4690031027,전라남도,2026-01-13 13:17:26.238276,2026-01-13 13:17:26.238279,f
14295,분토리,4690031028,전라남도,2026-01-13 13:17:26.24323,2026-01-13 13:17:26.243233,f
14296,월가리,4690031029,전라남도,2026-01-13 13:17:26.247336,2026-01-13 13:17:26.247338,f
14297,정자리,4690031030,전라남도,2026-01-13 13:17:26.251112,2026-01-13 13:17:26.251114,f
14298,고군면,4690032000,전라남도,2026-01-13 13:17:26.25496,2026-01-13 13:17:26.254964,f
14299,석현리,4690032021,전라남도,2026-01-13 13:17:26.258594,2026-01-13 13:17:26.258596,f
14300,고성리,4690032022,전라남도,2026-01-13 13:17:26.263072,2026-01-13 13:17:26.263073,f
14301,도평리,4690032023,전라남도,2026-01-13 13:17:26.267361,2026-01-13 13:17:26.267363,f
14302,오류리,4690032024,전라남도,2026-01-13 13:17:26.271117,2026-01-13 13:17:26.271119,f
14303,벽파리,4690032025,전라남도,2026-01-13 13:17:26.282841,2026-01-13 13:17:26.282932,f
14304,내산리,4690032026,전라남도,2026-01-13 13:17:26.296855,2026-01-13 13:17:26.296858,f
14305,오산리,4690032027,전라남도,2026-01-13 13:17:26.30252,2026-01-13 13:17:26.302525,f
14306,지막리,4690032028,전라남도,2026-01-13 13:17:26.308144,2026-01-13 13:17:26.308147,f
14307,원포리,4690032029,전라남도,2026-01-13 13:17:26.312177,2026-01-13 13:17:26.31218,f
14308,향동리,4690032030,전라남도,2026-01-13 13:17:26.318289,2026-01-13 13:17:26.318292,f
14309,금계리,4690032031,전라남도,2026-01-13 13:17:26.323842,2026-01-13 13:17:26.323845,f
14310,의신면,4690033000,전라남도,2026-01-13 13:17:26.328699,2026-01-13 13:17:26.328702,f
14311,사천리,4690033021,전라남도,2026-01-13 13:17:26.332857,2026-01-13 13:17:26.332859,f
14312,침계리,4690033022,전라남도,2026-01-13 13:17:26.336934,2026-01-13 13:17:26.336936,f
14313,칠전리,4690033023,전라남도,2026-01-13 13:17:26.341454,2026-01-13 13:17:26.341457,f
14314,창포리,4690033024,전라남도,2026-01-13 13:17:26.346613,2026-01-13 13:17:26.346615,f
14315,돈지리,4690033025,전라남도,2026-01-13 13:17:26.352215,2026-01-13 13:17:26.352218,f
14316,옥대리,4690033026,전라남도,2026-01-13 13:17:26.357502,2026-01-13 13:17:26.357505,f
14317,청용리,4690033027,전라남도,2026-01-13 13:17:26.364374,2026-01-13 13:17:26.36438,f
14318,연주리,4690033028,전라남도,2026-01-13 13:17:26.370807,2026-01-13 13:17:26.37081,f
14319,초사리,4690033029,전라남도,2026-01-13 13:17:26.377029,2026-01-13 13:17:26.377033,f
14320,모도리,4690033030,전라남도,2026-01-13 13:17:26.381701,2026-01-13 13:17:26.381703,f
14321,거룡리,4690033031,전라남도,2026-01-13 13:17:26.387238,2026-01-13 13:17:26.387244,f
14322,만길리,4690033032,전라남도,2026-01-13 13:17:26.392401,2026-01-13 13:17:26.392403,f
14323,송정리,4690033033,전라남도,2026-01-13 13:17:26.39652,2026-01-13 13:17:26.396522,f
14324,금갑리,4690033034,전라남도,2026-01-13 13:17:26.401023,2026-01-13 13:17:26.401026,f
14325,구자도리,4690033035,전라남도,2026-01-13 13:17:26.406919,2026-01-13 13:17:26.40692,f
14326,임회면,4690034000,전라남도,2026-01-13 13:17:26.411797,2026-01-13 13:17:26.411799,f
14327,명슬리,4690034021,전라남도,2026-01-13 13:17:26.41625,2026-01-13 13:17:26.416252,f
14328,삼막리,4690034022,전라남도,2026-01-13 13:17:26.420028,2026-01-13 13:17:26.42003,f
14329,용호리,4690034023,전라남도,2026-01-13 13:17:26.42437,2026-01-13 13:17:26.424371,f
14330,고정리,4690034024,전라남도,2026-01-13 13:17:26.430703,2026-01-13 13:17:26.430707,f
14331,사령리,4690034025,전라남도,2026-01-13 13:17:26.43506,2026-01-13 13:17:26.435062,f
14332,석교리,4690034026,전라남도,2026-01-13 13:17:26.439089,2026-01-13 13:17:26.439091,f
14333,봉상리,4690034027,전라남도,2026-01-13 13:17:26.444044,2026-01-13 13:17:26.444046,f
14334,상만리,4690034028,전라남도,2026-01-13 13:17:26.44822,2026-01-13 13:17:26.448222,f
14335,죽림리,4690034029,전라남도,2026-01-13 13:17:26.4522,2026-01-13 13:17:26.452202,f
14336,백동리,4690034030,전라남도,2026-01-13 13:17:26.456507,2026-01-13 13:17:26.456509,f
14337,굴포리,4690034031,전라남도,2026-01-13 13:17:26.46085,2026-01-13 13:17:26.460852,f
14338,남동리,4690034032,전라남도,2026-01-13 13:17:26.465865,2026-01-13 13:17:26.46587,f
14339,연동리,4690034033,전라남도,2026-01-13 13:17:26.470357,2026-01-13 13:17:26.47036,f
14340,지산면,4690035000,전라남도,2026-01-13 13:17:26.476909,2026-01-13 13:17:26.476913,f
14341,인지리,4690035021,전라남도,2026-01-13 13:17:26.484041,2026-01-13 13:17:26.484044,f
14342,관마리,4690035022,전라남도,2026-01-13 13:17:26.488842,2026-01-13 13:17:26.488845,f
14343,삼당리,4690035023,전라남도,2026-01-13 13:17:26.495712,2026-01-13 13:17:26.495714,f
14344,고야리,4690035024,전라남도,2026-01-13 13:17:26.49972,2026-01-13 13:17:26.499721,f
14345,앵무리,4690035025,전라남도,2026-01-13 13:17:26.504067,2026-01-13 13:17:26.504069,f
14346,길은리,4690035026,전라남도,2026-01-13 13:17:26.508044,2026-01-13 13:17:26.508046,f
14347,소포리,4690035027,전라남도,2026-01-13 13:17:26.512079,2026-01-13 13:17:26.512081,f
14348,거제리,4690035028,전라남도,2026-01-13 13:17:26.516187,2026-01-13 13:17:26.516189,f
14349,보전리,4690035029,전라남도,2026-01-13 13:17:26.519952,2026-01-13 13:17:26.519954,f
14350,와우리,4690035030,전라남도,2026-01-13 13:17:26.524568,2026-01-13 13:17:26.524572,f
14351,가치리,4690035031,전라남도,2026-01-13 13:17:26.529333,2026-01-13 13:17:26.529334,f
14352,가학리,4690035032,전라남도,2026-01-13 13:17:26.53363,2026-01-13 13:17:26.533632,f
14353,심동리,4690035033,전라남도,2026-01-13 13:17:26.537321,2026-01-13 13:17:26.537322,f
14354,오류리,4690035034,전라남도,2026-01-13 13:17:26.541165,2026-01-13 13:17:26.541168,f
14355,송호리,4690035035,전라남도,2026-01-13 13:17:26.545699,2026-01-13 13:17:26.545701,f
14356,조도면,4690036000,전라남도,2026-01-13 13:17:26.549875,2026-01-13 13:17:26.549878,f
14357,관매도리,4690036021,전라남도,2026-01-13 13:17:26.553904,2026-01-13 13:17:26.553905,f
14358,동거차도리,4690036022,전라남도,2026-01-13 13:17:26.558518,2026-01-13 13:17:26.55852,f
14359,서거차도리,4690036023,전라남도,2026-01-13 13:17:26.562886,2026-01-13 13:17:26.562888,f
14360,신육리,4690036024,전라남도,2026-01-13 13:17:26.567126,2026-01-13 13:17:26.567129,f
14361,창유리,4690036025,전라남도,2026-01-13 13:17:26.570756,2026-01-13 13:17:26.570758,f
14362,대마도리,4690036026,전라남도,2026-01-13 13:17:26.575063,2026-01-13 13:17:26.575065,f
14363,소마도리,4690036027,전라남도,2026-01-13 13:17:26.578747,2026-01-13 13:17:26.578748,f
14364,관사도리,4690036028,전라남도,2026-01-13 13:17:26.58231,2026-01-13 13:17:26.582312,f
14365,나배도리,4690036029,전라남도,2026-01-13 13:17:26.587642,2026-01-13 13:17:26.587644,f
14366,맹성리,4690036030,전라남도,2026-01-13 13:17:26.592107,2026-01-13 13:17:26.592109,f
14367,여미리,4690036031,전라남도,2026-01-13 13:17:26.597023,2026-01-13 13:17:26.597026,f
14368,성남도리,4690036032,전라남도,2026-01-13 13:17:26.601668,2026-01-13 13:17:26.60167,f
14369,죽항도리,4690036033,전라남도,2026-01-13 13:17:26.60786,2026-01-13 13:17:26.607864,f
14370,독거도리,4690036034,전라남도,2026-01-13 13:17:26.61199,2026-01-13 13:17:26.611991,f
14371,청등도리,4690036035,전라남도,2026-01-13 13:17:26.616003,2026-01-13 13:17:26.616005,f
14372,모도리,4690036036,전라남도,2026-01-13 13:17:26.620169,2026-01-13 13:17:26.620171,f
14373,맹골도리,4690036037,전라남도,2026-01-13 13:17:26.623758,2026-01-13 13:17:26.62376,f
14374,진목도리,4690036038,전라남도,2026-01-13 13:17:26.628387,2026-01-13 13:17:26.62839,f
14375,옥도리,4690036039,전라남도,2026-01-13 13:17:26.632124,2026-01-13 13:17:26.632126,f
14376,눌옥도리,4690036040,전라남도,2026-01-13 13:17:26.635783,2026-01-13 13:17:26.635786,f
14377,외병도리,4690036041,전라남도,2026-01-13 13:17:26.640765,2026-01-13 13:17:26.640768,f
14378,내병도리,4690036042,전라남도,2026-01-13 13:17:26.645456,2026-01-13 13:17:26.645458,f
14379,가사도리,4690036043,전라남도,2026-01-13 13:17:26.649331,2026-01-13 13:17:26.649333,f
14380,신안군,4691000000,전라남도,2026-01-13 13:17:26.653656,2026-01-13 13:17:26.653658,f
14381,지도읍,4691025000,전라남도,2026-01-13 13:17:26.657647,2026-01-13 13:17:26.657649,f
14382,내양리,4691025021,전라남도,2026-01-13 13:17:26.661418,2026-01-13 13:17:26.661419,f
14383,봉리,4691025022,전라남도,2026-01-13 13:17:26.665885,2026-01-13 13:17:26.665887,f
14384,어의리,4691025023,전라남도,2026-01-13 13:17:26.669908,2026-01-13 13:17:26.66991,f
14385,감정리,4691025024,전라남도,2026-01-13 13:17:26.6744,2026-01-13 13:17:26.674402,f
14386,읍내리,4691025025,전라남도,2026-01-13 13:17:26.678824,2026-01-13 13:17:26.678826,f
14387,광정리,4691025026,전라남도,2026-01-13 13:17:26.683479,2026-01-13 13:17:26.683482,f
14388,탄동리,4691025027,전라남도,2026-01-13 13:17:26.687636,2026-01-13 13:17:26.687638,f
14389,당촌리,4691025028,전라남도,2026-01-13 13:17:26.6912,2026-01-13 13:17:26.691202,f
14390,자동리,4691025029,전라남도,2026-01-13 13:17:26.695146,2026-01-13 13:17:26.695148,f
14391,태천리,4691025030,전라남도,2026-01-13 13:17:26.699138,2026-01-13 13:17:26.69914,f
14392,선도리,4691025031,전라남도,2026-01-13 13:17:26.703201,2026-01-13 13:17:26.703203,f
14393,압해읍,4691025300,전라남도,2026-01-13 13:17:26.707876,2026-01-13 13:17:26.707879,f
14394,복룡리,4691025321,전라남도,2026-01-13 13:17:26.711778,2026-01-13 13:17:26.711779,f
14395,가룡리,4691025322,전라남도,2026-01-13 13:17:26.716137,2026-01-13 13:17:26.716141,f
14396,고이리,4691025323,전라남도,2026-01-13 13:17:26.721164,2026-01-13 13:17:26.721168,f
14397,매화리,4691025324,전라남도,2026-01-13 13:17:26.725577,2026-01-13 13:17:26.72558,f
14398,신용리,4691025325,전라남도,2026-01-13 13:17:26.729783,2026-01-13 13:17:26.729785,f
14399,학교리,4691025326,전라남도,2026-01-13 13:17:26.733855,2026-01-13 13:17:26.733857,f
14400,동서리,4691025327,전라남도,2026-01-13 13:17:26.738067,2026-01-13 13:17:26.738072,f
14401,대천리,4691025328,전라남도,2026-01-13 13:17:26.742181,2026-01-13 13:17:26.742183,f
14402,송공리,4691025329,전라남도,2026-01-13 13:17:26.746332,2026-01-13 13:17:26.746334,f
14403,분매리,4691025330,전라남도,2026-01-13 13:17:26.750583,2026-01-13 13:17:26.750586,f
14404,신장리,4691025331,전라남도,2026-01-13 13:17:26.755135,2026-01-13 13:17:26.755141,f
14405,장감리,4691025332,전라남도,2026-01-13 13:17:26.760005,2026-01-13 13:17:26.760007,f
14406,가란리,4691025333,전라남도,2026-01-13 13:17:26.76536,2026-01-13 13:17:26.765363,f
14407,증도면,4691031000,전라남도,2026-01-13 13:17:26.769833,2026-01-13 13:17:26.769835,f
14408,증동리,4691031021,전라남도,2026-01-13 13:17:26.77391,2026-01-13 13:17:26.773912,f
14409,방축리,4691031022,전라남도,2026-01-13 13:17:26.778215,2026-01-13 13:17:26.778217,f
14410,대초리,4691031023,전라남도,2026-01-13 13:17:26.782388,2026-01-13 13:17:26.78239,f
14411,우전리,4691031024,전라남도,2026-01-13 13:17:26.787287,2026-01-13 13:17:26.787289,f
14412,병풍리,4691031025,전라남도,2026-01-13 13:17:26.79122,2026-01-13 13:17:26.791223,f
14413,임자면,4691032000,전라남도,2026-01-13 13:17:26.795181,2026-01-13 13:17:26.795184,f
14414,도찬리,4691032021,전라남도,2026-01-13 13:17:26.799829,2026-01-13 13:17:26.799833,f
14415,대기리,4691032022,전라남도,2026-01-13 13:17:26.80456,2026-01-13 13:17:26.804564,f
14416,광산리,4691032023,전라남도,2026-01-13 13:17:26.808408,2026-01-13 13:17:26.808409,f
14417,재원리,4691032024,전라남도,2026-01-13 13:17:26.811971,2026-01-13 13:17:26.811973,f
14418,삼두리,4691032025,전라남도,2026-01-13 13:17:26.815696,2026-01-13 13:17:26.815698,f
14419,이흑암리,4691032026,전라남도,2026-01-13 13:17:26.819364,2026-01-13 13:17:26.819367,f
14420,진리,4691032027,전라남도,2026-01-13 13:17:26.823547,2026-01-13 13:17:26.823549,f
14421,수도리,4691032028,전라남도,2026-01-13 13:17:26.828071,2026-01-13 13:17:26.828073,f
14422,자은면,4691033000,전라남도,2026-01-13 13:17:26.831961,2026-01-13 13:17:26.831963,f
14423,한운리,4691033021,전라남도,2026-01-13 13:17:26.836032,2026-01-13 13:17:26.836034,f
14424,송산리,4691033022,전라남도,2026-01-13 13:17:26.840197,2026-01-13 13:17:26.8402,f
14425,대율리,4691033023,전라남도,2026-01-13 13:17:26.844866,2026-01-13 13:17:26.844868,f
14426,유천리,4691033024,전라남도,2026-01-13 13:17:26.848605,2026-01-13 13:17:26.848607,f
14427,유각리,4691033025,전라남도,2026-01-13 13:17:26.852491,2026-01-13 13:17:26.852493,f
14428,면전리,4691033026,전라남도,2026-01-13 13:17:26.856537,2026-01-13 13:17:26.856538,f
14429,백산리,4691033027,전라남도,2026-01-13 13:17:26.861054,2026-01-13 13:17:26.861057,f
14430,고장리,4691033028,전라남도,2026-01-13 13:17:26.867194,2026-01-13 13:17:26.867198,f
14431,구영리,4691033029,전라남도,2026-01-13 13:17:26.873511,2026-01-13 13:17:26.873513,f
14432,비금면,4691034000,전라남도,2026-01-13 13:17:26.878823,2026-01-13 13:17:26.878826,f
14433,광대리,4691034021,전라남도,2026-01-13 13:17:26.888504,2026-01-13 13:17:26.888509,f
14434,용소리,4691034022,전라남도,2026-01-13 13:17:26.896177,2026-01-13 13:17:26.89618,f
14435,도고리,4691034023,전라남도,2026-01-13 13:17:26.911036,2026-01-13 13:17:26.911039,f
14436,가산리,4691034024,전라남도,2026-01-13 13:17:26.916408,2026-01-13 13:17:26.916412,f
14437,덕산리,4691034025,전라남도,2026-01-13 13:17:26.926556,2026-01-13 13:17:26.926561,f
14438,지당리,4691034026,전라남도,2026-01-13 13:17:26.938633,2026-01-13 13:17:26.938641,f
14439,구림리,4691034027,전라남도,2026-01-13 13:17:26.94653,2026-01-13 13:17:26.946533,f
14440,신원리,4691034028,전라남도,2026-01-13 13:17:26.951905,2026-01-13 13:17:26.951908,f
14441,고서리,4691034029,전라남도,2026-01-13 13:17:26.955891,2026-01-13 13:17:26.955894,f
14442,죽림리,4691034030,전라남도,2026-01-13 13:17:26.959813,2026-01-13 13:17:26.959816,f
14443,내월리,4691034031,전라남도,2026-01-13 13:17:26.964262,2026-01-13 13:17:26.964265,f
14444,수대리,4691034032,전라남도,2026-01-13 13:17:26.968932,2026-01-13 13:17:26.968935,f
14445,수치리,4691034033,전라남도,2026-01-13 13:17:26.973489,2026-01-13 13:17:26.973492,f
14446,도초면,4691035000,전라남도,2026-01-13 13:17:26.97785,2026-01-13 13:17:26.977852,f
14447,발매리,4691035021,전라남도,2026-01-13 13:17:26.98177,2026-01-13 13:17:26.981772,f
14448,지남리,4691035022,전라남도,2026-01-13 13:17:26.986172,2026-01-13 13:17:26.986174,f
14449,외남리,4691035023,전라남도,2026-01-13 13:17:26.994184,2026-01-13 13:17:26.99419,f
14450,오류리,4691035024,전라남도,2026-01-13 13:17:27.002358,2026-01-13 13:17:27.002361,f
14451,수항리,4691035025,전라남도,2026-01-13 13:17:27.008992,2026-01-13 13:17:27.008996,f
14452,죽연리,4691035026,전라남도,2026-01-13 13:17:27.012939,2026-01-13 13:17:27.012942,f
14453,고란리,4691035027,전라남도,2026-01-13 13:17:27.017596,2026-01-13 13:17:27.017597,f
14454,이곡리,4691035028,전라남도,2026-01-13 13:17:27.021492,2026-01-13 13:17:27.021495,f
14455,만년리,4691035029,전라남도,2026-01-13 13:17:27.026668,2026-01-13 13:17:27.026672,f
14456,수다리,4691035030,전라남도,2026-01-13 13:17:27.031372,2026-01-13 13:17:27.031375,f
14457,우이도리,4691035031,전라남도,2026-01-13 13:17:27.035516,2026-01-13 13:17:27.035518,f
14458,흑산면,4691036000,전라남도,2026-01-13 13:17:27.04047,2026-01-13 13:17:27.040473,f
14459,진리,4691036021,전라남도,2026-01-13 13:17:27.04498,2026-01-13 13:17:27.044981,f
14460,예리,4691036022,전라남도,2026-01-13 13:17:27.049542,2026-01-13 13:17:27.049544,f
14461,비리,4691036023,전라남도,2026-01-13 13:17:27.053649,2026-01-13 13:17:27.053651,f
14462,사리,4691036024,전라남도,2026-01-13 13:17:27.057834,2026-01-13 13:17:27.057835,f
14463,심리,4691036025,전라남도,2026-01-13 13:17:27.062304,2026-01-13 13:17:27.062307,f
14464,영산리,4691036026,전라남도,2026-01-13 13:17:27.067479,2026-01-13 13:17:27.067481,f
14465,오리,4691036028,전라남도,2026-01-13 13:17:27.072142,2026-01-13 13:17:27.072144,f
14466,홍도리,4691036029,전라남도,2026-01-13 13:17:27.076189,2026-01-13 13:17:27.07619,f
14467,태도리,4691036030,전라남도,2026-01-13 13:17:27.080897,2026-01-13 13:17:27.080899,f
14468,수리,4691036031,전라남도,2026-01-13 13:17:27.086027,2026-01-13 13:17:27.08603,f
14469,가거도리,4691036032,전라남도,2026-01-13 13:17:27.089824,2026-01-13 13:17:27.089825,f
14470,만재도리,4691036033,전라남도,2026-01-13 13:17:27.093631,2026-01-13 13:17:27.093633,f
14471,다물도리,4691036034,전라남도,2026-01-13 13:17:27.098041,2026-01-13 13:17:27.098044,f
14472,하의면,4691037000,전라남도,2026-01-13 13:17:27.101948,2026-01-13 13:17:27.10195,f
14473,웅곡리,4691037021,전라남도,2026-01-13 13:17:27.107308,2026-01-13 13:17:27.10731,f
14474,어은리,4691037022,전라남도,2026-01-13 13:17:27.11144,2026-01-13 13:17:27.111442,f
14475,오림리,4691037023,전라남도,2026-01-13 13:17:27.115165,2026-01-13 13:17:27.115167,f
14476,대리,4691037024,전라남도,2026-01-13 13:17:27.121058,2026-01-13 13:17:27.121063,f
14477,후광리,4691037025,전라남도,2026-01-13 13:17:27.126087,2026-01-13 13:17:27.126089,f
14478,능산리,4691037026,전라남도,2026-01-13 13:17:27.130714,2026-01-13 13:17:27.130716,f
14479,옥도리,4691037027,전라남도,2026-01-13 13:17:27.134847,2026-01-13 13:17:27.13485,f
14480,신의면,4691038000,전라남도,2026-01-13 13:17:27.138962,2026-01-13 13:17:27.138964,f
14481,상태서리,4691038021,전라남도,2026-01-13 13:17:27.143254,2026-01-13 13:17:27.143256,f
14482,상태동리,4691038022,전라남도,2026-01-13 13:17:27.147343,2026-01-13 13:17:27.147346,f
14483,하태서리,4691038023,전라남도,2026-01-13 13:17:27.151401,2026-01-13 13:17:27.151403,f
14484,하태동리,4691038024,전라남도,2026-01-13 13:17:27.155585,2026-01-13 13:17:27.155588,f
14485,고평사도리,4691038025,전라남도,2026-01-13 13:17:27.160316,2026-01-13 13:17:27.160319,f
14486,장산면,4691039000,전라남도,2026-01-13 13:17:27.165532,2026-01-13 13:17:27.165534,f
14487,오음리,4691039021,전라남도,2026-01-13 13:17:27.169386,2026-01-13 13:17:27.169388,f
14488,대리,4691039022,전라남도,2026-01-13 13:17:27.173562,2026-01-13 13:17:27.173564,f
14489,도창리,4691039023,전라남도,2026-01-13 13:17:27.177692,2026-01-13 13:17:27.177693,f
14490,공수리,4691039024,전라남도,2026-01-13 13:17:27.181447,2026-01-13 13:17:27.181449,f
14491,팽진리,4691039025,전라남도,2026-01-13 13:17:27.186202,2026-01-13 13:17:27.186205,f
14492,다수리,4691039026,전라남도,2026-01-13 13:17:27.190361,2026-01-13 13:17:27.190364,f
14493,마진도리,4691039027,전라남도,2026-01-13 13:17:27.194718,2026-01-13 13:17:27.19472,f
14494,안좌면,4691040000,전라남도,2026-01-13 13:17:27.199176,2026-01-13 13:17:27.199181,f
14495,금산리,4691040021,전라남도,2026-01-13 13:17:27.203882,2026-01-13 13:17:27.203888,f
14496,탄동리,4691040022,전라남도,2026-01-13 13:17:27.208249,2026-01-13 13:17:27.208252,f
14497,산두리,4691040023,전라남도,2026-01-13 13:17:27.212297,2026-01-13 13:17:27.212298,f
14498,대리,4691040024,전라남도,2026-01-13 13:17:27.216034,2026-01-13 13:17:27.216037,f
14499,복호리,4691040025,전라남도,2026-01-13 13:17:27.219934,2026-01-13 13:17:27.219935,f
14500,자라리,4691040026,전라남도,2026-01-13 13:17:27.223999,2026-01-13 13:17:27.224002,f
14501,존포리,4691040027,전라남도,2026-01-13 13:17:27.229182,2026-01-13 13:17:27.229184,f
14502,향목리,4691040028,전라남도,2026-01-13 13:17:27.233394,2026-01-13 13:17:27.233397,f
14503,여흘리,4691040029,전라남도,2026-01-13 13:17:27.237756,2026-01-13 13:17:27.23776,f
14504,남강리,4691040030,전라남도,2026-01-13 13:17:27.243061,2026-01-13 13:17:27.243067,f
14505,대척리,4691040031,전라남도,2026-01-13 13:17:27.248287,2026-01-13 13:17:27.24829,f
14506,창마리,4691040032,전라남도,2026-01-13 13:17:27.253542,2026-01-13 13:17:27.253544,f
14507,소곡리,4691040033,전라남도,2026-01-13 13:17:27.258245,2026-01-13 13:17:27.258247,f
14508,박지리,4691040034,전라남도,2026-01-13 13:17:27.26277,2026-01-13 13:17:27.262772,f
14509,반월리,4691040035,전라남도,2026-01-13 13:17:27.267625,2026-01-13 13:17:27.267628,f
14510,구대리,4691040036,전라남도,2026-01-13 13:17:27.272012,2026-01-13 13:17:27.272014,f
14511,마명리,4691040037,전라남도,2026-01-13 13:17:27.276009,2026-01-13 13:17:27.276012,f
14512,신촌리,4691040038,전라남도,2026-01-13 13:17:27.280262,2026-01-13 13:17:27.280265,f
14513,대우리,4691040039,전라남도,2026-01-13 13:17:27.285335,2026-01-13 13:17:27.285336,f
14514,방월리,4691040040,전라남도,2026-01-13 13:17:27.289181,2026-01-13 13:17:27.289183,f
14515,내호리,4691040041,전라남도,2026-01-13 13:17:27.292943,2026-01-13 13:17:27.292945,f
14516,한운리,4691040042,전라남도,2026-01-13 13:17:27.296953,2026-01-13 13:17:27.296954,f
14517,시서리,4691040043,전라남도,2026-01-13 13:17:27.300737,2026-01-13 13:17:27.300739,f
14518,읍동리,4691040044,전라남도,2026-01-13 13:17:27.30488,2026-01-13 13:17:27.304882,f
14519,마진리,4691040045,전라남도,2026-01-13 13:17:27.309283,2026-01-13 13:17:27.309285,f
14520,팔금면,4691041000,전라남도,2026-01-13 13:17:27.314104,2026-01-13 13:17:27.314107,f
14521,대심리,4691041021,전라남도,2026-01-13 13:17:27.319325,2026-01-13 13:17:27.319328,f
14522,장촌리,4691041022,전라남도,2026-01-13 13:17:27.323845,2026-01-13 13:17:27.323849,f
14523,원산리,4691041023,전라남도,2026-01-13 13:17:27.328849,2026-01-13 13:17:27.328851,f
14524,읍리,4691041024,전라남도,2026-01-13 13:17:27.33298,2026-01-13 13:17:27.332982,f
14525,진고리,4691041025,전라남도,2026-01-13 13:17:27.337272,2026-01-13 13:17:27.337274,f
14526,이목리,4691041026,전라남도,2026-01-13 13:17:27.341167,2026-01-13 13:17:27.341169,f
14527,당고리,4691041027,전라남도,2026-01-13 13:17:27.345207,2026-01-13 13:17:27.345209,f
14528,암태면,4691042000,전라남도,2026-01-13 13:17:27.349677,2026-01-13 13:17:27.34968,f
14529,도창리,4691042021,전라남도,2026-01-13 13:17:27.353505,2026-01-13 13:17:27.353507,f
14530,수곡리,4691042022,전라남도,2026-01-13 13:17:27.357517,2026-01-13 13:17:27.357519,f
14531,와촌리,4691042023,전라남도,2026-01-13 13:17:27.362513,2026-01-13 13:17:27.362517,f
14532,단고리,4691042024,전라남도,2026-01-13 13:17:27.366755,2026-01-13 13:17:27.366756,f
14533,오상리,4691042025,전라남도,2026-01-13 13:17:27.370669,2026-01-13 13:17:27.370671,f
14534,기동리,4691042026,전라남도,2026-01-13 13:17:27.3753,2026-01-13 13:17:27.375303,f
14535,송곡리,4691042027,전라남도,2026-01-13 13:17:27.380076,2026-01-13 13:17:27.380078,f
14536,신석리,4691042028,전라남도,2026-01-13 13:17:27.386823,2026-01-13 13:17:27.386827,f
14537,당사리,4691042029,전라남도,2026-01-13 13:17:27.392123,2026-01-13 13:17:27.392126,f
14538,담빛리,4671025039,전라남도,2026-01-13 13:17:27.396598,2026-01-13 13:17:27.396601,f
14539,담빛리,4671040035,전라남도,2026-01-13 13:17:27.401153,2026-01-13 13:17:27.401155,f
14540,석포리,5280037022,전북특별자치도,2026-01-13 13:17:27.407405,2026-01-13 13:17:27.407406,f
14541,운호리,5280037023,전북특별자치도,2026-01-13 13:17:27.411862,2026-01-13 13:17:27.411866,f
14542,곰소리,5280037024,전북특별자치도,2026-01-13 13:17:27.416094,2026-01-13 13:17:27.416095,f
14543,백산면,5280038000,전북특별자치도,2026-01-13 13:17:27.421358,2026-01-13 13:17:27.421361,f
14544,금판리,5280038021,전북특별자치도,2026-01-13 13:17:27.427361,2026-01-13 13:17:27.427364,f
14545,용계리,5280038022,전북특별자치도,2026-01-13 13:17:27.432748,2026-01-13 13:17:27.43275,f
14546,원천리,5280038023,전북특별자치도,2026-01-13 13:17:27.437407,2026-01-13 13:17:27.437411,f
14547,대수리,5280038024,전북특별자치도,2026-01-13 13:17:27.442569,2026-01-13 13:17:27.442572,f
14548,하청리,5280038025,전북특별자치도,2026-01-13 13:17:27.446905,2026-01-13 13:17:27.446908,f
14549,거룡리,5280038026,전북특별자치도,2026-01-13 13:17:27.451171,2026-01-13 13:17:27.451174,f
14550,대죽리,5280038027,전북특별자치도,2026-01-13 13:17:27.455023,2026-01-13 13:17:27.455024,f
14551,평교리,5280038028,전북특별자치도,2026-01-13 13:17:27.4586,2026-01-13 13:17:27.458602,f
14552,오곡리,5280038029,전북특별자치도,2026-01-13 13:17:27.463187,2026-01-13 13:17:27.46319,f
14553,덕신리,5280038030,전북특별자치도,2026-01-13 13:17:27.468075,2026-01-13 13:17:27.468078,f
14554,신평리,5280038031,전북특별자치도,2026-01-13 13:17:27.472803,2026-01-13 13:17:27.472805,f
14555,죽림리,5280038032,전북특별자치도,2026-01-13 13:17:27.477518,2026-01-13 13:17:27.477521,f
14556,상서면,5280039000,전북특별자치도,2026-01-13 13:17:27.485008,2026-01-13 13:17:27.485016,f
14557,감교리,5280039021,전북특별자치도,2026-01-13 13:17:27.49083,2026-01-13 13:17:27.490833,f
14558,가오리,5280039022,전북특별자치도,2026-01-13 13:17:27.495908,2026-01-13 13:17:27.49591,f
14559,고잔리,5280039023,전북특별자치도,2026-01-13 13:17:27.500297,2026-01-13 13:17:27.500299,f
14560,용서리,5280039024,전북특별자치도,2026-01-13 13:17:27.504184,2026-01-13 13:17:27.504187,f
14561,장동리,5280039025,전북특별자치도,2026-01-13 13:17:27.508401,2026-01-13 13:17:27.508403,f
14562,통정리,5280039026,전북특별자치도,2026-01-13 13:17:27.513127,2026-01-13 13:17:27.513129,f
14563,청림리,5280039027,전북특별자치도,2026-01-13 13:17:27.51799,2026-01-13 13:17:27.517992,f
14564,하서면,5280040000,전북특별자치도,2026-01-13 13:17:27.522531,2026-01-13 13:17:27.522535,f
14565,청호리,5280040021,전북특별자치도,2026-01-13 13:17:27.527076,2026-01-13 13:17:27.527114,f
14566,언독리,5280040022,전북특별자치도,2026-01-13 13:17:27.53152,2026-01-13 13:17:27.531524,f
14567,석상리,5280040023,전북특별자치도,2026-01-13 13:17:27.539255,2026-01-13 13:17:27.539257,f
14568,백련리,5280040024,전북특별자치도,2026-01-13 13:17:27.548232,2026-01-13 13:17:27.548235,f
14569,장신리,5280040025,전북특별자치도,2026-01-13 13:17:27.553568,2026-01-13 13:17:27.553571,f
14570,줄포면,5280041000,전북특별자치도,2026-01-13 13:17:27.558017,2026-01-13 13:17:27.558019,f
14571,줄포리,5280041021,전북특별자치도,2026-01-13 13:17:27.562839,2026-01-13 13:17:27.562843,f
14572,장동리,5280041022,전북특별자치도,2026-01-13 13:17:27.568389,2026-01-13 13:17:27.568392,f
14573,우포리,5280041023,전북특별자치도,2026-01-13 13:17:27.572512,2026-01-13 13:17:27.572515,f
14574,신리,5280041024,전북특별자치도,2026-01-13 13:17:27.577228,2026-01-13 13:17:27.57723,f
14575,난산리,5280041025,전북특별자치도,2026-01-13 13:17:27.584973,2026-01-13 13:17:27.584978,f
14576,파산리,5280041026,전북특별자치도,2026-01-13 13:17:27.592676,2026-01-13 13:17:27.592678,f
14577,대동리,5280041027,전북특별자치도,2026-01-13 13:17:27.597069,2026-01-13 13:17:27.597072,f
14578,위도면,5280042000,전북특별자치도,2026-01-13 13:17:27.601299,2026-01-13 13:17:27.601301,f
14579,진리,5280042021,전북특별자치도,2026-01-13 13:17:27.607078,2026-01-13 13:17:27.607081,f
14580,정금리,5280042022,전북특별자치도,2026-01-13 13:17:27.612627,2026-01-13 13:17:27.612629,f
14581,치도리,5280042023,전북특별자치도,2026-01-13 13:17:27.616679,2026-01-13 13:17:27.616682,f
14582,대리,5280042024,전북특별자치도,2026-01-13 13:17:27.620857,2026-01-13 13:17:27.620859,f
14583,거륜리,5280042025,전북특별자치도,2026-01-13 13:17:27.625019,2026-01-13 13:17:27.625021,f
14584,식도리,5280042026,전북특별자치도,2026-01-13 13:17:27.631399,2026-01-13 13:17:27.631402,f
14585,상왕등리,5280042027,전북특별자치도,2026-01-13 13:17:27.636041,2026-01-13 13:17:27.636043,f
14586,하왕등리,5280042028,전북특별자치도,2026-01-13 13:17:27.640412,2026-01-13 13:17:27.640415,f
14587,덕림리,5280031022,전북특별자치도,2026-01-13 13:17:27.644808,2026-01-13 13:17:27.644811,f
14588,동정리,5280031023,전북특별자치도,2026-01-13 13:17:27.649138,2026-01-13 13:17:27.64914,f
14589,소산리,5280031024,전북특별자치도,2026-01-13 13:17:27.652865,2026-01-13 13:17:27.652867,f
14590,갈촌리,5280031025,전북특별자치도,2026-01-13 13:17:27.656914,2026-01-13 13:17:27.656915,f
14591,사산리,5280031026,전북특별자치도,2026-01-13 13:17:27.660799,2026-01-13 13:17:27.6608,f
14592,돈계리,5280031027,전북특별자치도,2026-01-13 13:17:27.66463,2026-01-13 13:17:27.664633,f
14593,백석리,5280031028,전북특별자치도,2026-01-13 13:17:27.669827,2026-01-13 13:17:27.669829,f
14594,동진면,5280032000,전북특별자치도,2026-01-13 13:17:27.67357,2026-01-13 13:17:27.673572,f
14595,봉황리,5280032021,전북특별자치도,2026-01-13 13:17:27.677731,2026-01-13 13:17:27.677734,f
14596,내기리,5280032022,전북특별자치도,2026-01-13 13:17:27.682865,2026-01-13 13:17:27.682867,f
14597,하장리,5280032023,전북특별자치도,2026-01-13 13:17:27.687125,2026-01-13 13:17:27.687129,f
14598,장등리,5280032024,전북특별자치도,2026-01-13 13:17:27.691274,2026-01-13 13:17:27.691277,f
14599,동전리,5280032025,전북특별자치도,2026-01-13 13:17:27.69567,2026-01-13 13:17:27.695674,f
14600,안성리,5280032026,전북특별자치도,2026-01-13 13:17:27.700159,2026-01-13 13:17:27.700161,f
14601,본덕리,5280032027,전북특별자치도,2026-01-13 13:17:27.704651,2026-01-13 13:17:27.704654,f
14602,증산리,5280032028,전북특별자치도,2026-01-13 13:17:27.709654,2026-01-13 13:17:27.709656,f
14603,당상리,5280032029,전북특별자치도,2026-01-13 13:17:27.713997,2026-01-13 13:17:27.714,f
14604,행안면,5280033000,전북특별자치도,2026-01-13 13:17:27.718459,2026-01-13 13:17:27.718461,f
14605,역리,5280033021,전북특별자치도,2026-01-13 13:17:27.723022,2026-01-13 13:17:27.723025,f
14606,삼간리,5280033022,전북특별자치도,2026-01-13 13:17:27.727758,2026-01-13 13:17:27.72776,f
14607,진동리,5280033023,전북특별자치도,2026-01-13 13:17:27.731756,2026-01-13 13:17:27.731758,f
14608,대초리,5280033024,전북특별자치도,2026-01-13 13:17:27.735643,2026-01-13 13:17:27.735644,f
14609,신기리,5280033025,전북특별자치도,2026-01-13 13:17:27.739849,2026-01-13 13:17:27.739853,f
14610,계화면,5280034000,전북특별자치도,2026-01-13 13:17:27.74471,2026-01-13 13:17:27.744714,f
14611,계화리,5280034021,전북특별자치도,2026-01-13 13:17:27.74939,2026-01-13 13:17:27.749393,f
14612,창북리,5280034022,전북특별자치도,2026-01-13 13:17:27.754079,2026-01-13 13:17:27.754081,f
14613,양산리,5280034023,전북특별자치도,2026-01-13 13:17:27.75916,2026-01-13 13:17:27.759164,f
14614,궁안리,5280034024,전북특별자치도,2026-01-13 13:17:27.763893,2026-01-13 13:17:27.763896,f
14615,의복리,5280034025,전북특별자치도,2026-01-13 13:17:27.768399,2026-01-13 13:17:27.768401,f
14616,보안면,5280035000,전북특별자치도,2026-01-13 13:17:27.773107,2026-01-13 13:17:27.773109,f
14617,영전리,5280035021,전북특별자치도,2026-01-13 13:17:27.777572,2026-01-13 13:17:27.777575,f
14618,상입석리,5280035022,전북특별자치도,2026-01-13 13:17:27.783361,2026-01-13 13:17:27.783365,f
14619,남포리,5280035023,전북특별자치도,2026-01-13 13:17:27.789932,2026-01-13 13:17:27.789935,f
14620,우동리,5280035024,전북특별자치도,2026-01-13 13:17:27.794877,2026-01-13 13:17:27.794881,f
14621,신복리,5280035025,전북특별자치도,2026-01-13 13:17:27.799398,2026-01-13 13:17:27.7994,f
14622,유천리,5280035026,전북특별자치도,2026-01-13 13:17:27.80412,2026-01-13 13:17:27.804123,f
14623,하입석리,5280035027,전북특별자치도,2026-01-13 13:17:27.809074,2026-01-13 13:17:27.809076,f
14624,상림리,5280035028,전북특별자치도,2026-01-13 13:17:27.813421,2026-01-13 13:17:27.813439,f
14625,월천리,5280035029,전북특별자치도,2026-01-13 13:17:27.817721,2026-01-13 13:17:27.817723,f
14626,부곡리,5280035030,전북특별자치도,2026-01-13 13:17:27.821836,2026-01-13 13:17:27.821839,f
14627,변산면,5280036000,전북특별자치도,2026-01-13 13:17:27.829407,2026-01-13 13:17:27.82941,f
14628,도청리,5280036021,전북특별자치도,2026-01-13 13:17:27.836896,2026-01-13 13:17:27.836903,f
14629,격포리,5280036022,전북특별자치도,2026-01-13 13:17:27.847282,2026-01-13 13:17:27.847288,f
14630,마포리,5280036023,전북특별자치도,2026-01-13 13:17:27.854396,2026-01-13 13:17:27.854399,f
14631,운산리,5280036024,전북특별자치도,2026-01-13 13:17:27.85893,2026-01-13 13:17:27.858932,f
14632,지서리,5280036025,전북특별자치도,2026-01-13 13:17:27.863274,2026-01-13 13:17:27.863276,f
14633,대항리,5280036026,전북특별자치도,2026-01-13 13:17:27.868575,2026-01-13 13:17:27.868578,f
14634,중계리,5280036027,전북특별자치도,2026-01-13 13:17:27.872787,2026-01-13 13:17:27.872789,f
14635,진서면,5280037000,전북특별자치도,2026-01-13 13:17:27.877779,2026-01-13 13:17:27.877781,f
14636,진서리,5280037021,전북특별자치도,2026-01-13 13:17:27.882181,2026-01-13 13:17:27.882184,f
14637,신대리,5279041031,전북특별자치도,2026-01-13 13:17:27.889164,2026-01-13 13:17:27.889167,f
14638,용교리,5279041032,전북특별자치도,2026-01-13 13:17:27.894698,2026-01-13 13:17:27.894701,f
14639,산림리,5279041033,전북특별자치도,2026-01-13 13:17:27.89889,2026-01-13 13:17:27.898892,f
14640,신림면,5279042000,전북특별자치도,2026-01-13 13:17:27.903486,2026-01-13 13:17:27.903489,f
14641,무림리,5279042021,전북특별자치도,2026-01-13 13:17:27.908315,2026-01-13 13:17:27.908317,f
14642,외화리,5279042022,전북특별자치도,2026-01-13 13:17:27.912846,2026-01-13 13:17:27.912848,f
14643,도림리,5279042023,전북특별자치도,2026-01-13 13:17:27.918354,2026-01-13 13:17:27.918357,f
14644,덕화리,5279042024,전북특별자치도,2026-01-13 13:17:27.924391,2026-01-13 13:17:27.924393,f
14645,가평리,5279042025,전북특별자치도,2026-01-13 13:17:27.928941,2026-01-13 13:17:27.928943,f
14646,신평리,5279042026,전북특별자치도,2026-01-13 13:17:27.933315,2026-01-13 13:17:27.933317,f
14647,반룡리,5279042027,전북특별자치도,2026-01-13 13:17:27.938239,2026-01-13 13:17:27.938243,f
14648,세곡리,5279042028,전북특별자치도,2026-01-13 13:17:27.942142,2026-01-13 13:17:27.942144,f
14649,자포리,5279042029,전북특별자치도,2026-01-13 13:17:27.948243,2026-01-13 13:17:27.94825,f
14650,송용리,5279042030,전북특별자치도,2026-01-13 13:17:27.952914,2026-01-13 13:17:27.952917,f
14651,법지리,5279042031,전북특별자치도,2026-01-13 13:17:27.956878,2026-01-13 13:17:27.95688,f
14652,벽송리,5279042032,전북특별자치도,2026-01-13 13:17:27.965547,2026-01-13 13:17:27.965551,f
14653,부송리,5279042033,전북특별자치도,2026-01-13 13:17:27.970362,2026-01-13 13:17:27.970364,f
14654,부안면,5279043000,전북특별자치도,2026-01-13 13:17:27.975853,2026-01-13 13:17:27.975856,f
14655,중흥리,5279043021,전북특별자치도,2026-01-13 13:17:27.97951,2026-01-13 13:17:27.979512,f
14656,오산리,5279043022,전북특별자치도,2026-01-13 13:17:27.983077,2026-01-13 13:17:27.983078,f
14657,수남리,5279043023,전북특별자치도,2026-01-13 13:17:27.987188,2026-01-13 13:17:27.987189,f
14658,검산리,5279043024,전북특별자치도,2026-01-13 13:17:27.994198,2026-01-13 13:17:27.994202,f
14659,수동리,5279043025,전북특별자치도,2026-01-13 13:17:27.999675,2026-01-13 13:17:27.999678,f
14660,수앙리,5279043026,전북특별자치도,2026-01-13 13:17:28.006189,2026-01-13 13:17:28.006194,f
14661,상암리,5279043027,전북특별자치도,2026-01-13 13:17:28.012305,2026-01-13 13:17:28.012307,f
14662,봉암리,5279043028,전북특별자치도,2026-01-13 13:17:28.016078,2026-01-13 13:17:28.016079,f
14663,송현리,5279043029,전북특별자치도,2026-01-13 13:17:28.019779,2026-01-13 13:17:28.019781,f
14664,선운리,5279043030,전북특별자치도,2026-01-13 13:17:28.024505,2026-01-13 13:17:28.024508,f
14665,용산리,5279043031,전북특별자치도,2026-01-13 13:17:28.029112,2026-01-13 13:17:28.029114,f
14666,상등리,5279043032,전북특별자치도,2026-01-13 13:17:28.032845,2026-01-13 13:17:28.032847,f
14667,사창리,5279043033,전북특별자치도,2026-01-13 13:17:28.038764,2026-01-13 13:17:28.038767,f
14668,운양리,5279043034,전북특별자치도,2026-01-13 13:17:28.043065,2026-01-13 13:17:28.043067,f
14669,부안군,5280000000,전북특별자치도,2026-01-13 13:17:28.047189,2026-01-13 13:17:28.047192,f
14670,부안읍,5280025000,전북특별자치도,2026-01-13 13:17:28.052064,2026-01-13 13:17:28.052066,f
14671,동중리,5280025021,전북특별자치도,2026-01-13 13:17:28.065123,2026-01-13 13:17:28.06513,f
14672,서외리,5280025022,전북특별자치도,2026-01-13 13:17:28.075551,2026-01-13 13:17:28.075556,f
14673,선은리,5280025023,전북특별자치도,2026-01-13 13:17:28.081703,2026-01-13 13:17:28.081707,f
14674,봉덕리,5280025024,전북특별자치도,2026-01-13 13:17:28.088537,2026-01-13 13:17:28.088542,f
14675,신운리,5280025025,전북특별자치도,2026-01-13 13:17:28.092773,2026-01-13 13:17:28.092775,f
14676,모산리,5280025026,전북특별자치도,2026-01-13 13:17:28.099066,2026-01-13 13:17:28.099068,f
14677,행중리,5280025027,전북특별자치도,2026-01-13 13:17:28.103482,2026-01-13 13:17:28.103485,f
14678,연곡리,5280025028,전북특별자치도,2026-01-13 13:17:28.108642,2026-01-13 13:17:28.108644,f
14679,옹중리,5280025029,전북특별자치도,2026-01-13 13:17:28.113065,2026-01-13 13:17:28.11307,f
14680,내요리,5280025030,전북특별자치도,2026-01-13 13:17:28.119407,2026-01-13 13:17:28.11941,f
14681,외하리,5280025031,전북특별자치도,2026-01-13 13:17:28.123926,2026-01-13 13:17:28.123929,f
14682,신흥리,5280025032,전북특별자치도,2026-01-13 13:17:28.129003,2026-01-13 13:17:28.129006,f
14683,주산면,5280031000,전북특별자치도,2026-01-13 13:17:28.133057,2026-01-13 13:17:28.133059,f
14684,소주리,5280031021,전북특별자치도,2026-01-13 13:17:28.136851,2026-01-13 13:17:28.136853,f
14685,대산면,5279038000,전북특별자치도,2026-01-13 13:17:28.14155,2026-01-13 13:17:28.141559,f
14686,성남리,5279038021,전북특별자치도,2026-01-13 13:17:28.147942,2026-01-13 13:17:28.147944,f
14687,광대리,5279038022,전북특별자치도,2026-01-13 13:17:28.153288,2026-01-13 13:17:28.15329,f
14688,덕천리,5279038023,전북특별자치도,2026-01-13 13:17:28.157638,2026-01-13 13:17:28.157641,f
14689,중산리,5279038024,전북특별자치도,2026-01-13 13:17:28.164991,2026-01-13 13:17:28.164993,f
14690,매산리,5279038025,전북특별자치도,2026-01-13 13:17:28.169347,2026-01-13 13:17:28.169349,f
14691,산정리,5279038026,전북특별자치도,2026-01-13 13:17:28.173442,2026-01-13 13:17:28.173446,f
14692,율촌리,5279038027,전북특별자치도,2026-01-13 13:17:28.178207,2026-01-13 13:17:28.178209,f
14693,춘산리,5279038028,전북특별자치도,2026-01-13 13:17:28.181965,2026-01-13 13:17:28.181967,f
14694,연동리,5279038029,전북특별자치도,2026-01-13 13:17:28.187397,2026-01-13 13:17:28.1874,f
14695,갈마리,5279038030,전북특별자치도,2026-01-13 13:17:28.191726,2026-01-13 13:17:28.191729,f
14696,해룡리,5279038031,전북특별자치도,2026-01-13 13:17:28.195795,2026-01-13 13:17:28.195798,f
14697,대장리,5279038032,전북특별자치도,2026-01-13 13:17:28.205243,2026-01-13 13:17:28.205246,f
14698,회룡리,5279038033,전북특별자치도,2026-01-13 13:17:28.21356,2026-01-13 13:17:28.213564,f
14699,지석리,5279038034,전북특별자치도,2026-01-13 13:17:28.221134,2026-01-13 13:17:28.221141,f
14700,상금리,5279038035,전북특별자치도,2026-01-13 13:17:28.22706,2026-01-13 13:17:28.227063,f
14701,심원면,5279039000,전북특별자치도,2026-01-13 13:17:28.231948,2026-01-13 13:17:28.231952,f
14702,궁산리,5279039021,전북특별자치도,2026-01-13 13:17:28.236317,2026-01-13 13:17:28.23632,f
14703,주산리,5279039022,전북특별자치도,2026-01-13 13:17:28.240296,2026-01-13 13:17:28.240298,f
14704,고전리,5279039023,전북특별자치도,2026-01-13 13:17:28.248109,2026-01-13 13:17:28.248116,f
14705,만돌리,5279039024,전북특별자치도,2026-01-13 13:17:28.253817,2026-01-13 13:17:28.253819,f
14706,두어리,5279039025,전북특별자치도,2026-01-13 13:17:28.258588,2026-01-13 13:17:28.25859,f
14707,도천리,5279039026,전북특별자치도,2026-01-13 13:17:28.262532,2026-01-13 13:17:28.262535,f
14708,연화리,5279039027,전북특별자치도,2026-01-13 13:17:28.266868,2026-01-13 13:17:28.266873,f
14709,월산리,5279039028,전북특별자치도,2026-01-13 13:17:28.275366,2026-01-13 13:17:28.275369,f
14710,하전리,5279039029,전북특별자치도,2026-01-13 13:17:28.28005,2026-01-13 13:17:28.280053,f
14711,용기리,5279039030,전북특별자치도,2026-01-13 13:17:28.284719,2026-01-13 13:17:28.284723,f
14712,흥덕면,5279040000,전북특별자치도,2026-01-13 13:17:28.290647,2026-01-13 13:17:28.29065,f
14713,흥덕리,5279040021,전북특별자치도,2026-01-13 13:17:28.296023,2026-01-13 13:17:28.296027,f
14714,동사리,5279040022,전북특별자치도,2026-01-13 13:17:28.300356,2026-01-13 13:17:28.300359,f
14715,치룡리,5279040023,전북특별자치도,2026-01-13 13:17:28.304743,2026-01-13 13:17:28.304747,f
14716,신송리,5279040024,전북특별자치도,2026-01-13 13:17:28.310012,2026-01-13 13:17:28.310017,f
14717,하남리,5279040025,전북특별자치도,2026-01-13 13:17:28.316676,2026-01-13 13:17:28.31668,f
14718,용반리,5279040026,전북특별자치도,2026-01-13 13:17:28.321786,2026-01-13 13:17:28.321789,f
14719,신덕리,5279040027,전북특별자치도,2026-01-13 13:17:28.327748,2026-01-13 13:17:28.327752,f
14720,후포리,5279040028,전북특별자치도,2026-01-13 13:17:28.335953,2026-01-13 13:17:28.335956,f
14721,사포리,5279040029,전북특별자치도,2026-01-13 13:17:28.340917,2026-01-13 13:17:28.340919,f
14722,교운리,5279040030,전북특별자치도,2026-01-13 13:17:28.346027,2026-01-13 13:17:28.346029,f
14723,석우리,5279040031,전북특별자치도,2026-01-13 13:17:28.352213,2026-01-13 13:17:28.352216,f
14724,오호리,5279040032,전북특별자치도,2026-01-13 13:17:28.357513,2026-01-13 13:17:28.357515,f
14725,석교리,5279040033,전북특별자치도,2026-01-13 13:17:28.362916,2026-01-13 13:17:28.362918,f
14726,사천리,5279040034,전북특별자치도,2026-01-13 13:17:28.368416,2026-01-13 13:17:28.36842,f
14727,제하리,5279040035,전북특별자치도,2026-01-13 13:17:28.37455,2026-01-13 13:17:28.374553,f
14728,송암리,5279040036,전북특별자치도,2026-01-13 13:17:28.379575,2026-01-13 13:17:28.379576,f
14729,성내면,5279041000,전북특별자치도,2026-01-13 13:17:28.384619,2026-01-13 13:17:28.384621,f
14730,양계리,5279041021,전북특별자치도,2026-01-13 13:17:28.390721,2026-01-13 13:17:28.390724,f
14731,월성리,5279041022,전북특별자치도,2026-01-13 13:17:28.39594,2026-01-13 13:17:28.395943,f
14732,조동리,5279041023,전북특별자치도,2026-01-13 13:17:28.400651,2026-01-13 13:17:28.400653,f
14733,부덕리,5279041024,전북특별자치도,2026-01-13 13:17:28.405996,2026-01-13 13:17:28.405998,f
14734,덕산리,5279041025,전북특별자치도,2026-01-13 13:17:28.411675,2026-01-13 13:17:28.411679,f
14735,신성리,5279041026,전북특별자치도,2026-01-13 13:17:28.416415,2026-01-13 13:17:28.416417,f
14736,동산리,5279041027,전북특별자치도,2026-01-13 13:17:28.421175,2026-01-13 13:17:28.421178,f
14737,월산리,5279041028,전북특별자치도,2026-01-13 13:17:28.42626,2026-01-13 13:17:28.426263,f
14738,옥제리,5279041029,전북특별자치도,2026-01-13 13:17:28.431034,2026-01-13 13:17:28.431038,f
14739,대흥리,5279041030,전북특별자치도,2026-01-13 13:17:28.435404,2026-01-13 13:17:28.435405,f
14740,송계리,5279033036,전북특별자치도,2026-01-13 13:17:28.439524,2026-01-13 13:17:28.439525,f
14741,공음면,5279034000,전북특별자치도,2026-01-13 13:17:28.4445,2026-01-13 13:17:28.444505,f
14742,두암리,5279034021,전북특별자치도,2026-01-13 13:17:28.449665,2026-01-13 13:17:28.449668,f
14743,신대리,5279034022,전북특별자치도,2026-01-13 13:17:28.453829,2026-01-13 13:17:28.453833,f
14744,구암리,5279034023,전북특별자치도,2026-01-13 13:17:28.457834,2026-01-13 13:17:28.457836,f
14745,석교리,5279034024,전북특별자치도,2026-01-13 13:17:28.46191,2026-01-13 13:17:28.461912,f
14746,장곡리,5279034025,전북특별자치도,2026-01-13 13:17:28.466127,2026-01-13 13:17:28.466129,f
14747,칠암리,5279034026,전북특별자치도,2026-01-13 13:17:28.471331,2026-01-13 13:17:28.471335,f
14748,용수리,5279034027,전북특별자치도,2026-01-13 13:17:28.475823,2026-01-13 13:17:28.475825,f
14749,선동리,5279034028,전북특별자치도,2026-01-13 13:17:28.482151,2026-01-13 13:17:28.482159,f
14750,건동리,5279034029,전북특별자치도,2026-01-13 13:17:28.495924,2026-01-13 13:17:28.495933,f
14751,군유리,5279034030,전북특별자치도,2026-01-13 13:17:28.511749,2026-01-13 13:17:28.511755,f
14752,예전리,5279034031,전북특별자치도,2026-01-13 13:17:28.521701,2026-01-13 13:17:28.521706,f
14753,덕암리,5279034032,전북특별자치도,2026-01-13 13:17:28.527517,2026-01-13 13:17:28.527521,f
14754,상하면,5279035000,전북특별자치도,2026-01-13 13:17:28.532583,2026-01-13 13:17:28.532585,f
14755,장산리,5279035021,전북특별자치도,2026-01-13 13:17:28.538169,2026-01-13 13:17:28.538171,f
14756,장호리,5279035022,전북특별자치도,2026-01-13 13:17:28.543686,2026-01-13 13:17:28.543689,f
14757,용정리,5279035023,전북특별자치도,2026-01-13 13:17:28.547992,2026-01-13 13:17:28.547995,f
14758,자룡리,5279035024,전북특별자치도,2026-01-13 13:17:28.552407,2026-01-13 13:17:28.552411,f
14759,석남리,5279035025,전북특별자치도,2026-01-13 13:17:28.556918,2026-01-13 13:17:28.55692,f
14760,하장리,5279035026,전북특별자치도,2026-01-13 13:17:28.560985,2026-01-13 13:17:28.560988,f
14761,용대리,5279035027,전북특별자치도,2026-01-13 13:17:28.566025,2026-01-13 13:17:28.566028,f
14762,검산리,5279035028,전북특별자치도,2026-01-13 13:17:28.57084,2026-01-13 13:17:28.570844,f
14763,송곡리,5279035029,전북특별자치도,2026-01-13 13:17:28.575206,2026-01-13 13:17:28.575209,f
14764,해리면,5279036000,전북특별자치도,2026-01-13 13:17:28.579269,2026-01-13 13:17:28.579271,f
14765,하련리,5279036021,전북특별자치도,2026-01-13 13:17:28.583397,2026-01-13 13:17:28.583399,f
14766,평지리,5279036022,전북특별자치도,2026-01-13 13:17:28.588206,2026-01-13 13:17:28.588208,f
14767,고성리,5279036023,전북특별자치도,2026-01-13 13:17:28.593845,2026-01-13 13:17:28.593848,f
14768,송산리,5279036024,전북특별자치도,2026-01-13 13:17:28.598471,2026-01-13 13:17:28.598473,f
14769,안산리,5279036025,전북특별자치도,2026-01-13 13:17:28.602185,2026-01-13 13:17:28.602188,f
14770,왕촌리,5279036026,전북특별자치도,2026-01-13 13:17:28.606783,2026-01-13 13:17:28.606785,f
14771,라성리,5279036027,전북특별자치도,2026-01-13 13:17:28.61176,2026-01-13 13:17:28.611762,f
14772,사반리,5279036028,전북특별자치도,2026-01-13 13:17:28.616132,2026-01-13 13:17:28.616135,f
14773,방축리,5279036029,전북특별자치도,2026-01-13 13:17:28.619949,2026-01-13 13:17:28.619951,f
14774,금평리,5279036030,전북특별자치도,2026-01-13 13:17:28.623543,2026-01-13 13:17:28.623545,f
14775,광승리,5279036031,전북특별자치도,2026-01-13 13:17:28.627791,2026-01-13 13:17:28.627794,f
14776,동호리,5279036032,전북특별자치도,2026-01-13 13:17:28.63255,2026-01-13 13:17:28.632552,f
14777,성송면,5279037000,전북특별자치도,2026-01-13 13:17:28.637136,2026-01-13 13:17:28.63714,f
14778,산수리,5279037021,전북특별자치도,2026-01-13 13:17:28.641357,2026-01-13 13:17:28.641364,f
14779,하고리,5279037022,전북특별자치도,2026-01-13 13:17:28.646918,2026-01-13 13:17:28.646922,f
14780,무송리,5279037023,전북특별자치도,2026-01-13 13:17:28.65139,2026-01-13 13:17:28.651393,f
14781,암치리,5279037024,전북특별자치도,2026-01-13 13:17:28.655886,2026-01-13 13:17:28.655888,f
14782,계당리,5279037025,전북특별자치도,2026-01-13 13:17:28.660094,2026-01-13 13:17:28.660096,f
14783,판정리,5279037026,전북특별자치도,2026-01-13 13:17:28.663937,2026-01-13 13:17:28.663939,f
14784,괴치리,5279037027,전북특별자치도,2026-01-13 13:17:28.667978,2026-01-13 13:17:28.667979,f
14785,향산리,5279037028,전북특별자치도,2026-01-13 13:17:28.672519,2026-01-13 13:17:28.672521,f
14786,학천리,5279037029,전북특별자치도,2026-01-13 13:17:28.676749,2026-01-13 13:17:28.676751,f
14787,사내리,5279037030,전북특별자치도,2026-01-13 13:17:28.681345,2026-01-13 13:17:28.681348,f
14788,낙양리,5279037031,전북특별자치도,2026-01-13 13:17:28.685911,2026-01-13 13:17:28.685914,f
14789,율계리,5279025036,전북특별자치도,2026-01-13 13:17:28.690643,2026-01-13 13:17:28.690646,f
14790,석교리,5279025037,전북특별자치도,2026-01-13 13:17:28.695224,2026-01-13 13:17:28.695226,f
14791,성두리,5279025038,전북특별자치도,2026-01-13 13:17:28.699733,2026-01-13 13:17:28.699735,f
14792,고수면,5279031000,전북특별자치도,2026-01-13 13:17:28.703775,2026-01-13 13:17:28.703777,f
14793,와촌리,5279031021,전북특별자치도,2026-01-13 13:17:28.70772,2026-01-13 13:17:28.707723,f
14794,황산리,5279031022,전북특별자치도,2026-01-13 13:17:28.712482,2026-01-13 13:17:28.712484,f
14795,봉산리,5279031023,전북특별자치도,2026-01-13 13:17:28.716651,2026-01-13 13:17:28.716653,f
14796,우평리,5279031024,전북특별자치도,2026-01-13 13:17:28.72285,2026-01-13 13:17:28.722853,f
14797,남산리,5279031025,전북특별자치도,2026-01-13 13:17:28.729621,2026-01-13 13:17:28.729625,f
14798,예지리,5279031026,전북특별자치도,2026-01-13 13:17:28.734936,2026-01-13 13:17:28.734939,f
14799,인성리,5279031027,전북특별자치도,2026-01-13 13:17:28.739726,2026-01-13 13:17:28.739728,f
14800,장두리,5279031028,전북특별자치도,2026-01-13 13:17:28.745355,2026-01-13 13:17:28.745358,f
14801,초내리,5279031029,전북특별자치도,2026-01-13 13:17:28.751031,2026-01-13 13:17:28.751033,f
14802,평지리,5279031030,전북특별자치도,2026-01-13 13:17:28.75555,2026-01-13 13:17:28.755554,f
14803,부곡리,5279031031,전북특별자치도,2026-01-13 13:17:28.759663,2026-01-13 13:17:28.759665,f
14804,상평리,5279031032,전북특별자치도,2026-01-13 13:17:28.765422,2026-01-13 13:17:28.765456,f
14805,두평리,5279031033,전북특별자치도,2026-01-13 13:17:28.771052,2026-01-13 13:17:28.771054,f
14806,은사리,5279031034,전북특별자치도,2026-01-13 13:17:28.774998,2026-01-13 13:17:28.775003,f
14807,아산면,5279032000,전북특별자치도,2026-01-13 13:17:28.780665,2026-01-13 13:17:28.780668,f
14808,봉덕리,5279032021,전북특별자치도,2026-01-13 13:17:28.785561,2026-01-13 13:17:28.785563,f
14809,중월리,5279032022,전북특별자치도,2026-01-13 13:17:28.790826,2026-01-13 13:17:28.790829,f
14810,목동리,5279032023,전북특별자치도,2026-01-13 13:17:28.795802,2026-01-13 13:17:28.795804,f
14811,상갑리,5279032024,전북특별자치도,2026-01-13 13:17:28.800176,2026-01-13 13:17:28.800178,f
14812,하갑리,5279032025,전북특별자치도,2026-01-13 13:17:28.80562,2026-01-13 13:17:28.805622,f
14813,대동리,5279032026,전북특별자치도,2026-01-13 13:17:28.81165,2026-01-13 13:17:28.811652,f
14814,주진리,5279032027,전북특별자치도,2026-01-13 13:17:28.816122,2026-01-13 13:17:28.816124,f
14815,남산리,5279032028,전북특별자치도,2026-01-13 13:17:28.824896,2026-01-13 13:17:28.824902,f
14816,성산리,5279032029,전북특별자치도,2026-01-13 13:17:28.830947,2026-01-13 13:17:28.830952,f
14817,학전리,5279032030,전북특별자치도,2026-01-13 13:17:28.842501,2026-01-13 13:17:28.842524,f
14818,운곡리,5279032031,전북특별자치도,2026-01-13 13:17:28.854972,2026-01-13 13:17:28.854976,f
14819,용계리,5279032032,전북특별자치도,2026-01-13 13:17:28.861785,2026-01-13 13:17:28.861788,f
14820,계산리,5279032033,전북특별자치도,2026-01-13 13:17:28.867069,2026-01-13 13:17:28.867071,f
14821,구암리,5279032034,전북특별자치도,2026-01-13 13:17:28.872691,2026-01-13 13:17:28.872692,f
14822,반암리,5279032035,전북특별자치도,2026-01-13 13:17:28.879254,2026-01-13 13:17:28.879257,f
14823,삼인리,5279032036,전북특별자치도,2026-01-13 13:17:28.88487,2026-01-13 13:17:28.884871,f
14824,무장면,5279033000,전북특별자치도,2026-01-13 13:17:28.891147,2026-01-13 13:17:28.891153,f
14825,무장리,5279033021,전북특별자치도,2026-01-13 13:17:28.896212,2026-01-13 13:17:28.896214,f
14826,성내리,5279033022,전북특별자치도,2026-01-13 13:17:28.900521,2026-01-13 13:17:28.900523,f
14827,교흥리,5279033023,전북특별자치도,2026-01-13 13:17:28.904663,2026-01-13 13:17:28.904664,f
14828,송현리,5279033024,전북특별자치도,2026-01-13 13:17:28.908675,2026-01-13 13:17:28.908679,f
14829,원촌리,5279033025,전북특별자치도,2026-01-13 13:17:28.913702,2026-01-13 13:17:28.913706,f
14830,강남리,5279033026,전북특별자치도,2026-01-13 13:17:28.918177,2026-01-13 13:17:28.918179,f
14831,목우리,5279033027,전북특별자치도,2026-01-13 13:17:28.922939,2026-01-13 13:17:28.922941,f
14832,덕림리,5279033028,전북특별자치도,2026-01-13 13:17:28.927645,2026-01-13 13:17:28.927647,f
14833,옥산리,5279033029,전북특별자치도,2026-01-13 13:17:28.93298,2026-01-13 13:17:28.932983,f
14834,고라리,5279033030,전북특별자치도,2026-01-13 13:17:28.937254,2026-01-13 13:17:28.937257,f
14835,백양리,5279033031,전북특별자치도,2026-01-13 13:17:28.942309,2026-01-13 13:17:28.942313,f
14836,신촌리,5279033032,전북특별자치도,2026-01-13 13:17:28.946457,2026-01-13 13:17:28.946459,f
14837,만화리,5279033033,전북특별자치도,2026-01-13 13:17:28.951201,2026-01-13 13:17:28.951203,f
14838,월림리,5279033034,전북특별자치도,2026-01-13 13:17:28.955779,2026-01-13 13:17:28.955781,f
14839,도곡리,5279033035,전북특별자치도,2026-01-13 13:17:28.960302,2026-01-13 13:17:28.960304,f
14840,답동리,5277037036,전북특별자치도,2026-01-13 13:17:28.965046,2026-01-13 13:17:28.96505,f
14841,석보리,5277037037,전북특별자치도,2026-01-13 13:17:28.969637,2026-01-13 13:17:28.969643,f
14842,적성면,5277038000,전북특별자치도,2026-01-13 13:17:28.974135,2026-01-13 13:17:28.974137,f
14843,지북리,5277038021,전북특별자치도,2026-01-13 13:17:28.978182,2026-01-13 13:17:28.978183,f
14844,대산리,5277038022,전북특별자치도,2026-01-13 13:17:28.982792,2026-01-13 13:17:28.982795,f
14845,운림리,5277038023,전북특별자치도,2026-01-13 13:17:28.989151,2026-01-13 13:17:28.989158,f
14846,고원리,5277038024,전북특별자치도,2026-01-13 13:17:29.001708,2026-01-13 13:17:29.001711,f
14847,내월리,5277038025,전북특별자치도,2026-01-13 13:17:29.007304,2026-01-13 13:17:29.007307,f
14848,평남리,5277038026,전북특별자치도,2026-01-13 13:17:29.011843,2026-01-13 13:17:29.011845,f
14849,괴정리,5277038027,전북특별자치도,2026-01-13 13:17:29.017687,2026-01-13 13:17:29.01769,f
14850,석산리,5277038028,전북특별자치도,2026-01-13 13:17:29.022374,2026-01-13 13:17:29.022375,f
14851,유등면,5277039000,전북특별자치도,2026-01-13 13:17:29.027719,2026-01-13 13:17:29.027721,f
14852,창신리,5277039021,전북특별자치도,2026-01-13 13:17:29.033233,2026-01-13 13:17:29.033235,f
14853,건곡리,5277039022,전북특별자치도,2026-01-13 13:17:29.037973,2026-01-13 13:17:29.037975,f
14854,외이리,5277039023,전북특별자치도,2026-01-13 13:17:29.044129,2026-01-13 13:17:29.044132,f
14855,오교리,5277039024,전북특별자치도,2026-01-13 13:17:29.051251,2026-01-13 13:17:29.051253,f
14856,유촌리,5277039025,전북특별자치도,2026-01-13 13:17:29.055706,2026-01-13 13:17:29.055708,f
14857,무수리,5277039026,전북특별자치도,2026-01-13 13:17:29.060302,2026-01-13 13:17:29.060304,f
14858,구림면,5277040000,전북특별자치도,2026-01-13 13:17:29.064455,2026-01-13 13:17:29.064459,f
14859,운남리,5277040021,전북특별자치도,2026-01-13 13:17:29.068364,2026-01-13 13:17:29.068366,f
14860,구암리,5277040022,전북특별자치도,2026-01-13 13:17:29.073927,2026-01-13 13:17:29.07393,f
14861,구산리,5277040023,전북특별자치도,2026-01-13 13:17:29.078362,2026-01-13 13:17:29.078364,f
14862,성곡리,5277040024,전북특별자치도,2026-01-13 13:17:29.083509,2026-01-13 13:17:29.083512,f
14863,율북리,5277040025,전북특별자치도,2026-01-13 13:17:29.089208,2026-01-13 13:17:29.089216,f
14864,안정리,5277040026,전북특별자치도,2026-01-13 13:17:29.093566,2026-01-13 13:17:29.093568,f
14865,금천리,5277040027,전북특별자치도,2026-01-13 13:17:29.097357,2026-01-13 13:17:29.09736,f
14866,금창리,5277040028,전북특별자치도,2026-01-13 13:17:29.101066,2026-01-13 13:17:29.101067,f
14867,방화리,5277040029,전북특별자치도,2026-01-13 13:17:29.10541,2026-01-13 13:17:29.105412,f
14868,운북리,5277040030,전북특별자치도,2026-01-13 13:17:29.110474,2026-01-13 13:17:29.110476,f
14869,월정리,5277040031,전북특별자치도,2026-01-13 13:17:29.114989,2026-01-13 13:17:29.114991,f
14870,자양리,5277040032,전북특별자치도,2026-01-13 13:17:29.119997,2026-01-13 13:17:29.120001,f
14871,구곡리,5277040033,전북특별자치도,2026-01-13 13:17:29.124983,2026-01-13 13:17:29.124987,f
14872,화암리,5277040034,전북특별자치도,2026-01-13 13:17:29.12994,2026-01-13 13:17:29.129942,f
14873,고창군,5279000000,전북특별자치도,2026-01-13 13:17:29.134338,2026-01-13 13:17:29.13434,f
14874,고창읍,5279025000,전북특별자치도,2026-01-13 13:17:29.138222,2026-01-13 13:17:29.138224,f
14875,읍내리,5279025021,전북특별자치도,2026-01-13 13:17:29.142756,2026-01-13 13:17:29.142759,f
14876,교촌리,5279025022,전북특별자치도,2026-01-13 13:17:29.147315,2026-01-13 13:17:29.147319,f
14877,월곡리,5279025023,전북특별자치도,2026-01-13 13:17:29.153938,2026-01-13 13:17:29.153942,f
14878,월암리,5279025024,전북특별자치도,2026-01-13 13:17:29.158699,2026-01-13 13:17:29.158702,f
14879,석정리,5279025025,전북특별자치도,2026-01-13 13:17:29.163658,2026-01-13 13:17:29.16366,f
14880,월산리,5279025026,전북특별자치도,2026-01-13 13:17:29.169302,2026-01-13 13:17:29.169306,f
14881,노동리,5279025027,전북특별자치도,2026-01-13 13:17:29.173795,2026-01-13 13:17:29.173798,f
14882,화산리,5279025028,전북특별자치도,2026-01-13 13:17:29.177782,2026-01-13 13:17:29.177785,f
14883,내동리,5279025029,전북특별자치도,2026-01-13 13:17:29.181619,2026-01-13 13:17:29.181621,f
14884,덕산리,5279025030,전북특별자치도,2026-01-13 13:17:29.185335,2026-01-13 13:17:29.185337,f
14885,주곡리,5279025031,전북특별자치도,2026-01-13 13:17:29.190986,2026-01-13 13:17:29.190989,f
14886,도산리,5279025032,전북특별자치도,2026-01-13 13:17:29.198893,2026-01-13 13:17:29.198898,f
14887,죽림리,5279025033,전북특별자치도,2026-01-13 13:17:29.207534,2026-01-13 13:17:29.207536,f
14888,신월리,5279025034,전북특별자치도,2026-01-13 13:17:29.215209,2026-01-13 13:17:29.215213,f
14889,덕정리,5279025035,전북특별자치도,2026-01-13 13:17:29.221976,2026-01-13 13:17:29.22198,f
14890,고례리,5277034033,전북특별자치도,2026-01-13 13:17:29.231018,2026-01-13 13:17:29.231022,f
14891,장장리,5277034034,전북특별자치도,2026-01-13 13:17:29.23963,2026-01-13 13:17:29.239634,f
14892,매우리,5277034035,전북특별자치도,2026-01-13 13:17:29.248933,2026-01-13 13:17:29.248941,f
14893,팔덕면,5277035000,전북특별자치도,2026-01-13 13:17:29.258396,2026-01-13 13:17:29.2584,f
14894,구룡리,5277035021,전북특별자치도,2026-01-13 13:17:29.263028,2026-01-13 13:17:29.26303,f
14895,용산리,5277035022,전북특별자치도,2026-01-13 13:17:29.267974,2026-01-13 13:17:29.267977,f
14896,월곡리,5277035023,전북특별자치도,2026-01-13 13:17:29.273977,2026-01-13 13:17:29.273981,f
14897,광암리,5277035024,전북특별자치도,2026-01-13 13:17:29.279961,2026-01-13 13:17:29.279964,f
14898,청계리,5277035025,전북특별자치도,2026-01-13 13:17:29.285446,2026-01-13 13:17:29.285449,f
14899,서흥리,5277035026,전북특별자치도,2026-01-13 13:17:29.290757,2026-01-13 13:17:29.290759,f
14900,산동리,5277035027,전북특별자치도,2026-01-13 13:17:29.295905,2026-01-13 13:17:29.295908,f
14901,장안리,5277035028,전북특별자치도,2026-01-13 13:17:29.300227,2026-01-13 13:17:29.300229,f
14902,창덕리,5277035029,전북특별자치도,2026-01-13 13:17:29.305344,2026-01-13 13:17:29.305346,f
14903,덕천리,5277035030,전북특별자치도,2026-01-13 13:17:29.310759,2026-01-13 13:17:29.310762,f
14904,쌍치면,5277036000,전북특별자치도,2026-01-13 13:17:29.315497,2026-01-13 13:17:29.315498,f
14905,방산리,5277036021,전북특별자치도,2026-01-13 13:17:29.320071,2026-01-13 13:17:29.320075,f
14906,신성리,5277036023,전북특별자치도,2026-01-13 13:17:29.325917,2026-01-13 13:17:29.325921,f
14907,탕곡리,5277036024,전북특별자치도,2026-01-13 13:17:29.333055,2026-01-13 13:17:29.333058,f
14908,중안리,5277036025,전북특별자치도,2026-01-13 13:17:29.338011,2026-01-13 13:17:29.338014,f
14909,둔전리,5277036026,전북특별자치도,2026-01-13 13:17:29.3429,2026-01-13 13:17:29.342902,f
14910,시산리,5277036027,전북특별자치도,2026-01-13 13:17:29.347746,2026-01-13 13:17:29.347752,f
14911,옥산리,5277036028,전북특별자치도,2026-01-13 13:17:29.352895,2026-01-13 13:17:29.352898,f
14912,종암리,5277036029,전북특별자치도,2026-01-13 13:17:29.35695,2026-01-13 13:17:29.356952,f
14913,학선리,5277036030,전북특별자치도,2026-01-13 13:17:29.361194,2026-01-13 13:17:29.361196,f
14914,도고리,5277036031,전북특별자치도,2026-01-13 13:17:29.366446,2026-01-13 13:17:29.366448,f
14915,금평리,5277036032,전북특별자치도,2026-01-13 13:17:29.370622,2026-01-13 13:17:29.370624,f
14916,쌍계리,5277036033,전북특별자치도,2026-01-13 13:17:29.375075,2026-01-13 13:17:29.375078,f
14917,전암리,5277036034,전북특별자치도,2026-01-13 13:17:29.379319,2026-01-13 13:17:29.379321,f
14918,양신리,5277036035,전북특별자치도,2026-01-13 13:17:29.383749,2026-01-13 13:17:29.383752,f
14919,운암리,5277036036,전북특별자치도,2026-01-13 13:17:29.387811,2026-01-13 13:17:29.387813,f
14920,용전리,5277036037,전북특별자치도,2026-01-13 13:17:29.392447,2026-01-13 13:17:29.392455,f
14921,금성리,5277036038,전북특별자치도,2026-01-13 13:17:29.39734,2026-01-13 13:17:29.397343,f
14922,오봉리,5277036039,전북특별자치도,2026-01-13 13:17:29.40174,2026-01-13 13:17:29.401743,f
14923,종곡리,5277036040,전북특별자치도,2026-01-13 13:17:29.406928,2026-01-13 13:17:29.40693,f
14924,복흥면,5277037000,전북특별자치도,2026-01-13 13:17:29.411442,2026-01-13 13:17:29.411445,f
14925,서마리,5277037021,전북특별자치도,2026-01-13 13:17:29.416231,2026-01-13 13:17:29.416233,f
14926,동산리,5277037022,전북특별자치도,2026-01-13 13:17:29.420217,2026-01-13 13:17:29.42022,f
14927,화양리,5277037023,전북특별자치도,2026-01-13 13:17:29.423816,2026-01-13 13:17:29.423818,f
14928,반월리,5277037024,전북특별자치도,2026-01-13 13:17:29.428183,2026-01-13 13:17:29.428185,f
14929,봉덕리,5277037025,전북특별자치도,2026-01-13 13:17:29.433485,2026-01-13 13:17:29.433488,f
14930,농암리,5277037026,전북특별자치도,2026-01-13 13:17:29.438067,2026-01-13 13:17:29.438069,f
14931,지선리,5277037027,전북특별자치도,2026-01-13 13:17:29.443259,2026-01-13 13:17:29.443261,f
14932,금월리,5277037028,전북특별자치도,2026-01-13 13:17:29.448834,2026-01-13 13:17:29.44884,f
14933,어은리,5277037029,전북특별자치도,2026-01-13 13:17:29.461529,2026-01-13 13:17:29.461531,f
14934,대방리,5277037030,전북특별자치도,2026-01-13 13:17:29.468855,2026-01-13 13:17:29.468859,f
14935,정산리,5277037031,전북특별자치도,2026-01-13 13:17:29.474057,2026-01-13 13:17:29.474059,f
14936,산정리,5277037032,전북특별자치도,2026-01-13 13:17:29.478299,2026-01-13 13:17:29.478302,f
14937,주평리,5277037033,전북특별자치도,2026-01-13 13:17:29.482644,2026-01-13 13:17:29.482646,f
14938,상송리,5277037034,전북특별자치도,2026-01-13 13:17:29.489847,2026-01-13 13:17:29.48985,f
14939,하리,5277037035,전북특별자치도,2026-01-13 13:17:29.495461,2026-01-13 13:17:29.495463,f
14940,중산리,5277031029,전북특별자치도,2026-01-13 13:17:29.499901,2026-01-13 13:17:29.499903,f
14941,지산리,5277031030,전북특별자치도,2026-01-13 13:17:29.504178,2026-01-13 13:17:29.50418,f
14942,노동리,5277031031,전북특별자치도,2026-01-13 13:17:29.508152,2026-01-13 13:17:29.508156,f
14943,동계면,5277032000,전북특별자치도,2026-01-13 13:17:29.515799,2026-01-13 13:17:29.515803,f
14944,현포리,5277032021,전북특별자치도,2026-01-13 13:17:29.52048,2026-01-13 13:17:29.520482,f
14945,서호리,5277032022,전북특별자치도,2026-01-13 13:17:29.526144,2026-01-13 13:17:29.526149,f
14946,어치리,5277032023,전북특별자치도,2026-01-13 13:17:29.531994,2026-01-13 13:17:29.532,f
14947,구미리,5277032024,전북특별자치도,2026-01-13 13:17:29.537738,2026-01-13 13:17:29.53774,f
14948,동심리,5277032025,전북특별자치도,2026-01-13 13:17:29.541895,2026-01-13 13:17:29.541898,f
14949,관전리,5277032026,전북특별자치도,2026-01-13 13:17:29.546577,2026-01-13 13:17:29.54658,f
14950,신흥리,5277032027,전북특별자치도,2026-01-13 13:17:29.552192,2026-01-13 13:17:29.552198,f
14951,유산리,5277032028,전북특별자치도,2026-01-13 13:17:29.560592,2026-01-13 13:17:29.560604,f
14952,이동리,5277032029,전북특별자치도,2026-01-13 13:17:29.565356,2026-01-13 13:17:29.565359,f
14953,수정리,5277032030,전북특별자치도,2026-01-13 13:17:29.569909,2026-01-13 13:17:29.569912,f
14954,주월리,5277032031,전북특별자치도,2026-01-13 13:17:29.575029,2026-01-13 13:17:29.575035,f
14955,내령리,5277032032,전북특별자치도,2026-01-13 13:17:29.582819,2026-01-13 13:17:29.58282,f
14956,수장리,5277032033,전북특별자치도,2026-01-13 13:17:29.586859,2026-01-13 13:17:29.586861,f
14957,풍산면,5277033000,전북특별자치도,2026-01-13 13:17:29.591734,2026-01-13 13:17:29.591738,f
14958,반월리,5277033021,전북특별자치도,2026-01-13 13:17:29.596478,2026-01-13 13:17:29.596482,f
14959,유정리,5277033022,전북특별자치도,2026-01-13 13:17:29.600961,2026-01-13 13:17:29.600965,f
14960,삼촌리,5277033023,전북특별자치도,2026-01-13 13:17:29.607583,2026-01-13 13:17:29.607585,f
14961,금곡리,5277033024,전북특별자치도,2026-01-13 13:17:29.612058,2026-01-13 13:17:29.612061,f
14962,죽전리,5277033025,전북특별자치도,2026-01-13 13:17:29.61631,2026-01-13 13:17:29.616312,f
14963,우곡리,5277033026,전북특별자치도,2026-01-13 13:17:29.620419,2026-01-13 13:17:29.620421,f
14964,한내리,5277033027,전북특별자치도,2026-01-13 13:17:29.624392,2026-01-13 13:17:29.624393,f
14965,대가리,5277033028,전북특별자치도,2026-01-13 13:17:29.630715,2026-01-13 13:17:29.630719,f
14966,두승리,5277033029,전북특별자치도,2026-01-13 13:17:29.635233,2026-01-13 13:17:29.635234,f
14967,상촌리,5277033030,전북특별자치도,2026-01-13 13:17:29.639314,2026-01-13 13:17:29.639316,f
14968,용내리,5277033031,전북특별자치도,2026-01-13 13:17:29.644724,2026-01-13 13:17:29.644726,f
14969,죽곡리,5277033032,전북특별자치도,2026-01-13 13:17:29.65171,2026-01-13 13:17:29.651712,f
14970,금과면,5277034000,전북특별자치도,2026-01-13 13:17:29.656124,2026-01-13 13:17:29.656126,f
14971,수양리,5277034021,전북특별자치도,2026-01-13 13:17:29.661238,2026-01-13 13:17:29.661242,f
14972,발산리,5277034022,전북특별자치도,2026-01-13 13:17:29.666117,2026-01-13 13:17:29.666119,f
14973,내동리,5277034023,전북특별자치도,2026-01-13 13:17:29.672267,2026-01-13 13:17:29.672269,f
14974,동전리,5277034024,전북특별자치도,2026-01-13 13:17:29.676634,2026-01-13 13:17:29.676637,f
14975,대성리,5277034025,전북특별자치도,2026-01-13 13:17:29.68174,2026-01-13 13:17:29.681746,f
14976,청용리,5277034026,전북특별자치도,2026-01-13 13:17:29.688197,2026-01-13 13:17:29.6882,f
14977,방성리,5277034027,전북특별자치도,2026-01-13 13:17:29.694547,2026-01-13 13:17:29.69455,f
14978,남계리,5277034028,전북특별자치도,2026-01-13 13:17:29.698893,2026-01-13 13:17:29.698897,f
14979,목동리,5277034030,전북특별자치도,2026-01-13 13:17:29.703714,2026-01-13 13:17:29.703717,f
14980,방축리,5277034032,전북특별자치도,2026-01-13 13:17:29.708011,2026-01-13 13:17:29.708014,f
14981,백련리,5275039021,전북특별자치도,2026-01-13 13:17:29.712774,2026-01-13 13:17:29.712777,f
14982,부흥리,5275039022,전북특별자치도,2026-01-13 13:17:29.717152,2026-01-13 13:17:29.717155,f
14983,갈담리,5275039023,전북특별자치도,2026-01-13 13:17:29.721876,2026-01-13 13:17:29.721879,f
14984,회진리,5275039024,전북특별자치도,2026-01-13 13:17:29.728534,2026-01-13 13:17:29.728537,f
14985,용수리,5275039025,전북특별자치도,2026-01-13 13:17:29.73455,2026-01-13 13:17:29.734554,f
14986,옥정리,5275039026,전북특별자치도,2026-01-13 13:17:29.740102,2026-01-13 13:17:29.740104,f
14987,문방리,5275039027,전북특별자치도,2026-01-13 13:17:29.745497,2026-01-13 13:17:29.7455,f
14988,필봉리,5275039028,전북특별자치도,2026-01-13 13:17:29.750456,2026-01-13 13:17:29.750459,f
14989,학석리,5275039029,전북특별자치도,2026-01-13 13:17:29.754927,2026-01-13 13:17:29.75493,f
14990,방현리,5275039030,전북특별자치도,2026-01-13 13:17:29.759865,2026-01-13 13:17:29.759868,f
14991,덕치면,5275040000,전북특별자치도,2026-01-13 13:17:29.765156,2026-01-13 13:17:29.76516,f
14992,두지리,5275040021,전북특별자치도,2026-01-13 13:17:29.772381,2026-01-13 13:17:29.772384,f
14993,사곡리,5275040022,전북특별자치도,2026-01-13 13:17:29.776844,2026-01-13 13:17:29.776846,f
14994,가곡리,5275040023,전북특별자치도,2026-01-13 13:17:29.781089,2026-01-13 13:17:29.781092,f
14995,천담리,5275040024,전북특별자치도,2026-01-13 13:17:29.786092,2026-01-13 13:17:29.786095,f
14996,장암리,5275040025,전북특별자치도,2026-01-13 13:17:29.792091,2026-01-13 13:17:29.792096,f
14997,일중리,5275040026,전북특별자치도,2026-01-13 13:17:29.79952,2026-01-13 13:17:29.799523,f
14998,물우리,5275040027,전북특별자치도,2026-01-13 13:17:29.803514,2026-01-13 13:17:29.803518,f
14999,회문리,5275040028,전북특별자치도,2026-01-13 13:17:29.807984,2026-01-13 13:17:29.807988,f
15000,지사면,5275041000,전북특별자치도,2026-01-13 13:17:29.816245,2026-01-13 13:17:29.816252,f
15001,관기리,5275041021,전북특별자치도,2026-01-13 13:17:29.822307,2026-01-13 13:17:29.822309,f
15002,원산리,5275041022,전북특별자치도,2026-01-13 13:17:29.829663,2026-01-13 13:17:29.829667,f
15003,안하리,5275041023,전북특별자치도,2026-01-13 13:17:29.838439,2026-01-13 13:17:29.838441,f
15004,금평리,5275041024,전북특별자치도,2026-01-13 13:17:29.843262,2026-01-13 13:17:29.843264,f
15005,영천리,5275041025,전북특별자치도,2026-01-13 13:17:29.848532,2026-01-13 13:17:29.848537,f
15006,방계리,5275041026,전북특별자치도,2026-01-13 13:17:29.855354,2026-01-13 13:17:29.855356,f
15007,계산리,5275041027,전북특별자치도,2026-01-13 13:17:29.859976,2026-01-13 13:17:29.859977,f
15008,순창군,5277000000,전북특별자치도,2026-01-13 13:17:29.863831,2026-01-13 13:17:29.863833,f
15009,순창읍,5277025000,전북특별자치도,2026-01-13 13:17:29.868215,2026-01-13 13:17:29.868218,f
15010,순화리,5277025021,전북특별자치도,2026-01-13 13:17:29.873741,2026-01-13 13:17:29.873744,f
15011,남계리,5277025022,전북특별자치도,2026-01-13 13:17:29.8779,2026-01-13 13:17:29.877902,f
15012,장덕리,5277025023,전북특별자치도,2026-01-13 13:17:29.88311,2026-01-13 13:17:29.883111,f
15013,복실리,5277025024,전북특별자치도,2026-01-13 13:17:29.888178,2026-01-13 13:17:29.88818,f
15014,백산리,5277025025,전북특별자치도,2026-01-13 13:17:29.892272,2026-01-13 13:17:29.892274,f
15015,교성리,5277025026,전북특별자치도,2026-01-13 13:17:29.896465,2026-01-13 13:17:29.896467,f
15016,가남리,5277025027,전북특별자치도,2026-01-13 13:17:29.900654,2026-01-13 13:17:29.900656,f
15017,신남리,5277025028,전북특별자치도,2026-01-13 13:17:29.90579,2026-01-13 13:17:29.905791,f
15018,인계면,5277031000,전북특별자치도,2026-01-13 13:17:29.910822,2026-01-13 13:17:29.910823,f
15019,갑동리,5277031021,전북특별자치도,2026-01-13 13:17:29.916217,2026-01-13 13:17:29.916219,f
15020,도룡리,5277031022,전북특별자치도,2026-01-13 13:17:29.921545,2026-01-13 13:17:29.921548,f
15021,쌍암리,5277031023,전북특별자치도,2026-01-13 13:17:29.928725,2026-01-13 13:17:29.928727,f
15022,탑리,5277031024,전북특별자치도,2026-01-13 13:17:29.93276,2026-01-13 13:17:29.932762,f
15023,심초리,5277031025,전북특별자치도,2026-01-13 13:17:29.936541,2026-01-13 13:17:29.936543,f
15024,세룡리,5277031026,전북특별자치도,2026-01-13 13:17:29.940177,2026-01-13 13:17:29.940179,f
15025,마흘리,5277031027,전북특별자치도,2026-01-13 13:17:29.944232,2026-01-13 13:17:29.944234,f
15026,가성리,5277031028,전북특별자치도,2026-01-13 13:17:29.94924,2026-01-13 13:17:29.949242,f
15027,오암리,5275035531,전북특별자치도,2026-01-13 13:17:29.955205,2026-01-13 13:17:29.955207,f
15028,봉천리,5275035532,전북특별자치도,2026-01-13 13:17:29.959816,2026-01-13 13:17:29.959819,f
15029,군평리,5275035533,전북특별자치도,2026-01-13 13:17:29.965787,2026-01-13 13:17:29.965791,f
15030,금암리,5275035534,전북특별자치도,2026-01-13 13:17:29.970504,2026-01-13 13:17:29.970507,f
15031,신덕면,5275036000,전북특별자치도,2026-01-13 13:17:29.976083,2026-01-13 13:17:29.976085,f
15032,수천리,5275036021,전북특별자치도,2026-01-13 13:17:29.980117,2026-01-13 13:17:29.980121,f
15033,삼길리,5275036022,전북특별자치도,2026-01-13 13:17:29.984334,2026-01-13 13:17:29.984336,f
15034,신흥리,5275036023,전북특별자치도,2026-01-13 13:17:29.991537,2026-01-13 13:17:29.991541,f
15035,신덕리,5275036024,전북특별자치도,2026-01-13 13:17:30.00161,2026-01-13 13:17:30.001614,f
15036,조월리,5275036025,전북특별자치도,2026-01-13 13:17:30.006404,2026-01-13 13:17:30.006406,f
15037,월성리,5275036026,전북특별자치도,2026-01-13 13:17:30.010917,2026-01-13 13:17:30.01092,f
15038,지장리,5275036027,전북특별자치도,2026-01-13 13:17:30.016152,2026-01-13 13:17:30.016154,f
15039,금정리,5275036028,전북특별자치도,2026-01-13 13:17:30.021656,2026-01-13 13:17:30.021658,f
15040,오궁리,5275036029,전북특별자치도,2026-01-13 13:17:30.027918,2026-01-13 13:17:30.027922,f
15041,삼계면,5275037000,전북특별자치도,2026-01-13 13:17:30.033385,2026-01-13 13:17:30.033387,f
15042,후천리,5275037021,전북특별자치도,2026-01-13 13:17:30.038248,2026-01-13 13:17:30.03825,f
15043,봉현리,5275037022,전북특별자치도,2026-01-13 13:17:30.044797,2026-01-13 13:17:30.044799,f
15044,세심리,5275037023,전북특별자치도,2026-01-13 13:17:30.050116,2026-01-13 13:17:30.050119,f
15045,학정리,5275037024,전북특별자치도,2026-01-13 13:17:30.055392,2026-01-13 13:17:30.055394,f
15046,죽계리,5275037025,전북특별자치도,2026-01-13 13:17:30.059889,2026-01-13 13:17:30.059891,f
15047,홍곡리,5275037026,전북특별자치도,2026-01-13 13:17:30.067522,2026-01-13 13:17:30.067524,f
15048,산수리,5275037027,전북특별자치도,2026-01-13 13:17:30.075839,2026-01-13 13:17:30.075844,f
15049,삼계리,5275037028,전북특별자치도,2026-01-13 13:17:30.085963,2026-01-13 13:17:30.085968,f
15050,오지리,5275037031,전북특별자치도,2026-01-13 13:17:30.094867,2026-01-13 13:17:30.09487,f
15051,덕계리,5275037032,전북특별자치도,2026-01-13 13:17:30.09957,2026-01-13 13:17:30.099572,f
15052,두월리,5275037033,전북특별자치도,2026-01-13 13:17:30.104531,2026-01-13 13:17:30.104533,f
15053,뇌천리,5275037034,전북특별자치도,2026-01-13 13:17:30.109516,2026-01-13 13:17:30.109519,f
15054,삼은리,5275037035,전북특별자치도,2026-01-13 13:17:30.115858,2026-01-13 13:17:30.115863,f
15055,어은리,5275037036,전북특별자치도,2026-01-13 13:17:30.121814,2026-01-13 13:17:30.121818,f
15056,관촌면,5275038000,전북특별자치도,2026-01-13 13:17:30.129206,2026-01-13 13:17:30.12921,f
15057,용산리,5275038022,전북특별자치도,2026-01-13 13:17:30.136067,2026-01-13 13:17:30.136072,f
15058,도봉리,5275038023,전북특별자치도,2026-01-13 13:17:30.140858,2026-01-13 13:17:30.140861,f
15059,병암리,5275038024,전북특별자치도,2026-01-13 13:17:30.146962,2026-01-13 13:17:30.146966,f
15060,덕천리,5275038025,전북특별자치도,2026-01-13 13:17:30.1568,2026-01-13 13:17:30.156808,f
15061,관촌리,5275038026,전북특별자치도,2026-01-13 13:17:30.162278,2026-01-13 13:17:30.16228,f
15062,슬치리,5275038027,전북특별자치도,2026-01-13 13:17:30.166411,2026-01-13 13:17:30.166413,f
15063,방현리,5275038028,전북특별자치도,2026-01-13 13:17:30.17226,2026-01-13 13:17:30.172262,f
15064,신전리,5275038029,전북특별자치도,2026-01-13 13:17:30.177959,2026-01-13 13:17:30.177961,f
15065,상월리,5275038030,전북특별자치도,2026-01-13 13:17:30.184367,2026-01-13 13:17:30.18437,f
15066,회봉리,5275038031,전북특별자치도,2026-01-13 13:17:30.188762,2026-01-13 13:17:30.188763,f
15067,방수리,5275038032,전북특별자치도,2026-01-13 13:17:30.196111,2026-01-13 13:17:30.196114,f
15068,복흥리,5275038033,전북특별자치도,2026-01-13 13:17:30.200985,2026-01-13 13:17:30.200987,f
15069,운수리,5275038034,전북특별자치도,2026-01-13 13:17:30.207457,2026-01-13 13:17:30.207459,f
15070,강진면,5275039000,전북특별자치도,2026-01-13 13:17:30.212476,2026-01-13 13:17:30.21248,f
15071,선거리,5275032022,전북특별자치도,2026-01-13 13:17:30.217655,2026-01-13 13:17:30.217657,f
15072,월면리,5275032023,전북특별자치도,2026-01-13 13:17:30.221856,2026-01-13 13:17:30.221857,f
15073,지천리,5275032024,전북특별자치도,2026-01-13 13:17:30.22626,2026-01-13 13:17:30.226262,f
15074,사양리,5275032025,전북특별자치도,2026-01-13 13:17:30.230111,2026-01-13 13:17:30.230113,f
15075,쌍암리,5275032026,전북특별자치도,2026-01-13 13:17:30.234627,2026-01-13 13:17:30.234629,f
15076,입석리,5275032027,전북특별자치도,2026-01-13 13:17:30.239247,2026-01-13 13:17:30.239249,f
15077,용운리,5275032028,전북특별자치도,2026-01-13 13:17:30.243818,2026-01-13 13:17:30.24382,f
15078,청운리,5275032029,전북특별자치도,2026-01-13 13:17:30.249468,2026-01-13 13:17:30.249471,f
15079,마암리,5275032030,전북특별자치도,2026-01-13 13:17:30.255176,2026-01-13 13:17:30.25518,f
15080,운종리,5275032031,전북특별자치도,2026-01-13 13:17:30.260067,2026-01-13 13:17:30.26007,f
15081,운암리,5275032032,전북특별자치도,2026-01-13 13:17:30.264112,2026-01-13 13:17:30.264114,f
15082,금기리,5275032033,전북특별자치도,2026-01-13 13:17:30.267809,2026-01-13 13:17:30.267812,f
15083,운정리,5275032034,전북특별자치도,2026-01-13 13:17:30.27171,2026-01-13 13:17:30.271712,f
15084,신평면,5275033000,전북특별자치도,2026-01-13 13:17:30.276873,2026-01-13 13:17:30.276876,f
15085,창인리,5275033021,전북특별자치도,2026-01-13 13:17:30.281489,2026-01-13 13:17:30.281491,f
15086,대리,5275033022,전북특별자치도,2026-01-13 13:17:30.286632,2026-01-13 13:17:30.286636,f
15087,호암리,5275033023,전북특별자치도,2026-01-13 13:17:30.292225,2026-01-13 13:17:30.292229,f
15088,원천리,5275033024,전북특별자치도,2026-01-13 13:17:30.30063,2026-01-13 13:17:30.300632,f
15089,가덕리,5275033025,전북특별자치도,2026-01-13 13:17:30.304856,2026-01-13 13:17:30.304858,f
15090,덕암리,5275033026,전북특별자치도,2026-01-13 13:17:30.309614,2026-01-13 13:17:30.309622,f
15091,용암리,5275033027,전북특별자치도,2026-01-13 13:17:30.314017,2026-01-13 13:17:30.314021,f
15092,성수면,5275034000,전북특별자치도,2026-01-13 13:17:30.322289,2026-01-13 13:17:30.322291,f
15093,도인리,5275034021,전북특별자치도,2026-01-13 13:17:30.326295,2026-01-13 13:17:30.326297,f
15094,양지리,5275034022,전북특별자치도,2026-01-13 13:17:30.33011,2026-01-13 13:17:30.330113,f
15095,삼봉리,5275034023,전북특별자치도,2026-01-13 13:17:30.334794,2026-01-13 13:17:30.334797,f
15096,태평리,5275034024,전북특별자치도,2026-01-13 13:17:30.339352,2026-01-13 13:17:30.339355,f
15097,성수리,5275034025,전북특별자치도,2026-01-13 13:17:30.345014,2026-01-13 13:17:30.345016,f
15098,왕방리,5275034026,전북특별자치도,2026-01-13 13:17:30.349106,2026-01-13 13:17:30.349108,f
15099,오봉리,5275034027,전북특별자치도,2026-01-13 13:17:30.353724,2026-01-13 13:17:30.35373,f
15100,삼청리,5275034028,전북특별자치도,2026-01-13 13:17:30.35878,2026-01-13 13:17:30.358782,f
15101,월평리,5275034029,전북특별자치도,2026-01-13 13:17:30.362933,2026-01-13 13:17:30.362935,f
15102,봉강리,5275034030,전북특별자치도,2026-01-13 13:17:30.367782,2026-01-13 13:17:30.367784,f
15103,오류리,5275034031,전북특별자치도,2026-01-13 13:17:30.372206,2026-01-13 13:17:30.372208,f
15104,오수면,5275035500,전북특별자치도,2026-01-13 13:17:30.3776,2026-01-13 13:17:30.377602,f
15105,오수리,5275035521,전북특별자치도,2026-01-13 13:17:30.381673,2026-01-13 13:17:30.381675,f
15106,용정리,5275035522,전북특별자치도,2026-01-13 13:17:30.385556,2026-01-13 13:17:30.385559,f
15107,신기리,5275035523,전북특별자치도,2026-01-13 13:17:30.390499,2026-01-13 13:17:30.390501,f
15108,둔덕리,5275035524,전북특별자치도,2026-01-13 13:17:30.395302,2026-01-13 13:17:30.395304,f
15109,용두리,5275035525,전북특별자치도,2026-01-13 13:17:30.399739,2026-01-13 13:17:30.399742,f
15110,둔기리,5275035526,전북특별자치도,2026-01-13 13:17:30.404507,2026-01-13 13:17:30.40451,f
15111,대정리,5275035527,전북특별자치도,2026-01-13 13:17:30.412691,2026-01-13 13:17:30.412693,f
15112,대명리,5275035528,전북특별자치도,2026-01-13 13:17:30.416897,2026-01-13 13:17:30.416899,f
15113,오산리,5275035529,전북특별자치도,2026-01-13 13:17:30.421465,2026-01-13 13:17:30.421468,f
15114,주천리,5275035530,전북특별자치도,2026-01-13 13:17:30.42619,2026-01-13 13:17:30.426194,f
15115,화양리,5274035022,전북특별자치도,2026-01-13 13:17:30.431743,2026-01-13 13:17:30.431746,f
15116,신전리,5274035023,전북특별자치도,2026-01-13 13:17:30.43863,2026-01-13 13:17:30.438632,f
15117,호덕리,5274035024,전북특별자치도,2026-01-13 13:17:30.444099,2026-01-13 13:17:30.444103,f
15118,화음리,5274035025,전북특별자치도,2026-01-13 13:17:30.452354,2026-01-13 13:17:30.452358,f
15119,가곡리,5274035026,전북특별자치도,2026-01-13 13:17:30.461919,2026-01-13 13:17:30.461923,f
15120,궁양리,5274035027,전북특별자치도,2026-01-13 13:17:30.469474,2026-01-13 13:17:30.469479,f
15121,장안리,5274035028,전북특별자치도,2026-01-13 13:17:30.477468,2026-01-13 13:17:30.477476,f
15122,계북면,5274036000,전북특별자치도,2026-01-13 13:17:30.4845,2026-01-13 13:17:30.484503,f
15123,월현리,5274036021,전북특별자치도,2026-01-13 13:17:30.489523,2026-01-13 13:17:30.489525,f
15124,매계리,5274036022,전북특별자치도,2026-01-13 13:17:30.496036,2026-01-13 13:17:30.496038,f
15125,농소리,5274036023,전북특별자치도,2026-01-13 13:17:30.500933,2026-01-13 13:17:30.500935,f
15126,어전리,5274036024,전북특별자치도,2026-01-13 13:17:30.505182,2026-01-13 13:17:30.505183,f
15127,임평리,5274036025,전북특별자치도,2026-01-13 13:17:30.509348,2026-01-13 13:17:30.50935,f
15128,원촌리,5274036026,전북특별자치도,2026-01-13 13:17:30.514451,2026-01-13 13:17:30.514455,f
15129,양악리,5274036027,전북특별자치도,2026-01-13 13:17:30.518615,2026-01-13 13:17:30.518617,f
15130,임실군,5275000000,전북특별자치도,2026-01-13 13:17:30.522645,2026-01-13 13:17:30.522647,f
15131,임실읍,5275025000,전북특별자치도,2026-01-13 13:17:30.528622,2026-01-13 13:17:30.528624,f
15132,성가리,5275025021,전북특별자치도,2026-01-13 13:17:30.533369,2026-01-13 13:17:30.533372,f
15133,이도리,5275025022,전북특별자치도,2026-01-13 13:17:30.538326,2026-01-13 13:17:30.538328,f
15134,오정리,5275025023,전북특별자치도,2026-01-13 13:17:30.5434,2026-01-13 13:17:30.543403,f
15135,두곡리,5275025024,전북특별자치도,2026-01-13 13:17:30.548158,2026-01-13 13:17:30.548161,f
15136,갈마리,5275025025,전북특별자치도,2026-01-13 13:17:30.552806,2026-01-13 13:17:30.552811,f
15137,감성리,5275025026,전북특별자치도,2026-01-13 13:17:30.563858,2026-01-13 13:17:30.56386,f
15138,대곡리,5275025027,전북특별자치도,2026-01-13 13:17:30.568571,2026-01-13 13:17:30.568573,f
15139,정월리,5275025028,전북특별자치도,2026-01-13 13:17:30.579152,2026-01-13 13:17:30.579155,f
15140,이인리,5275025029,전북특별자치도,2026-01-13 13:17:30.584283,2026-01-13 13:17:30.584286,f
15141,두만리,5275025030,전북특별자치도,2026-01-13 13:17:30.589049,2026-01-13 13:17:30.589051,f
15142,장재리,5275025031,전북특별자치도,2026-01-13 13:17:30.594153,2026-01-13 13:17:30.594157,f
15143,신안리,5275025032,전북특별자치도,2026-01-13 13:17:30.598515,2026-01-13 13:17:30.598517,f
15144,현곡리,5275025033,전북특별자치도,2026-01-13 13:17:30.602342,2026-01-13 13:17:30.602344,f
15145,금성리,5275025034,전북특별자치도,2026-01-13 13:17:30.606826,2026-01-13 13:17:30.606829,f
15146,신정리,5275025035,전북특별자치도,2026-01-13 13:17:30.611143,2026-01-13 13:17:30.611147,f
15147,망전리,5275025036,전북특별자치도,2026-01-13 13:17:30.615824,2026-01-13 13:17:30.615826,f
15148,청웅면,5275031000,전북특별자치도,2026-01-13 13:17:30.62147,2026-01-13 13:17:30.621473,f
15149,두복리,5275031021,전북특별자치도,2026-01-13 13:17:30.625619,2026-01-13 13:17:30.625623,f
15150,구고리,5275031022,전북특별자치도,2026-01-13 13:17:30.630156,2026-01-13 13:17:30.63016,f
15151,향교리,5275031023,전북특별자치도,2026-01-13 13:17:30.635316,2026-01-13 13:17:30.635322,f
15152,옥전리,5275031024,전북특별자치도,2026-01-13 13:17:30.644055,2026-01-13 13:17:30.644058,f
15153,석두리,5275031025,전북특별자치도,2026-01-13 13:17:30.649502,2026-01-13 13:17:30.649505,f
15154,청계리,5275031026,전북특별자치도,2026-01-13 13:17:30.655787,2026-01-13 13:17:30.655791,f
15155,남산리,5275031027,전북특별자치도,2026-01-13 13:17:30.660396,2026-01-13 13:17:30.660399,f
15156,옥석리,5275031028,전북특별자치도,2026-01-13 13:17:30.66718,2026-01-13 13:17:30.667182,f
15157,운암면,5275032000,전북특별자치도,2026-01-13 13:17:30.671672,2026-01-13 13:17:30.671675,f
15158,학암리,5275032021,전북특별자치도,2026-01-13 13:17:30.676875,2026-01-13 13:17:30.676877,f
15159,봉서리,5274031024,전북특별자치도,2026-01-13 13:17:30.680991,2026-01-13 13:17:30.680994,f
15160,하월리,5274031025,전북특별자치도,2026-01-13 13:17:30.691997,2026-01-13 13:17:30.692002,f
15161,사상리,5274031026,전북특별자치도,2026-01-13 13:17:30.700474,2026-01-13 13:17:30.700479,f
15162,이룡리,5274031027,전북특별자치도,2026-01-13 13:17:30.706479,2026-01-13 13:17:30.706481,f
15163,신창리,5274031028,전북특별자치도,2026-01-13 13:17:30.712947,2026-01-13 13:17:30.712949,f
15164,오산리,5274031029,전북특별자치도,2026-01-13 13:17:30.717549,2026-01-13 13:17:30.717551,f
15165,건지리,5274031030,전북특별자치도,2026-01-13 13:17:30.721694,2026-01-13 13:17:30.721696,f
15166,마하리,5274031031,전북특별자치도,2026-01-13 13:17:30.72666,2026-01-13 13:17:30.726662,f
15167,백운리,5274031032,전북특별자치도,2026-01-13 13:17:30.731272,2026-01-13 13:17:30.731276,f
15168,학선리,5274031033,전북특별자치도,2026-01-13 13:17:30.735763,2026-01-13 13:17:30.735766,f
15169,동화리,5274031034,전북특별자치도,2026-01-13 13:17:30.73989,2026-01-13 13:17:30.739892,f
15170,번암면,5274032000,전북특별자치도,2026-01-13 13:17:30.744171,2026-01-13 13:17:30.744174,f
15171,교동리,5274032021,전북특별자치도,2026-01-13 13:17:30.748412,2026-01-13 13:17:30.748413,f
15172,국포리,5274032022,전북특별자치도,2026-01-13 13:17:30.752204,2026-01-13 13:17:30.752206,f
15173,죽산리,5274032023,전북특별자치도,2026-01-13 13:17:30.758849,2026-01-13 13:17:30.758852,f
15174,사암리,5274032024,전북특별자치도,2026-01-13 13:17:30.76291,2026-01-13 13:17:30.762913,f
15175,지지리,5274032025,전북특별자치도,2026-01-13 13:17:30.768835,2026-01-13 13:17:30.768839,f
15176,동화리,5274032026,전북특별자치도,2026-01-13 13:17:30.773765,2026-01-13 13:17:30.773768,f
15177,죽림리,5274032027,전북특별자치도,2026-01-13 13:17:30.778192,2026-01-13 13:17:30.778194,f
15178,노단리,5274032028,전북특별자치도,2026-01-13 13:17:30.782488,2026-01-13 13:17:30.78249,f
15179,논곡리,5274032029,전북특별자치도,2026-01-13 13:17:30.786858,2026-01-13 13:17:30.786861,f
15180,대론리,5274032030,전북특별자치도,2026-01-13 13:17:30.791141,2026-01-13 13:17:30.791145,f
15181,유정리,5274032031,전북특별자치도,2026-01-13 13:17:30.796017,2026-01-13 13:17:30.796019,f
15182,장계면,5274033500,전북특별자치도,2026-01-13 13:17:30.800177,2026-01-13 13:17:30.800179,f
15183,장계리,5274033521,전북특별자치도,2026-01-13 13:17:30.805621,2026-01-13 13:17:30.805624,f
15184,금곡리,5274033522,전북특별자치도,2026-01-13 13:17:30.810789,2026-01-13 13:17:30.810793,f
15185,무농리,5274033523,전북특별자치도,2026-01-13 13:17:30.815462,2026-01-13 13:17:30.815465,f
15186,금덕리,5274033524,전북특별자치도,2026-01-13 13:17:30.819402,2026-01-13 13:17:30.819404,f
15187,송천리,5274033525,전북특별자치도,2026-01-13 13:17:30.824223,2026-01-13 13:17:30.824226,f
15188,월강리,5274033526,전북특별자치도,2026-01-13 13:17:30.829628,2026-01-13 13:17:30.82963,f
15189,삼봉리,5274033527,전북특별자치도,2026-01-13 13:17:30.834866,2026-01-13 13:17:30.834869,f
15190,명덕리,5274033528,전북특별자치도,2026-01-13 13:17:30.839168,2026-01-13 13:17:30.839169,f
15191,오동리,5274033529,전북특별자치도,2026-01-13 13:17:30.843039,2026-01-13 13:17:30.843042,f
15192,대곡리,5274033530,전북특별자치도,2026-01-13 13:17:30.847002,2026-01-13 13:17:30.847005,f
15193,천천면,5274034000,전북특별자치도,2026-01-13 13:17:30.85222,2026-01-13 13:17:30.852223,f
15194,장판리,5274034021,전북특별자치도,2026-01-13 13:17:30.857406,2026-01-13 13:17:30.857409,f
15195,월곡리,5274034022,전북특별자치도,2026-01-13 13:17:30.86168,2026-01-13 13:17:30.861682,f
15196,남양리,5274034024,전북특별자치도,2026-01-13 13:17:30.865665,2026-01-13 13:17:30.865668,f
15197,삼고리,5274034025,전북특별자치도,2026-01-13 13:17:30.869526,2026-01-13 13:17:30.869527,f
15198,봉덕리,5274034026,전북특별자치도,2026-01-13 13:17:30.875013,2026-01-13 13:17:30.875017,f
15199,춘송리,5274034027,전북특별자치도,2026-01-13 13:17:30.879697,2026-01-13 13:17:30.879699,f
15200,용광리,5274034028,전북특별자치도,2026-01-13 13:17:30.884079,2026-01-13 13:17:30.884081,f
15201,오봉리,5274034029,전북특별자치도,2026-01-13 13:17:30.888896,2026-01-13 13:17:30.888899,f
15202,연평리,5274034030,전북특별자치도,2026-01-13 13:17:30.89635,2026-01-13 13:17:30.896352,f
15203,비룡리,5274034031,전북특별자치도,2026-01-13 13:17:30.900615,2026-01-13 13:17:30.900618,f
15204,계남면,5274035000,전북특별자치도,2026-01-13 13:17:30.905015,2026-01-13 13:17:30.905017,f
15205,침곡리,5274035021,전북특별자치도,2026-01-13 13:17:30.909508,2026-01-13 13:17:30.90951,f
15206,길산리,5273032022,전북특별자치도,2026-01-13 13:17:30.917404,2026-01-13 13:17:30.917411,f
15207,청량리,5273032023,전북특별자치도,2026-01-13 13:17:30.923822,2026-01-13 13:17:30.923825,f
15208,소천리,5273032024,전북특별자치도,2026-01-13 13:17:30.928753,2026-01-13 13:17:30.928755,f
15209,대불리,5273032025,전북특별자치도,2026-01-13 13:17:30.933577,2026-01-13 13:17:30.93358,f
15210,미천리,5273032026,전북특별자치도,2026-01-13 13:17:30.940173,2026-01-13 13:17:30.940175,f
15211,장덕리,5273032027,전북특별자치도,2026-01-13 13:17:30.94451,2026-01-13 13:17:30.944512,f
15212,두길리,5273032028,전북특별자치도,2026-01-13 13:17:30.949261,2026-01-13 13:17:30.949263,f
15213,심곡리,5273032029,전북특별자치도,2026-01-13 13:17:30.954009,2026-01-13 13:17:30.954012,f
15214,삼공리,5273032030,전북특별자치도,2026-01-13 13:17:30.962025,2026-01-13 13:17:30.962028,f
15215,적상면,5273033000,전북특별자치도,2026-01-13 13:17:30.967224,2026-01-13 13:17:30.967231,f
15216,사산리,5273033021,전북특별자치도,2026-01-13 13:17:30.972339,2026-01-13 13:17:30.972376,f
15217,사천리,5273033022,전북특별자치도,2026-01-13 13:17:30.977378,2026-01-13 13:17:30.97738,f
15218,삼가리,5273033023,전북특별자치도,2026-01-13 13:17:30.981631,2026-01-13 13:17:30.981633,f
15219,삼유리,5273033024,전북특별자치도,2026-01-13 13:17:30.985483,2026-01-13 13:17:30.985485,f
15220,방이리,5273033025,전북특별자치도,2026-01-13 13:17:30.990228,2026-01-13 13:17:30.99023,f
15221,북창리,5273033026,전북특별자치도,2026-01-13 13:17:30.997336,2026-01-13 13:17:30.997341,f
15222,포내리,5273033027,전북특별자치도,2026-01-13 13:17:31.003784,2026-01-13 13:17:31.003789,f
15223,괴목리,5273033028,전북특별자치도,2026-01-13 13:17:31.010857,2026-01-13 13:17:31.010859,f
15224,안성면,5273034000,전북특별자치도,2026-01-13 13:17:31.017356,2026-01-13 13:17:31.017358,f
15225,장기리,5273034021,전북특별자치도,2026-01-13 13:17:31.022675,2026-01-13 13:17:31.022678,f
15226,공진리,5273034022,전북특별자치도,2026-01-13 13:17:31.027892,2026-01-13 13:17:31.027895,f
15227,죽천리,5273034023,전북특별자치도,2026-01-13 13:17:31.033418,2026-01-13 13:17:31.03342,f
15228,공정리,5273034024,전북특별자치도,2026-01-13 13:17:31.038628,2026-01-13 13:17:31.038631,f
15229,덕산리,5273034025,전북특별자치도,2026-01-13 13:17:31.043474,2026-01-13 13:17:31.043476,f
15230,금평리,5273034026,전북특별자치도,2026-01-13 13:17:31.048609,2026-01-13 13:17:31.048614,f
15231,사전리,5273034027,전북특별자치도,2026-01-13 13:17:31.053487,2026-01-13 13:17:31.053492,f
15232,진도리,5273034028,전북특별자치도,2026-01-13 13:17:31.057775,2026-01-13 13:17:31.057777,f
15233,부남면,5273035000,전북특별자치도,2026-01-13 13:17:31.062049,2026-01-13 13:17:31.06205,f
15234,대유리,5273035021,전북특별자치도,2026-01-13 13:17:31.066021,2026-01-13 13:17:31.066023,f
15235,대소리,5273035022,전북특별자치도,2026-01-13 13:17:31.070529,2026-01-13 13:17:31.070532,f
15236,고창리,5273035023,전북특별자치도,2026-01-13 13:17:31.07537,2026-01-13 13:17:31.075373,f
15237,장안리,5273035024,전북특별자치도,2026-01-13 13:17:31.079461,2026-01-13 13:17:31.079463,f
15238,굴암리,5273035025,전북특별자치도,2026-01-13 13:17:31.083388,2026-01-13 13:17:31.08339,f
15239,가당리,5273035026,전북특별자치도,2026-01-13 13:17:31.088888,2026-01-13 13:17:31.088891,f
15240,장수군,5274000000,전북특별자치도,2026-01-13 13:17:31.093504,2026-01-13 13:17:31.093506,f
15241,장수읍,5274025000,전북특별자치도,2026-01-13 13:17:31.09794,2026-01-13 13:17:31.097943,f
15242,장수리,5274025021,전북특별자치도,2026-01-13 13:17:31.101787,2026-01-13 13:17:31.101788,f
15243,노하리,5274025022,전북특별자치도,2026-01-13 13:17:31.106596,2026-01-13 13:17:31.106597,f
15244,선창리,5274025023,전북특별자치도,2026-01-13 13:17:31.111267,2026-01-13 13:17:31.11127,f
15245,노곡리,5274025024,전북특별자치도,2026-01-13 13:17:31.116536,2026-01-13 13:17:31.116539,f
15246,동촌리,5274025025,전북특별자치도,2026-01-13 13:17:31.120816,2026-01-13 13:17:31.120817,f
15247,덕산리,5274025026,전북특별자치도,2026-01-13 13:17:31.125314,2026-01-13 13:17:31.125318,f
15248,두산리,5274025027,전북특별자치도,2026-01-13 13:17:31.130342,2026-01-13 13:17:31.130345,f
15249,개정리,5274025028,전북특별자치도,2026-01-13 13:17:31.138544,2026-01-13 13:17:31.138548,f
15250,수분리,5274025029,전북특별자치도,2026-01-13 13:17:31.143516,2026-01-13 13:17:31.143518,f
15251,송천리,5274025030,전북특별자치도,2026-01-13 13:17:31.149061,2026-01-13 13:17:31.149066,f
15252,용계리,5274025031,전북특별자치도,2026-01-13 13:17:31.159404,2026-01-13 13:17:31.159409,f
15253,대성리,5274025032,전북특별자치도,2026-01-13 13:17:31.16665,2026-01-13 13:17:31.166654,f
15254,식천리,5274025033,전북특별자치도,2026-01-13 13:17:31.172363,2026-01-13 13:17:31.172367,f
15255,산서면,5274031000,전북특별자치도,2026-01-13 13:17:31.177706,2026-01-13 13:17:31.177709,f
15256,오성리,5274031021,전북특별자치도,2026-01-13 13:17:31.182463,2026-01-13 13:17:31.182465,f
15257,쌍계리,5274031022,전북특별자치도,2026-01-13 13:17:31.18665,2026-01-13 13:17:31.186652,f
15258,사계리,5274031023,전북특별자치도,2026-01-13 13:17:31.19071,2026-01-13 13:17:31.190712,f
15259,강정리,5272037025,전북특별자치도,2026-01-13 13:17:31.195576,2026-01-13 13:17:31.195585,f
15260,부귀면,5272038000,전북특별자치도,2026-01-13 13:17:31.200173,2026-01-13 13:17:31.200175,f
15261,거석리,5272038021,전북특별자치도,2026-01-13 13:17:31.204918,2026-01-13 13:17:31.204921,f
15262,오룡리,5272038022,전북특별자치도,2026-01-13 13:17:31.209463,2026-01-13 13:17:31.209465,f
15263,세동리,5272038023,전북특별자치도,2026-01-13 13:17:31.213771,2026-01-13 13:17:31.213773,f
15264,신정리,5272038024,전북특별자치도,2026-01-13 13:17:31.218057,2026-01-13 13:17:31.218059,f
15265,수항리,5272038025,전북특별자치도,2026-01-13 13:17:31.222405,2026-01-13 13:17:31.222408,f
15266,두남리,5272038026,전북특별자치도,2026-01-13 13:17:31.226494,2026-01-13 13:17:31.226495,f
15267,황금리,5272038027,전북특별자치도,2026-01-13 13:17:31.23014,2026-01-13 13:17:31.230142,f
15268,궁항리,5272038028,전북특별자치도,2026-01-13 13:17:31.234462,2026-01-13 13:17:31.234464,f
15269,봉암리,5272038029,전북특별자치도,2026-01-13 13:17:31.239312,2026-01-13 13:17:31.239314,f
15270,정천면,5272039000,전북특별자치도,2026-01-13 13:17:31.243446,2026-01-13 13:17:31.243448,f
15271,봉학리,5272039021,전북특별자치도,2026-01-13 13:17:31.247502,2026-01-13 13:17:31.247504,f
15272,갈용리,5272039022,전북특별자치도,2026-01-13 13:17:31.251855,2026-01-13 13:17:31.251858,f
15273,모정리,5272039023,전북특별자치도,2026-01-13 13:17:31.257134,2026-01-13 13:17:31.257136,f
15274,망화리,5272039024,전북특별자치도,2026-01-13 13:17:31.26188,2026-01-13 13:17:31.261882,f
15275,월평리,5272039025,전북특별자치도,2026-01-13 13:17:31.266264,2026-01-13 13:17:31.266266,f
15276,주천면,5272040000,전북특별자치도,2026-01-13 13:17:31.270383,2026-01-13 13:17:31.270385,f
15277,주양리,5272040021,전북특별자치도,2026-01-13 13:17:31.275528,2026-01-13 13:17:31.275534,f
15278,대불리,5272040022,전북특별자치도,2026-01-13 13:17:31.279917,2026-01-13 13:17:31.279919,f
15279,운봉리,5272040023,전북특별자치도,2026-01-13 13:17:31.284515,2026-01-13 13:17:31.284518,f
15280,신양리,5272040024,전북특별자치도,2026-01-13 13:17:31.289222,2026-01-13 13:17:31.289224,f
15281,용덕리,5272040025,전북특별자치도,2026-01-13 13:17:31.294932,2026-01-13 13:17:31.294934,f
15282,무릉리,5272040026,전북특별자치도,2026-01-13 13:17:31.299106,2026-01-13 13:17:31.299108,f
15283,무주군,5273000000,전북특별자치도,2026-01-13 13:17:31.3033,2026-01-13 13:17:31.303302,f
15284,무주읍,5273025000,전북특별자치도,2026-01-13 13:17:31.307404,2026-01-13 13:17:31.307406,f
15285,읍내리,5273025021,전북특별자치도,2026-01-13 13:17:31.317833,2026-01-13 13:17:31.317839,f
15286,당산리,5273025022,전북특별자치도,2026-01-13 13:17:31.325729,2026-01-13 13:17:31.325735,f
15287,오산리,5273025023,전북특별자치도,2026-01-13 13:17:31.331773,2026-01-13 13:17:31.331776,f
15288,장백리,5273025024,전북특별자치도,2026-01-13 13:17:31.336158,2026-01-13 13:17:31.336161,f
15289,내도리,5273025025,전북특별자치도,2026-01-13 13:17:31.341104,2026-01-13 13:17:31.341108,f
15290,대차리,5273025026,전북특별자치도,2026-01-13 13:17:31.345756,2026-01-13 13:17:31.345758,f
15291,용포리,5273025027,전북특별자치도,2026-01-13 13:17:31.349924,2026-01-13 13:17:31.349926,f
15292,가옥리,5273025028,전북특별자치도,2026-01-13 13:17:31.355289,2026-01-13 13:17:31.355292,f
15293,무풍면,5273031000,전북특별자치도,2026-01-13 13:17:31.359393,2026-01-13 13:17:31.359395,f
15294,현내리,5273031021,전북특별자치도,2026-01-13 13:17:31.363163,2026-01-13 13:17:31.363165,f
15295,금평리,5273031022,전북특별자치도,2026-01-13 13:17:31.367711,2026-01-13 13:17:31.367713,f
15296,지성리,5273031023,전북특별자치도,2026-01-13 13:17:31.372011,2026-01-13 13:17:31.372013,f
15297,철목리,5273031024,전북특별자치도,2026-01-13 13:17:31.376626,2026-01-13 13:17:31.376628,f
15298,증산리,5273031025,전북특별자치도,2026-01-13 13:17:31.380355,2026-01-13 13:17:31.380358,f
15299,은산리,5273031026,전북특별자치도,2026-01-13 13:17:31.384544,2026-01-13 13:17:31.384546,f
15300,덕지리,5273031027,전북특별자치도,2026-01-13 13:17:31.388789,2026-01-13 13:17:31.388792,f
15301,삼거리,5273031028,전북특별자치도,2026-01-13 13:17:31.393384,2026-01-13 13:17:31.39339,f
15302,설천면,5273032000,전북특별자치도,2026-01-13 13:17:31.39837,2026-01-13 13:17:31.398373,f
15303,기곡리,5273032021,전북특별자치도,2026-01-13 13:17:31.402637,2026-01-13 13:17:31.402638,f
15304,용담면,5272031000,전북특별자치도,2026-01-13 13:17:31.406974,2026-01-13 13:17:31.406976,f
15305,옥거리,5272031021,전북특별자치도,2026-01-13 13:17:31.411962,2026-01-13 13:17:31.411964,f
15306,수천리,5272031022,전북특별자치도,2026-01-13 13:17:31.416443,2026-01-13 13:17:31.416445,f
15307,호계리,5272031023,전북특별자치도,2026-01-13 13:17:31.420163,2026-01-13 13:17:31.420165,f
15308,월계리,5272031024,전북특별자치도,2026-01-13 13:17:31.42393,2026-01-13 13:17:31.423931,f
15309,송풍리,5272031025,전북특별자치도,2026-01-13 13:17:31.428451,2026-01-13 13:17:31.428453,f
15310,와룡리,5272031026,전북특별자치도,2026-01-13 13:17:31.432851,2026-01-13 13:17:31.432854,f
15311,안천면,5272032000,전북특별자치도,2026-01-13 13:17:31.438216,2026-01-13 13:17:31.438219,f
15312,노성리,5272032021,전북특별자치도,2026-01-13 13:17:31.443644,2026-01-13 13:17:31.443647,f
15313,백화리,5272032022,전북특별자치도,2026-01-13 13:17:31.449478,2026-01-13 13:17:31.44948,f
15314,신괴리,5272032023,전북특별자치도,2026-01-13 13:17:31.455167,2026-01-13 13:17:31.45517,f
15315,삼락리,5272032024,전북특별자치도,2026-01-13 13:17:31.459749,2026-01-13 13:17:31.459752,f
15316,동향면,5272033000,전북특별자치도,2026-01-13 13:17:31.463771,2026-01-13 13:17:31.463773,f
15317,대량리,5272033021,전북특별자치도,2026-01-13 13:17:31.467839,2026-01-13 13:17:31.467841,f
15318,학선리,5272033022,전북특별자치도,2026-01-13 13:17:31.474832,2026-01-13 13:17:31.474836,f
15319,능금리,5272033023,전북특별자치도,2026-01-13 13:17:31.48044,2026-01-13 13:17:31.480445,f
15320,자산리,5272033024,전북특별자치도,2026-01-13 13:17:31.485851,2026-01-13 13:17:31.485853,f
15321,신송리,5272033025,전북특별자치도,2026-01-13 13:17:31.490887,2026-01-13 13:17:31.49089,f
15322,성산리,5272033026,전북특별자치도,2026-01-13 13:17:31.498739,2026-01-13 13:17:31.498742,f
15323,상전면,5272034000,전북특별자치도,2026-01-13 13:17:31.502817,2026-01-13 13:17:31.502819,f
15324,갈현리,5272034021,전북특별자치도,2026-01-13 13:17:31.507413,2026-01-13 13:17:31.507415,f
15325,주평리,5272034022,전북특별자치도,2026-01-13 13:17:31.511904,2026-01-13 13:17:31.511906,f
15326,수동리,5272034023,전북특별자치도,2026-01-13 13:17:31.517844,2026-01-13 13:17:31.517847,f
15327,월포리,5272034024,전북특별자치도,2026-01-13 13:17:31.522198,2026-01-13 13:17:31.522201,f
15328,구룡리,5272034025,전북특별자치도,2026-01-13 13:17:31.527926,2026-01-13 13:17:31.527928,f
15329,용평리,5272034026,전북특별자치도,2026-01-13 13:17:31.534168,2026-01-13 13:17:31.53417,f
15330,백운면,5272035000,전북특별자치도,2026-01-13 13:17:31.538825,2026-01-13 13:17:31.538827,f
15331,동창리,5272035021,전북특별자치도,2026-01-13 13:17:31.543552,2026-01-13 13:17:31.543555,f
15332,평장리,5272035022,전북특별자치도,2026-01-13 13:17:31.547401,2026-01-13 13:17:31.547403,f
15333,덕현리,5272035023,전북특별자치도,2026-01-13 13:17:31.551207,2026-01-13 13:17:31.551209,f
15334,남계리,5272035024,전북특별자치도,2026-01-13 13:17:31.556867,2026-01-13 13:17:31.556869,f
15335,반송리,5272035025,전북특별자치도,2026-01-13 13:17:31.560915,2026-01-13 13:17:31.560917,f
15336,신암리,5272035026,전북특별자치도,2026-01-13 13:17:31.565376,2026-01-13 13:17:31.565383,f
15337,백암리,5272035027,전북특별자치도,2026-01-13 13:17:31.571449,2026-01-13 13:17:31.571453,f
15338,노촌리,5272035028,전북특별자치도,2026-01-13 13:17:31.580569,2026-01-13 13:17:31.580573,f
15339,운교리,5272035029,전북특별자치도,2026-01-13 13:17:31.585648,2026-01-13 13:17:31.585651,f
15340,성수면,5272036000,전북특별자치도,2026-01-13 13:17:31.59068,2026-01-13 13:17:31.590681,f
15341,외궁리,5272036021,전북특별자치도,2026-01-13 13:17:31.595266,2026-01-13 13:17:31.595268,f
15342,좌산리,5272036022,전북특별자치도,2026-01-13 13:17:31.600042,2026-01-13 13:17:31.600044,f
15343,신기리,5272036023,전북특별자치도,2026-01-13 13:17:31.604976,2026-01-13 13:17:31.604979,f
15344,구신리,5272036024,전북특별자치도,2026-01-13 13:17:31.610949,2026-01-13 13:17:31.610951,f
15345,용포리,5272036025,전북특별자치도,2026-01-13 13:17:31.616385,2026-01-13 13:17:31.616388,f
15346,도통리,5272036026,전북특별자치도,2026-01-13 13:17:31.621132,2026-01-13 13:17:31.621136,f
15347,좌포리,5272036027,전북특별자치도,2026-01-13 13:17:31.625293,2026-01-13 13:17:31.625295,f
15348,중길리,5272036028,전북특별자치도,2026-01-13 13:17:31.629624,2026-01-13 13:17:31.629627,f
15349,마령면,5272037000,전북특별자치도,2026-01-13 13:17:31.635783,2026-01-13 13:17:31.635786,f
15350,평지리,5272037021,전북특별자치도,2026-01-13 13:17:31.640173,2026-01-13 13:17:31.640175,f
15351,동촌리,5272037022,전북특별자치도,2026-01-13 13:17:31.644323,2026-01-13 13:17:31.644325,f
15352,계서리,5272037023,전북특별자치도,2026-01-13 13:17:31.648964,2026-01-13 13:17:31.648966,f
15353,덕천리,5272037024,전북특별자치도,2026-01-13 13:17:31.653243,2026-01-13 13:17:31.653246,f
15354,장선리,5271038021,전북특별자치도,2026-01-13 13:17:31.658014,2026-01-13 13:17:31.658016,f
15355,완창리,5271038022,전북특별자치도,2026-01-13 13:17:31.662008,2026-01-13 13:17:31.66201,f
15356,산북리,5271038023,전북특별자치도,2026-01-13 13:17:31.666831,2026-01-13 13:17:31.666835,f
15357,구제리,5271038026,전북특별자치도,2026-01-13 13:17:31.672068,2026-01-13 13:17:31.672071,f
15358,고당리,5271038027,전북특별자치도,2026-01-13 13:17:31.677195,2026-01-13 13:17:31.677198,f
15359,금당리,5271038028,전북특별자치도,2026-01-13 13:17:31.681628,2026-01-13 13:17:31.681632,f
15360,화산면,5271039000,전북특별자치도,2026-01-13 13:17:31.687026,2026-01-13 13:17:31.687029,f
15361,화평리,5271039021,전북특별자치도,2026-01-13 13:17:31.692263,2026-01-13 13:17:31.692267,f
15362,화월리,5271039022,전북특별자치도,2026-01-13 13:17:31.696363,2026-01-13 13:17:31.696365,f
15363,춘산리,5271039023,전북특별자치도,2026-01-13 13:17:31.700844,2026-01-13 13:17:31.700845,f
15364,운곡리,5271039024,전북특별자치도,2026-01-13 13:17:31.705516,2026-01-13 13:17:31.705519,f
15365,우월리,5271039025,전북특별자치도,2026-01-13 13:17:31.7102,2026-01-13 13:17:31.710202,f
15366,운산리,5271039026,전북특별자치도,2026-01-13 13:17:31.715563,2026-01-13 13:17:31.715566,f
15367,와룡리,5271039027,전북특별자치도,2026-01-13 13:17:31.719609,2026-01-13 13:17:31.71961,f
15368,종리,5271039028,전북특별자치도,2026-01-13 13:17:31.723388,2026-01-13 13:17:31.72339,f
15369,승치리,5271039029,전북특별자치도,2026-01-13 13:17:31.72825,2026-01-13 13:17:31.728253,f
15370,성북리,5271039030,전북특별자치도,2026-01-13 13:17:31.733529,2026-01-13 13:17:31.733532,f
15371,운제리,5271039031,전북특별자치도,2026-01-13 13:17:31.737569,2026-01-13 13:17:31.737571,f
15372,동상면,5271040000,전북특별자치도,2026-01-13 13:17:31.741322,2026-01-13 13:17:31.741324,f
15373,신월리,5271040021,전북특별자치도,2026-01-13 13:17:31.745146,2026-01-13 13:17:31.745147,f
15374,사봉리,5271040022,전북특별자치도,2026-01-13 13:17:31.749237,2026-01-13 13:17:31.74924,f
15375,수만리,5271040023,전북특별자치도,2026-01-13 13:17:31.753916,2026-01-13 13:17:31.753918,f
15376,대아리,5271040024,전북특별자치도,2026-01-13 13:17:31.759041,2026-01-13 13:17:31.759045,f
15377,경천면,5271041000,전북특별자치도,2026-01-13 13:17:31.764331,2026-01-13 13:17:31.764335,f
15378,용복리,5271041021,전북특별자치도,2026-01-13 13:17:31.774746,2026-01-13 13:17:31.77475,f
15379,가천리,5271041022,전북특별자치도,2026-01-13 13:17:31.781211,2026-01-13 13:17:31.781214,f
15380,경천리,5271041023,전북특별자치도,2026-01-13 13:17:31.786804,2026-01-13 13:17:31.786808,f
15381,진안군,5272000000,전북특별자치도,2026-01-13 13:17:31.791795,2026-01-13 13:17:31.791798,f
15382,진안읍,5272025000,전북특별자치도,2026-01-13 13:17:31.79649,2026-01-13 13:17:31.796493,f
15383,군상리,5272025021,전북특별자치도,2026-01-13 13:17:31.800935,2026-01-13 13:17:31.800936,f
15384,군하리,5272025022,전북특별자치도,2026-01-13 13:17:31.805291,2026-01-13 13:17:31.805293,f
15385,단양리,5272025023,전북특별자치도,2026-01-13 13:17:31.810409,2026-01-13 13:17:31.810411,f
15386,가림리,5272025024,전북특별자치도,2026-01-13 13:17:31.816231,2026-01-13 13:17:31.816235,f
15387,반월리,5272025025,전북특별자치도,2026-01-13 13:17:31.821143,2026-01-13 13:17:31.821144,f
15388,죽산리,5272025026,전북특별자치도,2026-01-13 13:17:31.82599,2026-01-13 13:17:31.825993,f
15389,오천리,5272025027,전북특별자치도,2026-01-13 13:17:31.83166,2026-01-13 13:17:31.831662,f
15390,물곡리,5272025028,전북특별자치도,2026-01-13 13:17:31.839452,2026-01-13 13:17:31.839455,f
15391,구룡리,5272025029,전북특별자치도,2026-01-13 13:17:31.844132,2026-01-13 13:17:31.844134,f
15392,가막리,5272025030,전북특별자치도,2026-01-13 13:17:31.849166,2026-01-13 13:17:31.849169,f
15393,정곡리,5272025031,전북특별자치도,2026-01-13 13:17:31.8545,2026-01-13 13:17:31.854504,f
15394,연장리,5272025032,전북특별자치도,2026-01-13 13:17:31.859328,2026-01-13 13:17:31.85933,f
15395,운산리,5272025033,전북특별자치도,2026-01-13 13:17:31.863328,2026-01-13 13:17:31.86333,f
15396,이성리,5271033025,전북특별자치도,2026-01-13 13:17:31.867121,2026-01-13 13:17:31.867123,f
15397,상개리,5271033026,전북특별자치도,2026-01-13 13:17:31.870834,2026-01-13 13:17:31.870836,f
15398,용서리,5271033027,전북특별자치도,2026-01-13 13:17:31.879561,2026-01-13 13:17:31.879565,f
15399,은교리,5271033028,전북특별자치도,2026-01-13 13:17:31.885513,2026-01-13 13:17:31.885521,f
15400,이문리,5271033029,전북특별자치도,2026-01-13 13:17:31.894152,2026-01-13 13:17:31.894155,f
15401,남계리,5271033030,전북특별자치도,2026-01-13 13:17:31.90048,2026-01-13 13:17:31.900482,f
15402,반교리,5271033031,전북특별자치도,2026-01-13 13:17:31.905017,2026-01-13 13:17:31.90502,f
15403,금계리,5271033032,전북특별자치도,2026-01-13 13:17:31.909451,2026-01-13 13:17:31.909455,f
15404,소양면,5271034000,전북특별자치도,2026-01-13 13:17:31.914446,2026-01-13 13:17:31.914451,f
15405,신교리,5271034021,전북특별자치도,2026-01-13 13:17:31.922111,2026-01-13 13:17:31.922113,f
15406,명덕리,5271034022,전북특별자치도,2026-01-13 13:17:31.928256,2026-01-13 13:17:31.928261,f
15407,죽절리,5271034023,전북특별자치도,2026-01-13 13:17:31.937766,2026-01-13 13:17:31.937772,f
15408,황운리,5271034024,전북특별자치도,2026-01-13 13:17:31.947479,2026-01-13 13:17:31.947482,f
15409,대흥리,5271034025,전북특별자치도,2026-01-13 13:17:31.954816,2026-01-13 13:17:31.95482,f
15410,해월리,5271034026,전북특별자치도,2026-01-13 13:17:31.961808,2026-01-13 13:17:31.96181,f
15411,화심리,5271034027,전북특별자치도,2026-01-13 13:17:31.969097,2026-01-13 13:17:31.9691,f
15412,신원리,5271034028,전북특별자치도,2026-01-13 13:17:31.973643,2026-01-13 13:17:31.973645,f
15413,신촌리,5271034029,전북특별자치도,2026-01-13 13:17:31.978268,2026-01-13 13:17:31.97827,f
15414,구이면,5271035000,전북특별자치도,2026-01-13 13:17:31.982561,2026-01-13 13:17:31.982563,f
15415,평촌리,5271035021,전북특별자치도,2026-01-13 13:17:31.987327,2026-01-13 13:17:31.987329,f
15416,광곡리,5271035022,전북특별자치도,2026-01-13 13:17:31.993154,2026-01-13 13:17:31.993157,f
15417,덕천리,5271035023,전북특별자치도,2026-01-13 13:17:31.998025,2026-01-13 13:17:31.998028,f
15418,두현리,5271035024,전북특별자치도,2026-01-13 13:17:32.002934,2026-01-13 13:17:32.002937,f
15419,원기리,5271035025,전북특별자치도,2026-01-13 13:17:32.007459,2026-01-13 13:17:32.007461,f
15420,항가리,5271035026,전북특별자치도,2026-01-13 13:17:32.012262,2026-01-13 13:17:32.012265,f
15421,계곡리,5271035027,전북특별자치도,2026-01-13 13:17:32.016858,2026-01-13 13:17:32.01686,f
15422,백여리,5271035028,전북특별자치도,2026-01-13 13:17:32.020824,2026-01-13 13:17:32.020826,f
15423,안덕리,5271035029,전북특별자치도,2026-01-13 13:17:32.024662,2026-01-13 13:17:32.024666,f
15424,고산면,5271036000,전북특별자치도,2026-01-13 13:17:32.028786,2026-01-13 13:17:32.028788,f
15425,읍내리,5271036021,전북특별자치도,2026-01-13 13:17:32.032619,2026-01-13 13:17:32.03262,f
15426,서봉리,5271036022,전북특별자치도,2026-01-13 13:17:32.036753,2026-01-13 13:17:32.036757,f
15427,율곡리,5271036023,전북특별자치도,2026-01-13 13:17:32.041726,2026-01-13 13:17:32.041728,f
15428,어우리,5271036024,전북특별자치도,2026-01-13 13:17:32.045942,2026-01-13 13:17:32.045945,f
15429,남봉리,5271036025,전북특별자치도,2026-01-13 13:17:32.050201,2026-01-13 13:17:32.050203,f
15430,화정리,5271036026,전북특별자치도,2026-01-13 13:17:32.055452,2026-01-13 13:17:32.055456,f
15431,양야리,5271036027,전북특별자치도,2026-01-13 13:17:32.060722,2026-01-13 13:17:32.060725,f
15432,성재리,5271036028,전북특별자치도,2026-01-13 13:17:32.064877,2026-01-13 13:17:32.06488,f
15433,오산리,5271036029,전북특별자치도,2026-01-13 13:17:32.069364,2026-01-13 13:17:32.069368,f
15434,삼기리,5271036030,전북특별자치도,2026-01-13 13:17:32.075553,2026-01-13 13:17:32.075557,f
15435,소향리,5271036031,전북특별자치도,2026-01-13 13:17:32.082886,2026-01-13 13:17:32.082888,f
15436,비봉면,5271037000,전북특별자치도,2026-01-13 13:17:32.087607,2026-01-13 13:17:32.08761,f
15437,봉산리,5271037021,전북특별자치도,2026-01-13 13:17:32.092065,2026-01-13 13:17:32.092071,f
15438,소농리,5271037022,전북특별자치도,2026-01-13 13:17:32.098448,2026-01-13 13:17:32.09845,f
15439,내월리,5271037023,전북특별자치도,2026-01-13 13:17:32.10661,2026-01-13 13:17:32.106613,f
15440,대치리,5271037024,전북특별자치도,2026-01-13 13:17:32.112089,2026-01-13 13:17:32.112091,f
15441,백도리,5271037025,전북특별자치도,2026-01-13 13:17:32.117414,2026-01-13 13:17:32.117417,f
15442,이전리,5271037026,전북특별자치도,2026-01-13 13:17:32.122317,2026-01-13 13:17:32.12232,f
15443,수선리,5271037027,전북특별자치도,2026-01-13 13:17:32.126343,2026-01-13 13:17:32.126344,f
15444,운주면,5271038000,전북특별자치도,2026-01-13 13:17:32.130152,2026-01-13 13:17:32.130154,f
15445,금산리,5221045029,전북특별자치도,2026-01-13 13:17:32.140967,2026-01-13 13:17:32.140974,f
15446,청도리,5221045030,전북특별자치도,2026-01-13 13:17:32.148707,2026-01-13 13:17:32.148709,f
15447,삼봉리,5221045031,전북특별자치도,2026-01-13 13:17:32.15259,2026-01-13 13:17:32.152593,f
15448,용산리,5221045032,전북특별자치도,2026-01-13 13:17:32.156925,2026-01-13 13:17:32.156928,f
15449,구월리,5221045033,전북특별자치도,2026-01-13 13:17:32.162927,2026-01-13 13:17:32.16293,f
15450,광활면,5221046000,전북특별자치도,2026-01-13 13:17:32.169457,2026-01-13 13:17:32.169459,f
15451,옥포리,5221046021,전북특별자치도,2026-01-13 13:17:32.178691,2026-01-13 13:17:32.178695,f
15452,은파리,5221046022,전북특별자치도,2026-01-13 13:17:32.18585,2026-01-13 13:17:32.185855,f
15453,창제리,5221046023,전북특별자치도,2026-01-13 13:17:32.195641,2026-01-13 13:17:32.195649,f
15454,완주군,5271000000,전북특별자치도,2026-01-13 13:17:32.207255,2026-01-13 13:17:32.207261,f
15455,삼례읍,5271025000,전북특별자치도,2026-01-13 13:17:32.213067,2026-01-13 13:17:32.213069,f
15456,삼례리,5271025021,전북특별자치도,2026-01-13 13:17:32.217313,2026-01-13 13:17:32.217315,f
15457,후정리,5271025022,전북특별자치도,2026-01-13 13:17:32.222953,2026-01-13 13:17:32.222956,f
15458,어전리,5271025023,전북특별자치도,2026-01-13 13:17:32.227674,2026-01-13 13:17:32.227677,f
15459,해전리,5271025024,전북특별자치도,2026-01-13 13:17:32.231757,2026-01-13 13:17:32.231759,f
15460,신금리,5271025025,전북특별자치도,2026-01-13 13:17:32.235726,2026-01-13 13:17:32.235729,f
15461,석전리,5271025026,전북특별자치도,2026-01-13 13:17:32.240703,2026-01-13 13:17:32.240705,f
15462,구와리,5271025027,전북특별자치도,2026-01-13 13:17:32.245118,2026-01-13 13:17:32.24512,f
15463,신탁리,5271025028,전북특별자치도,2026-01-13 13:17:32.249327,2026-01-13 13:17:32.249329,f
15464,수계리,5271025029,전북특별자치도,2026-01-13 13:17:32.254636,2026-01-13 13:17:32.254639,f
15465,하리,5271025030,전북특별자치도,2026-01-13 13:17:32.259149,2026-01-13 13:17:32.259151,f
15466,봉동읍,5271025300,전북특별자치도,2026-01-13 13:17:32.26359,2026-01-13 13:17:32.263593,f
15467,제내리,5271025321,전북특별자치도,2026-01-13 13:17:32.267631,2026-01-13 13:17:32.267633,f
15468,장구리,5271025322,전북특별자치도,2026-01-13 13:17:32.271541,2026-01-13 13:17:32.271542,f
15469,구암리,5271025323,전북특별자치도,2026-01-13 13:17:32.275542,2026-01-13 13:17:32.275545,f
15470,둔산리,5271025324,전북특별자치도,2026-01-13 13:17:32.280022,2026-01-13 13:17:32.280025,f
15471,용암리,5271025325,전북특별자치도,2026-01-13 13:17:32.284895,2026-01-13 13:17:32.284897,f
15472,은하리,5271025326,전북특별자치도,2026-01-13 13:17:32.289444,2026-01-13 13:17:32.289447,f
15473,율소리,5271025327,전북특별자치도,2026-01-13 13:17:32.293978,2026-01-13 13:17:32.29398,f
15474,장기리,5271025328,전북특별자치도,2026-01-13 13:17:32.299186,2026-01-13 13:17:32.299189,f
15475,낙평리,5271025329,전북특별자치도,2026-01-13 13:17:32.303401,2026-01-13 13:17:32.303403,f
15476,성덕리,5271025330,전북특별자치도,2026-01-13 13:17:32.307666,2026-01-13 13:17:32.307668,f
15477,구미리,5271025331,전북특별자치도,2026-01-13 13:17:32.311777,2026-01-13 13:17:32.311779,f
15478,고천리,5271025332,전북특별자치도,2026-01-13 13:17:32.315817,2026-01-13 13:17:32.31582,f
15479,신성리,5271025333,전북특별자치도,2026-01-13 13:17:32.320557,2026-01-13 13:17:32.320559,f
15480,구만리,5271025334,전북특별자치도,2026-01-13 13:17:32.324755,2026-01-13 13:17:32.324757,f
15481,용진읍,5271025600,전북특별자치도,2026-01-13 13:17:32.329126,2026-01-13 13:17:32.329127,f
15482,상삼리,5271025621,전북특별자치도,2026-01-13 13:17:32.334447,2026-01-13 13:17:32.334451,f
15483,구억리,5271025622,전북특별자치도,2026-01-13 13:17:32.339514,2026-01-13 13:17:32.339518,f
15484,상운리,5271025623,전북특별자치도,2026-01-13 13:17:32.344549,2026-01-13 13:17:32.344551,f
15485,용흥리,5271025624,전북특별자치도,2026-01-13 13:17:32.34899,2026-01-13 13:17:32.348992,f
15486,간중리,5271025625,전북특별자치도,2026-01-13 13:17:32.354065,2026-01-13 13:17:32.35407,f
15487,운곡리,5271025626,전북특별자치도,2026-01-13 13:17:32.359439,2026-01-13 13:17:32.359442,f
15488,신지리,5271025627,전북특별자치도,2026-01-13 13:17:32.364672,2026-01-13 13:17:32.364676,f
15489,상관면,5271032000,전북특별자치도,2026-01-13 13:17:32.369691,2026-01-13 13:17:32.369693,f
15490,신리,5271032021,전북특별자치도,2026-01-13 13:17:32.381665,2026-01-13 13:17:32.381672,f
15491,죽림리,5271032022,전북특별자치도,2026-01-13 13:17:32.389453,2026-01-13 13:17:32.389458,f
15492,용암리,5271032023,전북특별자치도,2026-01-13 13:17:32.395282,2026-01-13 13:17:32.395284,f
15493,의암리,5271032024,전북특별자치도,2026-01-13 13:17:32.40036,2026-01-13 13:17:32.400362,f
15494,마치리,5271032025,전북특별자치도,2026-01-13 13:17:32.404593,2026-01-13 13:17:32.404595,f
15495,이서면,5271033000,전북특별자치도,2026-01-13 13:17:32.408787,2026-01-13 13:17:32.408789,f
15496,금평리,5271033023,전북특별자치도,2026-01-13 13:17:32.413859,2026-01-13 13:17:32.413862,f
15497,갈산리,5271033024,전북특별자치도,2026-01-13 13:17:32.418468,2026-01-13 13:17:32.41847,f
15498,낙성리,5221042029,전북특별자치도,2026-01-13 13:17:32.423078,2026-01-13 13:17:32.42308,f
15499,청운리,5221042030,전북특별자치도,2026-01-13 13:17:32.427029,2026-01-13 13:17:32.427031,f
15500,용지리,5221042031,전북특별자치도,2026-01-13 13:17:32.431015,2026-01-13 13:17:32.431019,f
15501,옥성리,5221042032,전북특별자치도,2026-01-13 13:17:32.435178,2026-01-13 13:17:32.435182,f
15502,하신리,5221042033,전북특별자치도,2026-01-13 13:17:32.440722,2026-01-13 13:17:32.440724,f
15503,서도리,5221042034,전북특별자치도,2026-01-13 13:17:32.445212,2026-01-13 13:17:32.445214,f
15504,봉남면,5221043000,전북특별자치도,2026-01-13 13:17:32.449669,2026-01-13 13:17:32.449672,f
15505,대송리,5221043021,전북특별자치도,2026-01-13 13:17:32.454496,2026-01-13 13:17:32.454498,f
15506,평사리,5221043022,전북특별자치도,2026-01-13 13:17:32.459397,2026-01-13 13:17:32.4594,f
15507,화봉리,5221043023,전북특별자치도,2026-01-13 13:17:32.463565,2026-01-13 13:17:32.463567,f
15508,신호리,5221043024,전북특별자치도,2026-01-13 13:17:32.467826,2026-01-13 13:17:32.467829,f
15509,신응리,5221043029,전북특별자치도,2026-01-13 13:17:32.471954,2026-01-13 13:17:32.471957,f
15510,종덕리,5221043030,전북특별자치도,2026-01-13 13:17:32.476363,2026-01-13 13:17:32.476368,f
15511,행촌리,5221043031,전북특별자치도,2026-01-13 13:17:32.481413,2026-01-13 13:17:32.481415,f
15512,구정리,5221043032,전북특별자치도,2026-01-13 13:17:32.485148,2026-01-13 13:17:32.48515,f
15513,회성리,5221043033,전북특별자치도,2026-01-13 13:17:32.49018,2026-01-13 13:17:32.490183,f
15514,내광리,5221043034,전북특별자치도,2026-01-13 13:17:32.499557,2026-01-13 13:17:32.499564,f
15515,용신리,5221043035,전북특별자치도,2026-01-13 13:17:32.505237,2026-01-13 13:17:32.505241,f
15516,황산면,5221044000,전북특별자치도,2026-01-13 13:17:32.509518,2026-01-13 13:17:32.50952,f
15517,봉월리,5221044021,전북특별자치도,2026-01-13 13:17:32.513911,2026-01-13 13:17:32.513913,f
15518,용마리,5221044022,전북특별자치도,2026-01-13 13:17:32.518928,2026-01-13 13:17:32.51893,f
15519,홍정리,5221044023,전북특별자치도,2026-01-13 13:17:32.523299,2026-01-13 13:17:32.523301,f
15520,쌍감리,5221044026,전북특별자치도,2026-01-13 13:17:32.527366,2026-01-13 13:17:32.527368,f
15521,남산리,5221044027,전북특별자치도,2026-01-13 13:17:32.531605,2026-01-13 13:17:32.531608,f
15522,진흥리,5221044028,전북특별자치도,2026-01-13 13:17:32.536125,2026-01-13 13:17:32.536127,f
15523,금산면,5221045000,전북특별자치도,2026-01-13 13:17:32.540692,2026-01-13 13:17:32.540694,f
15524,성계리,5221045021,전북특별자치도,2026-01-13 13:17:32.548787,2026-01-13 13:17:32.548791,f
15525,쌍용리,5221045022,전북특별자치도,2026-01-13 13:17:32.554529,2026-01-13 13:17:32.554531,f
15526,원평리,5221045023,전북특별자치도,2026-01-13 13:17:32.56217,2026-01-13 13:17:32.562175,f
15527,용호리,5221045024,전북특별자치도,2026-01-13 13:17:32.566781,2026-01-13 13:17:32.566783,f
15528,선동리,5221045025,전북특별자치도,2026-01-13 13:17:32.570681,2026-01-13 13:17:32.570685,f
15529,금성리,5221045026,전북특별자치도,2026-01-13 13:17:32.57535,2026-01-13 13:17:32.575352,f
15530,화율리,5221045027,전북특별자치도,2026-01-13 13:17:32.579787,2026-01-13 13:17:32.579789,f
15531,장흥리,5221045028,전북특별자치도,2026-01-13 13:17:32.584647,2026-01-13 13:17:32.584649,f
15532,대평리,5221036021,전북특별자치도,2026-01-13 13:17:32.588479,2026-01-13 13:17:32.588481,f
15533,월승리,5221036022,전북특별자치도,2026-01-13 13:17:32.592353,2026-01-13 13:17:32.592356,f
15534,신두리,5221036023,전북특별자치도,2026-01-13 13:17:32.596681,2026-01-13 13:17:32.596683,f
15535,신용리,5221036024,전북특별자치도,2026-01-13 13:17:32.601154,2026-01-13 13:17:32.601156,f
15536,용성리,5221036025,전북특별자치도,2026-01-13 13:17:32.606198,2026-01-13 13:17:32.6062,f
15537,금강리,5221036026,전북특별자치도,2026-01-13 13:17:32.610404,2026-01-13 13:17:32.610406,f
15538,옥정리,5221036027,전북특별자치도,2026-01-13 13:17:32.614647,2026-01-13 13:17:32.61465,f
15539,공덕면,5221038000,전북특별자치도,2026-01-13 13:17:32.619511,2026-01-13 13:17:32.619514,f
15540,마현리,5221038021,전북특별자치도,2026-01-13 13:17:32.623472,2026-01-13 13:17:32.623474,f
15541,황산리,5221038022,전북특별자치도,2026-01-13 13:17:32.628457,2026-01-13 13:17:32.62846,f
15542,공덕리,5221038023,전북특별자치도,2026-01-13 13:17:32.632392,2026-01-13 13:17:32.632394,f
15543,동계리,5221038024,전북특별자치도,2026-01-13 13:17:32.636885,2026-01-13 13:17:32.636893,f
15544,저산리,5221038025,전북특별자치도,2026-01-13 13:17:32.645303,2026-01-13 13:17:32.645306,f
15545,제말리,5221038026,전북특별자치도,2026-01-13 13:17:32.649478,2026-01-13 13:17:32.649481,f
15546,회룡리,5221038027,전북특별자치도,2026-01-13 13:17:32.654205,2026-01-13 13:17:32.654206,f
15547,청하면,5221039000,전북특별자치도,2026-01-13 13:17:32.658136,2026-01-13 13:17:32.658139,f
15548,동지산리,5221039021,전북특별자치도,2026-01-13 13:17:32.663268,2026-01-13 13:17:32.663271,f
15549,장산리,5221039022,전북특별자치도,2026-01-13 13:17:32.669151,2026-01-13 13:17:32.669155,f
15550,대청리,5221039023,전북특별자치도,2026-01-13 13:17:32.673861,2026-01-13 13:17:32.673864,f
15551,관상리,5221039024,전북특별자치도,2026-01-13 13:17:32.680293,2026-01-13 13:17:32.680295,f
15552,월현리,5221039025,전북특별자치도,2026-01-13 13:17:32.685988,2026-01-13 13:17:32.685991,f
15553,성덕면,5221040000,전북특별자치도,2026-01-13 13:17:32.690743,2026-01-13 13:17:32.690745,f
15554,석동리,5221040021,전북특별자치도,2026-01-13 13:17:32.696025,2026-01-13 13:17:32.696027,f
15555,대목리,5221040022,전북특별자치도,2026-01-13 13:17:32.700749,2026-01-13 13:17:32.700751,f
15556,대석리,5221040023,전북특별자치도,2026-01-13 13:17:32.705138,2026-01-13 13:17:32.70514,f
15557,묘라리,5221040024,전북특별자치도,2026-01-13 13:17:32.709561,2026-01-13 13:17:32.709564,f
15558,성덕리,5221040025,전북특별자치도,2026-01-13 13:17:32.714148,2026-01-13 13:17:32.714151,f
15559,남포리,5221040026,전북특별자치도,2026-01-13 13:17:32.720866,2026-01-13 13:17:32.72087,f
15560,진봉면,5221041000,전북특별자치도,2026-01-13 13:17:32.72529,2026-01-13 13:17:32.725293,f
15561,고사리,5221041021,전북특별자치도,2026-01-13 13:17:32.729516,2026-01-13 13:17:32.729518,f
15562,정당리,5221041022,전북특별자치도,2026-01-13 13:17:32.735046,2026-01-13 13:17:32.735048,f
15563,가실리,5221041023,전북특별자치도,2026-01-13 13:17:32.740005,2026-01-13 13:17:32.740009,f
15564,상궐리,5221041024,전북특별자치도,2026-01-13 13:17:32.745325,2026-01-13 13:17:32.745328,f
15565,심포리,5221041025,전북특별자치도,2026-01-13 13:17:32.749582,2026-01-13 13:17:32.749584,f
15566,금구면,5221042000,전북특별자치도,2026-01-13 13:17:32.753318,2026-01-13 13:17:32.75332,f
15567,금구리,5221042021,전북특별자치도,2026-01-13 13:17:32.758489,2026-01-13 13:17:32.758493,f
15568,용복리,5221042023,전북특별자치도,2026-01-13 13:17:32.762732,2026-01-13 13:17:32.762734,f
15569,선암리,5221042024,전북특별자치도,2026-01-13 13:17:32.766852,2026-01-13 13:17:32.766854,f
15570,월전리,5221042025,전북특별자치도,2026-01-13 13:17:32.770741,2026-01-13 13:17:32.770745,f
15571,오봉리,5221042026,전북특별자치도,2026-01-13 13:17:32.77573,2026-01-13 13:17:32.775735,f
15572,대화리,5221042027,전북특별자치도,2026-01-13 13:17:32.779954,2026-01-13 13:17:32.779956,f
15573,산동리,5221042028,전북특별자치도,2026-01-13 13:17:32.783886,2026-01-13 13:17:32.783887,f
15574,송상리,5221025024,전북특별자치도,2026-01-13 13:17:32.787749,2026-01-13 13:17:32.78775,f
15575,소토리,5221025025,전북특별자치도,2026-01-13 13:17:32.791583,2026-01-13 13:17:32.791584,f
15576,화포리,5221025026,전북특별자치도,2026-01-13 13:17:32.795913,2026-01-13 13:17:32.795917,f
15577,몽산리,5221025027,전북특별자치도,2026-01-13 13:17:32.801361,2026-01-13 13:17:32.801364,f
15578,죽산면,5221032000,전북특별자치도,2026-01-13 13:17:32.80611,2026-01-13 13:17:32.806112,f
15579,죽산리,5221032021,전북특별자치도,2026-01-13 13:17:32.810319,2026-01-13 13:17:32.810321,f
15580,홍산리,5221032022,전북특별자치도,2026-01-13 13:17:32.814369,2026-01-13 13:17:32.814371,f
15581,옥성리,5221032023,전북특별자치도,2026-01-13 13:17:32.818918,2026-01-13 13:17:32.81892,f
15582,종신리,5221032024,전북특별자치도,2026-01-13 13:17:32.822783,2026-01-13 13:17:32.822786,f
15583,대창리,5221032025,전북특별자치도,2026-01-13 13:17:32.826596,2026-01-13 13:17:32.826598,f
15584,서포리,5221032026,전북특별자치도,2026-01-13 13:17:32.832354,2026-01-13 13:17:32.832356,f
15585,연포리,5221032027,전북특별자치도,2026-01-13 13:17:32.840874,2026-01-13 13:17:32.840877,f
15586,신흥리,5221032028,전북특별자치도,2026-01-13 13:17:32.847273,2026-01-13 13:17:32.847276,f
15587,백산면,5221033000,전북특별자치도,2026-01-13 13:17:32.851861,2026-01-13 13:17:32.851864,f
15588,하정리,5221033021,전북특별자치도,2026-01-13 13:17:32.85642,2026-01-13 13:17:32.856422,f
15589,상정리,5221033025,전북특별자치도,2026-01-13 13:17:32.861847,2026-01-13 13:17:32.861849,f
15590,상리,5221033026,전북특별자치도,2026-01-13 13:17:32.866062,2026-01-13 13:17:32.866064,f
15591,조종리,5221033027,전북특별자치도,2026-01-13 13:17:32.869932,2026-01-13 13:17:32.869934,f
15592,수록리,5221033028,전북특별자치도,2026-01-13 13:17:32.873735,2026-01-13 13:17:32.873738,f
15593,부거리,5221033029,전북특별자치도,2026-01-13 13:17:32.878232,2026-01-13 13:17:32.878235,f
15594,석교리,5221033030,전북특별자치도,2026-01-13 13:17:32.88296,2026-01-13 13:17:32.882962,f
15595,하서리,5221033031,전북특별자치도,2026-01-13 13:17:32.887165,2026-01-13 13:17:32.887167,f
15596,용지면,5221034000,전북특별자치도,2026-01-13 13:17:32.891303,2026-01-13 13:17:32.891308,f
15597,구암리,5221034021,전북특별자치도,2026-01-13 13:17:32.895643,2026-01-13 13:17:32.895646,f
15598,예촌리,5221034022,전북특별자치도,2026-01-13 13:17:32.899299,2026-01-13 13:17:32.8993,f
15599,송산리,5221034023,전북특별자치도,2026-01-13 13:17:32.902751,2026-01-13 13:17:32.902752,f
15600,봉의리,5221034024,전북특별자치도,2026-01-13 13:17:32.906827,2026-01-13 13:17:32.906829,f
15601,와룡리,5221034025,전북특별자치도,2026-01-13 13:17:32.910854,2026-01-13 13:17:32.910856,f
15602,효정리,5221034026,전북특별자치도,2026-01-13 13:17:32.914691,2026-01-13 13:17:32.914693,f
15603,반교리,5221034027,전북특별자치도,2026-01-13 13:17:32.919127,2026-01-13 13:17:32.91913,f
15604,용암리,5221034028,전북특별자치도,2026-01-13 13:17:32.92359,2026-01-13 13:17:32.923593,f
15605,부교리,5221034029,전북특별자치도,2026-01-13 13:17:32.928092,2026-01-13 13:17:32.928095,f
15606,신정리,5221034030,전북특별자치도,2026-01-13 13:17:32.932686,2026-01-13 13:17:32.932688,f
15607,용수리,5221034031,전북특별자치도,2026-01-13 13:17:32.937518,2026-01-13 13:17:32.937521,f
15608,장신리,5221034032,전북특별자치도,2026-01-13 13:17:32.941762,2026-01-13 13:17:32.941764,f
15609,백구면,5221035000,전북특별자치도,2026-01-13 13:17:32.946045,2026-01-13 13:17:32.946047,f
15610,월봉리,5221035021,전북특별자치도,2026-01-13 13:17:32.950169,2026-01-13 13:17:32.95017,f
15611,부용리,5221035022,전북특별자치도,2026-01-13 13:17:32.954012,2026-01-13 13:17:32.954013,f
15612,유강리,5221035023,전북특별자치도,2026-01-13 13:17:32.958327,2026-01-13 13:17:32.958328,f
15613,삼정리,5221035024,전북특별자치도,2026-01-13 13:17:32.962649,2026-01-13 13:17:32.962652,f
15614,백구리,5221035025,전북특별자치도,2026-01-13 13:17:32.966561,2026-01-13 13:17:32.966571,f
15615,반월리,5221035026,전북특별자치도,2026-01-13 13:17:32.970702,2026-01-13 13:17:32.970706,f
15616,석담리,5221035027,전북특별자치도,2026-01-13 13:17:32.975364,2026-01-13 13:17:32.975367,f
15617,학동리,5221035028,전북특별자치도,2026-01-13 13:17:32.979435,2026-01-13 13:17:32.979437,f
15618,마산리,5221035029,전북특별자치도,2026-01-13 13:17:32.983893,2026-01-13 13:17:32.983895,f
15619,영상리,5221035030,전북특별자치도,2026-01-13 13:17:32.988118,2026-01-13 13:17:32.988121,f
15620,부량면,5221036000,전북특별자치도,2026-01-13 13:17:32.994906,2026-01-13 13:17:32.994911,f
15621,중군리,5219047021,전북특별자치도,2026-01-13 13:17:33.000603,2026-01-13 13:17:33.000606,f
15622,인월리,5219047022,전북특별자치도,2026-01-13 13:17:33.006472,2026-01-13 13:17:33.006474,f
15623,서무리,5219047023,전북특별자치도,2026-01-13 13:17:33.010974,2026-01-13 13:17:33.010977,f
15624,취암리,5219047024,전북특별자치도,2026-01-13 13:17:33.01575,2026-01-13 13:17:33.015753,f
15625,건지리,5219047025,전북특별자치도,2026-01-13 13:17:33.020761,2026-01-13 13:17:33.020762,f
15626,유곡리,5219047026,전북특별자치도,2026-01-13 13:17:33.024557,2026-01-13 13:17:33.024559,f
15627,상우리,5219047027,전북특별자치도,2026-01-13 13:17:33.028473,2026-01-13 13:17:33.028475,f
15628,성산리,5219047028,전북특별자치도,2026-01-13 13:17:33.032502,2026-01-13 13:17:33.032504,f
15629,자래리,5219047029,전북특별자치도,2026-01-13 13:17:33.036037,2026-01-13 13:17:33.036039,f
15630,김제시,5221000000,전북특별자치도,2026-01-13 13:17:33.040387,2026-01-13 13:17:33.040389,f
15631,요촌동,5221010100,전북특별자치도,2026-01-13 13:17:33.044306,2026-01-13 13:17:33.044308,f
15632,신풍동,5221010200,전북특별자치도,2026-01-13 13:17:33.048066,2026-01-13 13:17:33.048068,f
15633,용동,5221010300,전북특별자치도,2026-01-13 13:17:33.052709,2026-01-13 13:17:33.052712,f
15634,검산동,5221010400,전북특별자치도,2026-01-13 13:17:33.057127,2026-01-13 13:17:33.057129,f
15635,순동,5221010500,전북특별자치도,2026-01-13 13:17:33.061203,2026-01-13 13:17:33.061205,f
15636,백학동,5221010600,전북특별자치도,2026-01-13 13:17:33.064922,2026-01-13 13:17:33.064924,f
15637,서암동,5221010700,전북특별자치도,2026-01-13 13:17:33.068639,2026-01-13 13:17:33.06864,f
15638,신곡동,5221010800,전북특별자치도,2026-01-13 13:17:33.072998,2026-01-13 13:17:33.073001,f
15639,교동,5221010900,전북특별자치도,2026-01-13 13:17:33.077103,2026-01-13 13:17:33.077105,f
15640,옥산동,5221011000,전북특별자치도,2026-01-13 13:17:33.080851,2026-01-13 13:17:33.080853,f
15641,갈공동,5221011100,전북특별자치도,2026-01-13 13:17:33.085025,2026-01-13 13:17:33.085026,f
15642,하동,5221011200,전북특별자치도,2026-01-13 13:17:33.089381,2026-01-13 13:17:33.089384,f
15643,흥사동,5221011300,전북특별자치도,2026-01-13 13:17:33.094509,2026-01-13 13:17:33.094515,f
15644,상동동,5221011400,전북특별자치도,2026-01-13 13:17:33.098887,2026-01-13 13:17:33.09889,f
15645,월성동,5221011500,전북특별자치도,2026-01-13 13:17:33.102686,2026-01-13 13:17:33.102689,f
15646,황산동,5221011600,전북특별자치도,2026-01-13 13:17:33.106673,2026-01-13 13:17:33.106675,f
15647,난봉동,5221011700,전북특별자치도,2026-01-13 13:17:33.110578,2026-01-13 13:17:33.11058,f
15648,오정동,5221011800,전북특별자치도,2026-01-13 13:17:33.114139,2026-01-13 13:17:33.11414,f
15649,복죽동,5221011900,전북특별자치도,2026-01-13 13:17:33.118354,2026-01-13 13:17:33.118356,f
15650,입석동,5221012000,전북특별자치도,2026-01-13 13:17:33.122766,2026-01-13 13:17:33.122767,f
15651,장화동,5221012100,전북특별자치도,2026-01-13 13:17:33.126781,2026-01-13 13:17:33.126783,f
15652,신덕동,5221012200,전북특별자치도,2026-01-13 13:17:33.131024,2026-01-13 13:17:33.131027,f
15653,월봉동,5221012300,전북특별자치도,2026-01-13 13:17:33.135449,2026-01-13 13:17:33.135453,f
15654,신월동,5221012400,전북특별자치도,2026-01-13 13:17:33.140124,2026-01-13 13:17:33.140126,f
15655,연정동,5221012500,전북특별자치도,2026-01-13 13:17:33.144046,2026-01-13 13:17:33.144048,f
15656,명덕동,5221012600,전북특별자치도,2026-01-13 13:17:33.14758,2026-01-13 13:17:33.147581,f
15657,제월동,5221012700,전북특별자치도,2026-01-13 13:17:33.151357,2026-01-13 13:17:33.15136,f
15658,도장동,5221012800,전북특별자치도,2026-01-13 13:17:33.155475,2026-01-13 13:17:33.155477,f
15659,서정동,5221012900,전북특별자치도,2026-01-13 13:17:33.160634,2026-01-13 13:17:33.160636,f
15660,양전동,5221013000,전북특별자치도,2026-01-13 13:17:33.164766,2026-01-13 13:17:33.164769,f
15661,만경읍,5221025000,전북특별자치도,2026-01-13 13:17:33.1695,2026-01-13 13:17:33.169503,f
15662,만경리,5221025021,전북특별자치도,2026-01-13 13:17:33.18634,2026-01-13 13:17:33.186349,f
15663,장산리,5221025022,전북특별자치도,2026-01-13 13:17:33.197678,2026-01-13 13:17:33.197684,f
15664,대동리,5221025023,전북특별자치도,2026-01-13 13:17:33.202872,2026-01-13 13:17:33.202874,f
15665,괴양리,5219040022,전북특별자치도,2026-01-13 13:17:33.207097,2026-01-13 13:17:33.207099,f
15666,진기리,5219040023,전북특별자치도,2026-01-13 13:17:33.210946,2026-01-13 13:17:33.210947,f
15667,금다리,5219040024,전북특별자치도,2026-01-13 13:17:33.215247,2026-01-13 13:17:33.215253,f
15668,신파리,5219040025,전북특별자치도,2026-01-13 13:17:33.220029,2026-01-13 13:17:33.220033,f
15669,황벌리,5219040026,전북특별자치도,2026-01-13 13:17:33.224998,2026-01-13 13:17:33.225,f
15670,도룡리,5219040027,전북특별자치도,2026-01-13 13:17:33.229002,2026-01-13 13:17:33.229004,f
15671,사촌리,5219040028,전북특별자치도,2026-01-13 13:17:33.232664,2026-01-13 13:17:33.232666,f
15672,성시리,5219040029,전북특별자치도,2026-01-13 13:17:33.236335,2026-01-13 13:17:33.236338,f
15673,산동면,5219041000,전북특별자치도,2026-01-13 13:17:33.240932,2026-01-13 13:17:33.240934,f
15674,목동리,5219041021,전북특별자치도,2026-01-13 13:17:33.245122,2026-01-13 13:17:33.245126,f
15675,식련리,5219041022,전북특별자치도,2026-01-13 13:17:33.249294,2026-01-13 13:17:33.249298,f
15676,부절리,5219041023,전북특별자치도,2026-01-13 13:17:33.254532,2026-01-13 13:17:33.254537,f
15677,태평리,5219041024,전북특별자치도,2026-01-13 13:17:33.260115,2026-01-13 13:17:33.260116,f
15678,대기리,5219041025,전북특별자치도,2026-01-13 13:17:33.263992,2026-01-13 13:17:33.263994,f
15679,월석리,5219041026,전북특별자치도,2026-01-13 13:17:33.267918,2026-01-13 13:17:33.26792,f
15680,대상리,5219041027,전북특별자치도,2026-01-13 13:17:33.271811,2026-01-13 13:17:33.271813,f
15681,이백면,5219042000,전북특별자치도,2026-01-13 13:17:33.275916,2026-01-13 13:17:33.27592,f
15682,초촌리,5219042021,전북특별자치도,2026-01-13 13:17:33.280442,2026-01-13 13:17:33.280444,f
15683,척문리,5219042022,전북특별자치도,2026-01-13 13:17:33.285221,2026-01-13 13:17:33.285222,f
15684,서곡리,5219042023,전북특별자치도,2026-01-13 13:17:33.289836,2026-01-13 13:17:33.289837,f
15685,내동리,5219042024,전북특별자치도,2026-01-13 13:17:33.294264,2026-01-13 13:17:33.294268,f
15686,남계리,5219042025,전북특별자치도,2026-01-13 13:17:33.298849,2026-01-13 13:17:33.298851,f
15687,강기리,5219042026,전북특별자치도,2026-01-13 13:17:33.303101,2026-01-13 13:17:33.303104,f
15688,양가리,5219042027,전북특별자치도,2026-01-13 13:17:33.309186,2026-01-13 13:17:33.309189,f
15689,평촌리,5219042028,전북특별자치도,2026-01-13 13:17:33.313516,2026-01-13 13:17:33.313519,f
15690,과립리,5219042029,전북특별자치도,2026-01-13 13:17:33.319332,2026-01-13 13:17:33.319334,f
15691,효기리,5219042030,전북특별자치도,2026-01-13 13:17:33.323598,2026-01-13 13:17:33.323599,f
15692,아영면,5219045000,전북특별자치도,2026-01-13 13:17:33.328217,2026-01-13 13:17:33.32822,f
15693,아곡리,5219045021,전북특별자치도,2026-01-13 13:17:33.332659,2026-01-13 13:17:33.332661,f
15694,봉대리,5219045022,전북특별자치도,2026-01-13 13:17:33.337183,2026-01-13 13:17:33.337186,f
15695,인풍리,5219045023,전북특별자치도,2026-01-13 13:17:33.34147,2026-01-13 13:17:33.341471,f
15696,갈계리,5219045024,전북특별자치도,2026-01-13 13:17:33.349621,2026-01-13 13:17:33.349623,f
15697,청계리,5219045025,전북특별자치도,2026-01-13 13:17:33.353592,2026-01-13 13:17:33.353595,f
15698,월산리,5219045026,전북특별자치도,2026-01-13 13:17:33.358517,2026-01-13 13:17:33.358519,f
15699,성리,5219045027,전북특별자치도,2026-01-13 13:17:33.363134,2026-01-13 13:17:33.363137,f
15700,구상리,5219045028,전북특별자치도,2026-01-13 13:17:33.36714,2026-01-13 13:17:33.367141,f
15701,일대리,5219045029,전북특별자치도,2026-01-13 13:17:33.374841,2026-01-13 13:17:33.374846,f
15702,의지리,5219045030,전북특별자치도,2026-01-13 13:17:33.380144,2026-01-13 13:17:33.380147,f
15703,두락리,5219045031,전북특별자치도,2026-01-13 13:17:33.384972,2026-01-13 13:17:33.384974,f
15704,산내면,5219046000,전북특별자치도,2026-01-13 13:17:33.389416,2026-01-13 13:17:33.389418,f
15705,중황리,5219046021,전북특별자치도,2026-01-13 13:17:33.394597,2026-01-13 13:17:33.3946,f
15706,백일리,5219046022,전북특별자치도,2026-01-13 13:17:33.400118,2026-01-13 13:17:33.40012,f
15707,대정리,5219046023,전북특별자치도,2026-01-13 13:17:33.40475,2026-01-13 13:17:33.404753,f
15708,장항리,5219046024,전북특별자치도,2026-01-13 13:17:33.409272,2026-01-13 13:17:33.409275,f
15709,입석리,5219046025,전북특별자치도,2026-01-13 13:17:33.413779,2026-01-13 13:17:33.413782,f
15710,내령리,5219046026,전북특별자치도,2026-01-13 13:17:33.418854,2026-01-13 13:17:33.418856,f
15711,부운리,5219046027,전북특별자치도,2026-01-13 13:17:33.422994,2026-01-13 13:17:33.422996,f
15712,덕동리,5219046028,전북특별자치도,2026-01-13 13:17:33.427065,2026-01-13 13:17:33.427068,f
15713,인월면,5219047000,전북특별자치도,2026-01-13 13:17:33.430851,2026-01-13 13:17:33.430853,f
15714,귀석리,5219035030,전북특별자치도,2026-01-13 13:17:33.4345,2026-01-13 13:17:33.434503,f
15715,하도리,5219035031,전북특별자치도,2026-01-13 13:17:33.439719,2026-01-13 13:17:33.439721,f
15716,대강면,5219036000,전북특별자치도,2026-01-13 13:17:33.44368,2026-01-13 13:17:33.443682,f
15717,풍산리,5219036021,전북특별자치도,2026-01-13 13:17:33.447291,2026-01-13 13:17:33.447293,f
15718,수홍리,5219036022,전북특별자치도,2026-01-13 13:17:33.451157,2026-01-13 13:17:33.45116,f
15719,옥택리,5219036023,전북특별자치도,2026-01-13 13:17:33.455937,2026-01-13 13:17:33.455942,f
15720,평촌리,5219036024,전북특별자치도,2026-01-13 13:17:33.460396,2026-01-13 13:17:33.460399,f
15721,입암리,5219036025,전북특별자치도,2026-01-13 13:17:33.464651,2026-01-13 13:17:33.464653,f
15722,송대리,5219036026,전북특별자치도,2026-01-13 13:17:33.468441,2026-01-13 13:17:33.468443,f
15723,강석리,5219036027,전북특별자치도,2026-01-13 13:17:33.472282,2026-01-13 13:17:33.472284,f
15724,사석리,5219036028,전북특별자치도,2026-01-13 13:17:33.475977,2026-01-13 13:17:33.475979,f
15725,방동리,5219036029,전북특별자치도,2026-01-13 13:17:33.480002,2026-01-13 13:17:33.480004,f
15726,월탄리,5219036030,전북특별자치도,2026-01-13 13:17:33.484263,2026-01-13 13:17:33.484266,f
15727,생암리,5219036031,전북특별자치도,2026-01-13 13:17:33.489187,2026-01-13 13:17:33.489189,f
15728,신덕리,5219036032,전북특별자치도,2026-01-13 13:17:33.494711,2026-01-13 13:17:33.494715,f
15729,방산리,5219036033,전북특별자치도,2026-01-13 13:17:33.500213,2026-01-13 13:17:33.500215,f
15730,대산면,5219037000,전북특별자치도,2026-01-13 13:17:33.50406,2026-01-13 13:17:33.504062,f
15731,금성리,5219037021,전북특별자치도,2026-01-13 13:17:33.507876,2026-01-13 13:17:33.507878,f
15732,수덕리,5219037022,전북특별자치도,2026-01-13 13:17:33.512061,2026-01-13 13:17:33.512063,f
15733,대곡리,5219037023,전북특별자치도,2026-01-13 13:17:33.5157,2026-01-13 13:17:33.515702,f
15734,풍촌리,5219037024,전북특별자치도,2026-01-13 13:17:33.520391,2026-01-13 13:17:33.520393,f
15735,신계리,5219037025,전북특별자치도,2026-01-13 13:17:33.524073,2026-01-13 13:17:33.524075,f
15736,운교리,5219037026,전북특별자치도,2026-01-13 13:17:33.528068,2026-01-13 13:17:33.528071,f
15737,옥율리,5219037027,전북특별자치도,2026-01-13 13:17:33.532349,2026-01-13 13:17:33.532352,f
15738,길곡리,5219037028,전북특별자치도,2026-01-13 13:17:33.538205,2026-01-13 13:17:33.53821,f
15739,사매면,5219038000,전북특별자치도,2026-01-13 13:17:33.544736,2026-01-13 13:17:33.544738,f
15740,서도리,5219038021,전북특별자치도,2026-01-13 13:17:33.549318,2026-01-13 13:17:33.54932,f
15741,계수리,5219038022,전북특별자치도,2026-01-13 13:17:33.554335,2026-01-13 13:17:33.554341,f
15742,인화리,5219038023,전북특별자치도,2026-01-13 13:17:33.56002,2026-01-13 13:17:33.560022,f
15743,화정리,5219038024,전북특별자치도,2026-01-13 13:17:33.564652,2026-01-13 13:17:33.564654,f
15744,대율리,5219038025,전북특별자치도,2026-01-13 13:17:33.568738,2026-01-13 13:17:33.56874,f
15745,월평리,5219038026,전북특별자치도,2026-01-13 13:17:33.572905,2026-01-13 13:17:33.572908,f
15746,오신리,5219038027,전북특별자치도,2026-01-13 13:17:33.577754,2026-01-13 13:17:33.577756,f
15747,관풍리,5219038028,전북특별자치도,2026-01-13 13:17:33.581754,2026-01-13 13:17:33.581755,f
15748,대신리,5219038029,전북특별자치도,2026-01-13 13:17:33.586047,2026-01-13 13:17:33.586048,f
15749,덕과면,5219039000,전북특별자치도,2026-01-13 13:17:33.590041,2026-01-13 13:17:33.590043,f
15750,만도리,5219039021,전북특별자치도,2026-01-13 13:17:33.594001,2026-01-13 13:17:33.594004,f
15751,신양리,5219039022,전북특별자치도,2026-01-13 13:17:33.598599,2026-01-13 13:17:33.598602,f
15752,사율리,5219039023,전북특별자치도,2026-01-13 13:17:33.602644,2026-01-13 13:17:33.602645,f
15753,고정리,5219039024,전북특별자치도,2026-01-13 13:17:33.607003,2026-01-13 13:17:33.607006,f
15754,덕촌리,5219039025,전북특별자치도,2026-01-13 13:17:33.611294,2026-01-13 13:17:33.611296,f
15755,용산리,5219039026,전북특별자치도,2026-01-13 13:17:33.615632,2026-01-13 13:17:33.615634,f
15756,보절면,5219040000,전북특별자치도,2026-01-13 13:17:33.619705,2026-01-13 13:17:33.619707,f
15757,서치리,5219040021,전북특별자치도,2026-01-13 13:17:33.623686,2026-01-13 13:17:33.623689,f
15758,주천리,5219031021,전북특별자치도,2026-01-13 13:17:33.627688,2026-01-13 13:17:33.627691,f
15759,배덕리,5219031022,전북특별자치도,2026-01-13 13:17:33.631274,2026-01-13 13:17:33.631275,f
15760,송치리,5219031023,전북특별자치도,2026-01-13 13:17:33.636019,2026-01-13 13:17:33.636023,f
15761,용담리,5219031024,전북특별자치도,2026-01-13 13:17:33.640626,2026-01-13 13:17:33.640628,f
15762,호기리,5219031025,전북특별자치도,2026-01-13 13:17:33.645001,2026-01-13 13:17:33.645004,f
15763,장안리,5219031026,전북특별자치도,2026-01-13 13:17:33.649258,2026-01-13 13:17:33.64926,f
15764,은송리,5219031027,전북특별자치도,2026-01-13 13:17:33.652961,2026-01-13 13:17:33.652962,f
15765,호경리,5219031028,전북특별자치도,2026-01-13 13:17:33.658036,2026-01-13 13:17:33.65804,f
15766,용궁리,5219031029,전북특별자치도,2026-01-13 13:17:33.662698,2026-01-13 13:17:33.6627,f
15767,고기리,5219031030,전북특별자치도,2026-01-13 13:17:33.667219,2026-01-13 13:17:33.667222,f
15768,덕치리,5219031031,전북특별자치도,2026-01-13 13:17:33.671203,2026-01-13 13:17:33.671205,f
15769,수지면,5219032000,전북특별자치도,2026-01-13 13:17:33.675014,2026-01-13 13:17:33.675015,f
15770,남창리,5219032021,전북특별자치도,2026-01-13 13:17:33.679888,2026-01-13 13:17:33.67989,f
15771,초리,5219032022,전북특별자치도,2026-01-13 13:17:33.68426,2026-01-13 13:17:33.684263,f
15772,산정리,5219032023,전북특별자치도,2026-01-13 13:17:33.689285,2026-01-13 13:17:33.689289,f
15773,유암리,5219032024,전북특별자치도,2026-01-13 13:17:33.694463,2026-01-13 13:17:33.694465,f
15774,호곡리,5219032025,전북특별자치도,2026-01-13 13:17:33.699066,2026-01-13 13:17:33.699069,f
15775,고평리,5219032026,전북특별자치도,2026-01-13 13:17:33.70348,2026-01-13 13:17:33.703482,f
15776,송동면,5219033000,전북특별자치도,2026-01-13 13:17:33.707255,2026-01-13 13:17:33.707257,f
15777,신평리,5219033021,전북특별자치도,2026-01-13 13:17:33.710898,2026-01-13 13:17:33.7109,f
15778,송내리,5219033022,전북특별자치도,2026-01-13 13:17:33.715645,2026-01-13 13:17:33.715649,f
15779,사촌리,5219033023,전북특별자치도,2026-01-13 13:17:33.720738,2026-01-13 13:17:33.720741,f
15780,송상리,5219033024,전북특별자치도,2026-01-13 13:17:33.725661,2026-01-13 13:17:33.725663,f
15781,장국리,5219033025,전북특별자치도,2026-01-13 13:17:33.73032,2026-01-13 13:17:33.730322,f
15782,흑송리,5219033026,전북특별자치도,2026-01-13 13:17:33.734948,2026-01-13 13:17:33.734954,f
15783,송기리,5219033027,전북특별자치도,2026-01-13 13:17:33.741203,2026-01-13 13:17:33.741205,f
15784,장포리,5219033028,전북특별자치도,2026-01-13 13:17:33.745584,2026-01-13 13:17:33.745587,f
15785,영동리,5219033029,전북특별자치도,2026-01-13 13:17:33.749626,2026-01-13 13:17:33.749628,f
15786,연산리,5219033030,전북특별자치도,2026-01-13 13:17:33.753842,2026-01-13 13:17:33.753846,f
15787,양평리,5219033031,전북특별자치도,2026-01-13 13:17:33.761723,2026-01-13 13:17:33.761727,f
15788,두신리,5219033032,전북특별자치도,2026-01-13 13:17:33.766335,2026-01-13 13:17:33.766338,f
15789,세전리,5219033033,전북특별자치도,2026-01-13 13:17:33.77059,2026-01-13 13:17:33.770592,f
15790,주생면,5219034000,전북특별자치도,2026-01-13 13:17:33.774588,2026-01-13 13:17:33.77459,f
15791,상동리,5219034021,전북특별자치도,2026-01-13 13:17:33.77953,2026-01-13 13:17:33.779532,f
15792,중동리,5219034022,전북특별자치도,2026-01-13 13:17:33.785086,2026-01-13 13:17:33.785089,f
15793,지당리,5219034023,전북특별자치도,2026-01-13 13:17:33.789707,2026-01-13 13:17:33.78971,f
15794,정송리,5219034024,전북특별자치도,2026-01-13 13:17:33.794597,2026-01-13 13:17:33.794602,f
15795,영천리,5219034025,전북특별자치도,2026-01-13 13:17:33.804286,2026-01-13 13:17:33.804291,f
15796,제천리,5219034026,전북특별자치도,2026-01-13 13:17:33.811455,2026-01-13 13:17:33.811458,f
15797,낙동리,5219034027,전북특별자치도,2026-01-13 13:17:33.816115,2026-01-13 13:17:33.816117,f
15798,내동리,5219034028,전북특별자치도,2026-01-13 13:17:33.820932,2026-01-13 13:17:33.820935,f
15799,도산리,5219034029,전북특별자치도,2026-01-13 13:17:33.826105,2026-01-13 13:17:33.82611,f
15800,금지면,5219035000,전북특별자치도,2026-01-13 13:17:33.830608,2026-01-13 13:17:33.83061,f
15801,옹정리,5219035021,전북특별자치도,2026-01-13 13:17:33.834962,2026-01-13 13:17:33.834966,f
15802,입암리,5219035022,전북특별자치도,2026-01-13 13:17:33.840369,2026-01-13 13:17:33.840372,f
15803,서매리,5219035023,전북특별자치도,2026-01-13 13:17:33.844551,2026-01-13 13:17:33.844553,f
15804,방촌리,5219035024,전북특별자치도,2026-01-13 13:17:33.848787,2026-01-13 13:17:33.848789,f
15805,택내리,5219035025,전북특별자치도,2026-01-13 13:17:33.853404,2026-01-13 13:17:33.853407,f
15806,창산리,5219035026,전북특별자치도,2026-01-13 13:17:33.858102,2026-01-13 13:17:33.858104,f
15807,상신리,5219035027,전북특별자치도,2026-01-13 13:17:33.862394,2026-01-13 13:17:33.862396,f
15808,신월리,5219035028,전북특별자치도,2026-01-13 13:17:33.866893,2026-01-13 13:17:33.866895,f
15809,상귀리,5219035029,전북특별자치도,2026-01-13 13:17:33.871702,2026-01-13 13:17:33.871705,f
15810,상두리,5218044025,전북특별자치도,2026-01-13 13:17:33.875746,2026-01-13 13:17:33.875747,f
15811,오공리,5218044026,전북특별자치도,2026-01-13 13:17:33.881396,2026-01-13 13:17:33.8814,f
15812,목욕리,5218044027,전북특별자치도,2026-01-13 13:17:33.886413,2026-01-13 13:17:33.886416,f
15813,종산리,5218044028,전북특별자치도,2026-01-13 13:17:33.891031,2026-01-13 13:17:33.891033,f
15814,남원시,5219000000,전북특별자치도,2026-01-13 13:17:33.897344,2026-01-13 13:17:33.897346,f
15815,동충동,5219010100,전북특별자치도,2026-01-13 13:17:33.901949,2026-01-13 13:17:33.901956,f
15816,하정동,5219010200,전북특별자치도,2026-01-13 13:17:33.906407,2026-01-13 13:17:33.906409,f
15817,죽항동,5219010300,전북특별자치도,2026-01-13 13:17:33.910523,2026-01-13 13:17:33.910525,f
15818,쌍교동,5219010400,전북특별자치도,2026-01-13 13:17:33.91496,2026-01-13 13:17:33.914962,f
15819,천거동,5219010500,전북특별자치도,2026-01-13 13:17:33.919148,2026-01-13 13:17:33.91915,f
15820,금동,5219010600,전북특별자치도,2026-01-13 13:17:33.924919,2026-01-13 13:17:33.924922,f
15821,조산동,5219010700,전북특별자치도,2026-01-13 13:17:33.929189,2026-01-13 13:17:33.929191,f
15822,왕정동,5219010800,전북특별자치도,2026-01-13 13:17:33.933553,2026-01-13 13:17:33.933566,f
15823,신정동,5219010900,전북특별자치도,2026-01-13 13:17:33.938586,2026-01-13 13:17:33.938588,f
15824,화정동,5219011000,전북특별자치도,2026-01-13 13:17:33.943113,2026-01-13 13:17:33.943117,f
15825,향교동,5219011100,전북특별자치도,2026-01-13 13:17:33.951606,2026-01-13 13:17:33.95161,f
15826,용정동,5219011200,전북특별자치도,2026-01-13 13:17:33.956619,2026-01-13 13:17:33.956622,f
15827,광치동,5219011300,전북특별자치도,2026-01-13 13:17:33.960789,2026-01-13 13:17:33.96079,f
15828,내척동,5219011400,전북특별자치도,2026-01-13 13:17:33.965438,2026-01-13 13:17:33.96544,f
15829,산곡동,5219011500,전북특별자치도,2026-01-13 13:17:33.970616,2026-01-13 13:17:33.970619,f
15830,도통동,5219011600,전북특별자치도,2026-01-13 13:17:33.97542,2026-01-13 13:17:33.975434,f
15831,월락동,5219011700,전북특별자치도,2026-01-13 13:17:33.981374,2026-01-13 13:17:33.981377,f
15832,고죽동,5219011800,전북특별자치도,2026-01-13 13:17:33.985784,2026-01-13 13:17:33.985786,f
15833,식정동,5219011900,전북특별자치도,2026-01-13 13:17:33.992238,2026-01-13 13:17:33.992242,f
15834,갈치동,5219012000,전북특별자치도,2026-01-13 13:17:33.997575,2026-01-13 13:17:33.997578,f
15835,노암동,5219012100,전북특별자치도,2026-01-13 13:17:34.002333,2026-01-13 13:17:34.002336,f
15836,어현동,5219012200,전북특별자치도,2026-01-13 13:17:34.006836,2026-01-13 13:17:34.006838,f
15837,신촌동,5219012300,전북특별자치도,2026-01-13 13:17:34.010527,2026-01-13 13:17:34.010529,f
15838,운봉읍,5219025000,전북특별자치도,2026-01-13 13:17:34.014679,2026-01-13 13:17:34.014681,f
15839,주촌리,5219025021,전북특별자치도,2026-01-13 13:17:34.019084,2026-01-13 13:17:34.019087,f
15840,덕산리,5219025022,전북특별자치도,2026-01-13 13:17:34.023529,2026-01-13 13:17:34.023531,f
15841,공안리,5219025023,전북특별자치도,2026-01-13 13:17:34.027655,2026-01-13 13:17:34.027657,f
15842,행정리,5219025024,전북특별자치도,2026-01-13 13:17:34.031629,2026-01-13 13:17:34.031633,f
15843,산덕리,5219025025,전북특별자치도,2026-01-13 13:17:34.036893,2026-01-13 13:17:34.036896,f
15844,동천리,5219025026,전북특별자치도,2026-01-13 13:17:34.041807,2026-01-13 13:17:34.04181,f
15845,용산리,5219025027,전북특별자치도,2026-01-13 13:17:34.046731,2026-01-13 13:17:34.046733,f
15846,북천리,5219025028,전북특별자치도,2026-01-13 13:17:34.050797,2026-01-13 13:17:34.0508,f
15847,서천리,5219025029,전북특별자치도,2026-01-13 13:17:34.056769,2026-01-13 13:17:34.056774,f
15848,준향리,5219025030,전북특별자치도,2026-01-13 13:17:34.061436,2026-01-13 13:17:34.061439,f
15849,장교리,5219025031,전북특별자치도,2026-01-13 13:17:34.066171,2026-01-13 13:17:34.066173,f
15850,권포리,5219025032,전북특별자치도,2026-01-13 13:17:34.070468,2026-01-13 13:17:34.070471,f
15851,임리,5219025033,전북특별자치도,2026-01-13 13:17:34.07426,2026-01-13 13:17:34.074262,f
15852,신기리,5219025034,전북특별자치도,2026-01-13 13:17:34.078056,2026-01-13 13:17:34.078059,f
15853,매요리,5219025035,전북특별자치도,2026-01-13 13:17:34.083533,2026-01-13 13:17:34.083538,f
15854,가산리,5219025036,전북특별자치도,2026-01-13 13:17:34.088659,2026-01-13 13:17:34.088661,f
15855,화수리,5219025037,전북특별자치도,2026-01-13 13:17:34.093593,2026-01-13 13:17:34.093597,f
15856,주천면,5219031000,전북특별자치도,2026-01-13 13:17:34.10074,2026-01-13 13:17:34.100743,f
15857,통석리,5218040027,전북특별자치도,2026-01-13 13:17:34.106336,2026-01-13 13:17:34.106342,f
15858,화봉리,5218040028,전북특별자치도,2026-01-13 13:17:34.11237,2026-01-13 13:17:34.112372,f
15859,용곽리,5218040029,전북특별자치도,2026-01-13 13:17:34.116646,2026-01-13 13:17:34.116649,f
15860,유정리,5218040030,전북특별자치도,2026-01-13 13:17:34.12223,2026-01-13 13:17:34.122234,f
15861,대신리,5218040031,전북특별자치도,2026-01-13 13:17:34.126821,2026-01-13 13:17:34.126824,f
15862,옹동면,5218041000,전북특별자치도,2026-01-13 13:17:34.131233,2026-01-13 13:17:34.131235,f
15863,비봉리,5218041021,전북특별자치도,2026-01-13 13:17:34.135997,2026-01-13 13:17:34.135999,f
15864,매정리,5218041022,전북특별자치도,2026-01-13 13:17:34.142956,2026-01-13 13:17:34.142959,f
15865,산성리,5218041023,전북특별자치도,2026-01-13 13:17:34.147851,2026-01-13 13:17:34.147853,f
15866,상산리,5218041024,전북특별자치도,2026-01-13 13:17:34.152228,2026-01-13 13:17:34.152231,f
15867,칠석리,5218041025,전북특별자치도,2026-01-13 13:17:34.157178,2026-01-13 13:17:34.157182,f
15868,용호리,5218041026,전북특별자치도,2026-01-13 13:17:34.161473,2026-01-13 13:17:34.161475,f
15869,오성리,5218041027,전북특별자치도,2026-01-13 13:17:34.16567,2026-01-13 13:17:34.165672,f
15870,칠보면,5218042000,전북특별자치도,2026-01-13 13:17:34.169723,2026-01-13 13:17:34.169726,f
15871,백암리,5218042021,전북특별자치도,2026-01-13 13:17:34.173874,2026-01-13 13:17:34.173876,f
15872,축현리,5218042022,전북특별자치도,2026-01-13 13:17:34.17859,2026-01-13 13:17:34.178592,f
15873,와우리,5218042023,전북특별자치도,2026-01-13 13:17:34.184871,2026-01-13 13:17:34.184873,f
15874,무성리,5218042024,전북특별자치도,2026-01-13 13:17:34.189046,2026-01-13 13:17:34.189049,f
15875,시산리,5218042025,전북특별자치도,2026-01-13 13:17:34.192652,2026-01-13 13:17:34.192654,f
15876,반곡리,5218042026,전북특별자치도,2026-01-13 13:17:34.196115,2026-01-13 13:17:34.196116,f
15877,수청리,5218042027,전북특별자치도,2026-01-13 13:17:34.200136,2026-01-13 13:17:34.200138,f
15878,산내면,5218043000,전북특별자치도,2026-01-13 13:17:34.204961,2026-01-13 13:17:34.204963,f
15879,두월리,5218043021,전북특별자치도,2026-01-13 13:17:34.208666,2026-01-13 13:17:34.208668,f
15880,장금리,5218043022,전북특별자치도,2026-01-13 13:17:34.212464,2026-01-13 13:17:34.212466,f
15881,매죽리,5218043023,전북특별자치도,2026-01-13 13:17:34.216824,2026-01-13 13:17:34.216826,f
15882,예덕리,5218043024,전북특별자치도,2026-01-13 13:17:34.220737,2026-01-13 13:17:34.220741,f
15883,능교리,5218043025,전북특별자치도,2026-01-13 13:17:34.225242,2026-01-13 13:17:34.225245,f
15884,종성리,5218043026,전북특별자치도,2026-01-13 13:17:34.229736,2026-01-13 13:17:34.229738,f
15885,산외면,5218044000,전북특별자치도,2026-01-13 13:17:34.23331,2026-01-13 13:17:34.233312,f
15886,정량리,5218044021,전북특별자치도,2026-01-13 13:17:34.236879,2026-01-13 13:17:34.23688,f
15887,평사리,5218044022,전북특별자치도,2026-01-13 13:17:34.242572,2026-01-13 13:17:34.242575,f
15888,화죽리,5218044023,전북특별자치도,2026-01-13 13:17:34.247706,2026-01-13 13:17:34.247708,f
15889,동곡리,5218044024,전북특별자치도,2026-01-13 13:17:34.253515,2026-01-13 13:17:34.253519,f
15890,하학리,5218036021,전북특별자치도,2026-01-13 13:17:34.26034,2026-01-13 13:17:34.260344,f
15891,상학리,5218036022,전북특별자치도,2026-01-13 13:17:34.266114,2026-01-13 13:17:34.266117,f
15892,신월리,5218036023,전북특별자치도,2026-01-13 13:17:34.271653,2026-01-13 13:17:34.271656,f
15893,우덕리,5218036024,전북특별자치도,2026-01-13 13:17:34.27765,2026-01-13 13:17:34.277653,f
15894,달천리,5218036025,전북특별자치도,2026-01-13 13:17:34.282743,2026-01-13 13:17:34.282747,f
15895,도계리,5218036026,전북특별자치도,2026-01-13 13:17:34.287487,2026-01-13 13:17:34.287489,f
15896,이평면,5218037000,전북특별자치도,2026-01-13 13:17:34.292987,2026-01-13 13:17:34.29299,f
15897,장내리,5218037021,전북특별자치도,2026-01-13 13:17:34.297894,2026-01-13 13:17:34.297897,f
15898,청량리,5218037022,전북특별자치도,2026-01-13 13:17:34.303072,2026-01-13 13:17:34.303074,f
15899,팔선리,5218037023,전북특별자치도,2026-01-13 13:17:34.307222,2026-01-13 13:17:34.307224,f
15900,산매리,5218037024,전북특별자치도,2026-01-13 13:17:34.311613,2026-01-13 13:17:34.311615,f
15901,두지리,5218037025,전북특별자치도,2026-01-13 13:17:34.31522,2026-01-13 13:17:34.315221,f
15902,평령리,5218037026,전북특별자치도,2026-01-13 13:17:34.320739,2026-01-13 13:17:34.320742,f
15903,창동리,5218037027,전북특별자치도,2026-01-13 13:17:34.325869,2026-01-13 13:17:34.325872,f
15904,하송리,5218037028,전북특별자치도,2026-01-13 13:17:34.329886,2026-01-13 13:17:34.329889,f
15905,마항리,5218037029,전북특별자치도,2026-01-13 13:17:34.334864,2026-01-13 13:17:34.334866,f
15906,두전리,5218037030,전북특별자치도,2026-01-13 13:17:34.339281,2026-01-13 13:17:34.339284,f
15907,오금리,5218037031,전북특별자치도,2026-01-13 13:17:34.344328,2026-01-13 13:17:34.344331,f
15908,정우면,5218038000,전북특별자치도,2026-01-13 13:17:34.34825,2026-01-13 13:17:34.348252,f
15909,우일리,5218038021,전북특별자치도,2026-01-13 13:17:34.352122,2026-01-13 13:17:34.352123,f
15910,산북리,5218038022,전북특별자치도,2026-01-13 13:17:34.356137,2026-01-13 13:17:34.356139,f
15911,대사리,5218038023,전북특별자치도,2026-01-13 13:17:34.360124,2026-01-13 13:17:34.360127,f
15912,화천리,5218038024,전북특별자치도,2026-01-13 13:17:34.364723,2026-01-13 13:17:34.364726,f
15913,회룡리,5218038025,전북특별자치도,2026-01-13 13:17:34.369088,2026-01-13 13:17:34.369091,f
15914,장순리,5218038026,전북특별자치도,2026-01-13 13:17:34.373657,2026-01-13 13:17:34.37366,f
15915,초강리,5218038027,전북특별자치도,2026-01-13 13:17:34.377865,2026-01-13 13:17:34.377867,f
15916,대산리,5218038028,전북특별자치도,2026-01-13 13:17:34.382012,2026-01-13 13:17:34.382014,f
15917,수금리,5218038030,전북특별자치도,2026-01-13 13:17:34.385837,2026-01-13 13:17:34.385839,f
15918,우산리,5218038031,전북특별자치도,2026-01-13 13:17:34.390027,2026-01-13 13:17:34.390029,f
15919,태인면,5218039000,전북특별자치도,2026-01-13 13:17:34.394131,2026-01-13 13:17:34.394134,f
15920,박산리,5218039021,전북특별자치도,2026-01-13 13:17:34.398002,2026-01-13 13:17:34.398003,f
15921,오봉리,5218039022,전북특별자치도,2026-01-13 13:17:34.404234,2026-01-13 13:17:34.404236,f
15922,궁사리,5218039023,전북특별자치도,2026-01-13 13:17:34.408925,2026-01-13 13:17:34.408927,f
15923,태성리,5218039024,전북특별자치도,2026-01-13 13:17:34.413783,2026-01-13 13:17:34.413786,f
15924,거산리,5218039025,전북특별자치도,2026-01-13 13:17:34.41877,2026-01-13 13:17:34.418773,f
15925,증산리,5218039026,전북특별자치도,2026-01-13 13:17:34.42377,2026-01-13 13:17:34.423772,f
15926,태흥리,5218039027,전북특별자치도,2026-01-13 13:17:34.427926,2026-01-13 13:17:34.427929,f
15927,고천리,5218039028,전북특별자치도,2026-01-13 13:17:34.431698,2026-01-13 13:17:34.4317,f
15928,낙양리,5218039029,전북특별자치도,2026-01-13 13:17:34.437419,2026-01-13 13:17:34.437468,f
15929,태창리,5218039030,전북특별자치도,2026-01-13 13:17:34.445102,2026-01-13 13:17:34.44511,f
15930,태남리,5218039031,전북특별자치도,2026-01-13 13:17:34.452808,2026-01-13 13:17:34.452812,f
15931,매계리,5218039032,전북특별자치도,2026-01-13 13:17:34.457509,2026-01-13 13:17:34.457511,f
15932,오류리,5218039033,전북특별자치도,2026-01-13 13:17:34.462295,2026-01-13 13:17:34.462297,f
15933,태서리,5218039034,전북특별자치도,2026-01-13 13:17:34.467319,2026-01-13 13:17:34.467321,f
15934,감곡면,5218040000,전북특별자치도,2026-01-13 13:17:34.471297,2026-01-13 13:17:34.4713,f
15935,승방리,5218040021,전북특별자치도,2026-01-13 13:17:34.475489,2026-01-13 13:17:34.475492,f
15936,계룡리,5218040022,전북특별자치도,2026-01-13 13:17:34.479803,2026-01-13 13:17:34.479805,f
15937,삼평리,5218040023,전북특별자치도,2026-01-13 13:17:34.484863,2026-01-13 13:17:34.484865,f
15938,방교리,5218040024,전북특별자치도,2026-01-13 13:17:34.490455,2026-01-13 13:17:34.490458,f
15939,오주리,5218040025,전북특별자치도,2026-01-13 13:17:34.499195,2026-01-13 13:17:34.499197,f
15940,진흥리,5218040026,전북특별자치도,2026-01-13 13:17:34.507537,2026-01-13 13:17:34.507539,f
15941,태곡리,5218031025,전북특별자치도,2026-01-13 13:17:34.511827,2026-01-13 13:17:34.511829,f
15942,보림리,5218031026,전북특별자치도,2026-01-13 13:17:34.51581,2026-01-13 13:17:34.515812,f
15943,마정리,5218031027,전북특별자치도,2026-01-13 13:17:34.520349,2026-01-13 13:17:34.520351,f
15944,화해리,5218031028,전북특별자치도,2026-01-13 13:17:34.525129,2026-01-13 13:17:34.525133,f
15945,남산리,5218031029,전북특별자치도,2026-01-13 13:17:34.529947,2026-01-13 13:17:34.52995,f
15946,장학리,5218031030,전북특별자치도,2026-01-13 13:17:34.535489,2026-01-13 13:17:34.535493,f
15947,입암면,5218032000,전북특별자치도,2026-01-13 13:17:34.540179,2026-01-13 13:17:34.540181,f
15948,지선리,5218032021,전북특별자치도,2026-01-13 13:17:34.546248,2026-01-13 13:17:34.54625,f
15949,단곡리,5218032022,전북특별자치도,2026-01-13 13:17:34.550318,2026-01-13 13:17:34.55032,f
15950,연월리,5218032023,전북특별자치도,2026-01-13 13:17:34.555046,2026-01-13 13:17:34.555049,f
15951,천원리,5218032024,전북특별자치도,2026-01-13 13:17:34.560742,2026-01-13 13:17:34.560744,f
15952,등천리,5218032025,전북특별자치도,2026-01-13 13:17:34.566588,2026-01-13 13:17:34.566601,f
15953,하부리,5218032026,전북특별자치도,2026-01-13 13:17:34.571666,2026-01-13 13:17:34.571669,f
15954,접지리,5218032027,전북특별자치도,2026-01-13 13:17:34.576298,2026-01-13 13:17:34.5763,f
15955,신면리,5218032028,전북특별자치도,2026-01-13 13:17:34.58112,2026-01-13 13:17:34.581122,f
15956,마석리,5218032029,전북특별자치도,2026-01-13 13:17:34.585526,2026-01-13 13:17:34.585528,f
15957,봉양리,5218032030,전북특별자치도,2026-01-13 13:17:34.589927,2026-01-13 13:17:34.589929,f
15958,대흥리,5218032031,전북특별자치도,2026-01-13 13:17:34.594155,2026-01-13 13:17:34.594158,f
15959,소성면,5218033000,전북특별자치도,2026-01-13 13:17:34.59821,2026-01-13 13:17:34.598213,f
15960,주천리,5218033021,전북특별자치도,2026-01-13 13:17:34.602811,2026-01-13 13:17:34.602813,f
15961,보화리,5218033022,전북특별자치도,2026-01-13 13:17:34.60684,2026-01-13 13:17:34.606842,f
15962,등계리,5218033023,전북특별자치도,2026-01-13 13:17:34.611017,2026-01-13 13:17:34.611019,f
15963,용정리,5218033024,전북특별자치도,2026-01-13 13:17:34.615947,2026-01-13 13:17:34.615949,f
15964,화룡리,5218033025,전북특별자치도,2026-01-13 13:17:34.620062,2026-01-13 13:17:34.620065,f
15965,고교리,5218033026,전북특별자치도,2026-01-13 13:17:34.624364,2026-01-13 13:17:34.624366,f
15966,애당리,5218033027,전북특별자치도,2026-01-13 13:17:34.629346,2026-01-13 13:17:34.629349,f
15967,중광리,5218033028,전북특별자치도,2026-01-13 13:17:34.633441,2026-01-13 13:17:34.633443,f
15968,신천리,5218033029,전북특별자치도,2026-01-13 13:17:34.637954,2026-01-13 13:17:34.637956,f
15969,기린리,5218033030,전북특별자치도,2026-01-13 13:17:34.64305,2026-01-13 13:17:34.643052,f
15970,고부면,5218034000,전북특별자치도,2026-01-13 13:17:34.647391,2026-01-13 13:17:34.647393,f
15971,관청리,5218034021,전북특별자치도,2026-01-13 13:17:34.651713,2026-01-13 13:17:34.651715,f
15972,백운리,5218034022,전북특별자치도,2026-01-13 13:17:34.656784,2026-01-13 13:17:34.656787,f
15973,만화리,5218034023,전북특별자치도,2026-01-13 13:17:34.662791,2026-01-13 13:17:34.662794,f
15974,신중리,5218034024,전북특별자치도,2026-01-13 13:17:34.667146,2026-01-13 13:17:34.667148,f
15975,고부리,5218034025,전북특별자치도,2026-01-13 13:17:34.671205,2026-01-13 13:17:34.671206,f
15976,덕안리,5218034026,전북특별자치도,2026-01-13 13:17:34.674992,2026-01-13 13:17:34.674995,f
15977,신흥리,5218034027,전북특별자치도,2026-01-13 13:17:34.679229,2026-01-13 13:17:34.679232,f
15978,강고리,5218034028,전북특별자치도,2026-01-13 13:17:34.683656,2026-01-13 13:17:34.683659,f
15979,남복리,5218034029,전북특별자치도,2026-01-13 13:17:34.688339,2026-01-13 13:17:34.688342,f
15980,장문리,5218034030,전북특별자치도,2026-01-13 13:17:34.692784,2026-01-13 13:17:34.692789,f
15981,용흥리,5218034031,전북특별자치도,2026-01-13 13:17:34.698156,2026-01-13 13:17:34.698159,f
15982,입석리,5218034032,전북특별자치도,2026-01-13 13:17:34.703029,2026-01-13 13:17:34.703032,f
15983,만수리,5218034033,전북특별자치도,2026-01-13 13:17:34.708094,2026-01-13 13:17:34.708096,f
15984,영원면,5218035000,전북특별자치도,2026-01-13 13:17:34.712329,2026-01-13 13:17:34.712331,f
15985,은선리,5218035021,전북특별자치도,2026-01-13 13:17:34.716626,2026-01-13 13:17:34.716628,f
15986,신영리,5218035022,전북특별자치도,2026-01-13 13:17:34.72213,2026-01-13 13:17:34.722136,f
15987,장재리,5218035023,전북특별자치도,2026-01-13 13:17:34.726943,2026-01-13 13:17:34.726945,f
15988,풍월리,5218035024,전북특별자치도,2026-01-13 13:17:34.731141,2026-01-13 13:17:34.731143,f
15989,앵성리,5218035025,전북특별자치도,2026-01-13 13:17:34.735176,2026-01-13 13:17:34.735177,f
15990,운학리,5218035026,전북특별자치도,2026-01-13 13:17:34.739436,2026-01-13 13:17:34.739438,f
15991,후지리,5218035027,전북특별자치도,2026-01-13 13:17:34.744778,2026-01-13 13:17:34.744783,f
15992,덕천면,5218036000,전북특별자치도,2026-01-13 13:17:34.750167,2026-01-13 13:17:34.75017,f
15993,대조리,5214044024,전북특별자치도,2026-01-13 13:17:34.754581,2026-01-13 13:17:34.754583,f
15994,화실리,5214044025,전북특별자치도,2026-01-13 13:17:34.758975,2026-01-13 13:17:34.758978,f
15995,화배리,5214044026,전북특별자치도,2026-01-13 13:17:34.764293,2026-01-13 13:17:34.764297,f
15996,정읍시,5218000000,전북특별자치도,2026-01-13 13:17:34.768293,2026-01-13 13:17:34.768294,f
15997,수성동,5218010100,전북특별자치도,2026-01-13 13:17:34.771942,2026-01-13 13:17:34.771944,f
15998,장명동,5218010200,전북특별자치도,2026-01-13 13:17:34.777773,2026-01-13 13:17:34.777776,f
15999,상동,5218010300,전북특별자치도,2026-01-13 13:17:34.783582,2026-01-13 13:17:34.783585,f
16000,시기동,5218010400,전북특별자치도,2026-01-13 13:17:34.788019,2026-01-13 13:17:34.788021,f
16001,연지동,5218010500,전북특별자치도,2026-01-13 13:17:34.792034,2026-01-13 13:17:34.792036,f
16002,농소동,5218010600,전북특별자치도,2026-01-13 13:17:34.796191,2026-01-13 13:17:34.796194,f
16003,하모동,5218010700,전북특별자치도,2026-01-13 13:17:34.800494,2026-01-13 13:17:34.800496,f
16004,상평동,5218010800,전북특별자치도,2026-01-13 13:17:34.804925,2026-01-13 13:17:34.804928,f
16005,과교동,5218010900,전북특별자치도,2026-01-13 13:17:34.809331,2026-01-13 13:17:34.809334,f
16006,삼산동,5218011000,전북특별자치도,2026-01-13 13:17:34.813769,2026-01-13 13:17:34.813771,f
16007,진산동,5218011100,전북특별자치도,2026-01-13 13:17:34.818143,2026-01-13 13:17:34.818146,f
16008,금붕동,5218011200,전북특별자치도,2026-01-13 13:17:34.822527,2026-01-13 13:17:34.822529,f
16009,송산동,5218011300,전북특별자치도,2026-01-13 13:17:34.826338,2026-01-13 13:17:34.826341,f
16010,신월동,5218011400,전북특별자치도,2026-01-13 13:17:34.830442,2026-01-13 13:17:34.830445,f
16011,용산동,5218011500,전북특별자치도,2026-01-13 13:17:34.834245,2026-01-13 13:17:34.834247,f
16012,교암동,5218011600,전북특별자치도,2026-01-13 13:17:34.838241,2026-01-13 13:17:34.838244,f
16013,부전동,5218011700,전북특별자치도,2026-01-13 13:17:34.84493,2026-01-13 13:17:34.844933,f
16014,쌍암동,5218011800,전북특별자치도,2026-01-13 13:17:34.849075,2026-01-13 13:17:34.849076,f
16015,내장동,5218011900,전북특별자치도,2026-01-13 13:17:34.853591,2026-01-13 13:17:34.853593,f
16016,영파동,5218012000,전북특별자치도,2026-01-13 13:17:34.858004,2026-01-13 13:17:34.858006,f
16017,하북동,5218012100,전북특별자치도,2026-01-13 13:17:34.862596,2026-01-13 13:17:34.862598,f
16018,구룡동,5218012200,전북특별자치도,2026-01-13 13:17:34.867433,2026-01-13 13:17:34.867436,f
16019,흑암동,5218012300,전북특별자치도,2026-01-13 13:17:34.873062,2026-01-13 13:17:34.873064,f
16020,용계동,5218012400,전북특별자치도,2026-01-13 13:17:34.877654,2026-01-13 13:17:34.877657,f
16021,공평동,5218012500,전북특별자치도,2026-01-13 13:17:34.885391,2026-01-13 13:17:34.885398,f
16022,망제동,5218012600,전북특별자치도,2026-01-13 13:17:34.892312,2026-01-13 13:17:34.892317,f
16023,신정동,5218012700,전북특별자치도,2026-01-13 13:17:34.897824,2026-01-13 13:17:34.897827,f
16024,신태인읍,5218025000,전북특별자치도,2026-01-13 13:17:34.90959,2026-01-13 13:17:34.909596,f
16025,신태인리,5218025021,전북특별자치도,2026-01-13 13:17:34.918248,2026-01-13 13:17:34.918255,f
16026,우령리,5218025022,전북특별자치도,2026-01-13 13:17:34.92566,2026-01-13 13:17:34.925666,f
16027,신덕리,5218025023,전북특별자치도,2026-01-13 13:17:34.933029,2026-01-13 13:17:34.933033,f
16028,청천리,5218025024,전북특별자치도,2026-01-13 13:17:34.939568,2026-01-13 13:17:34.939571,f
16029,화호리,5218025025,전북특별자치도,2026-01-13 13:17:34.944622,2026-01-13 13:17:34.944628,f
16030,육리,5218025026,전북특별자치도,2026-01-13 13:17:34.951139,2026-01-13 13:17:34.951142,f
16031,연정리,5218025027,전북특별자치도,2026-01-13 13:17:34.955608,2026-01-13 13:17:34.955619,f
16032,신용리,5218025028,전북특별자치도,2026-01-13 13:17:34.960675,2026-01-13 13:17:34.960678,f
16033,양괴리,5218025029,전북특별자치도,2026-01-13 13:17:34.96553,2026-01-13 13:17:34.965531,f
16034,구석리,5218025030,전북특별자치도,2026-01-13 13:17:34.96933,2026-01-13 13:17:34.969332,f
16035,백산리,5218025031,전북특별자치도,2026-01-13 13:17:34.974376,2026-01-13 13:17:34.974381,f
16036,북면,5218031000,전북특별자치도,2026-01-13 13:17:34.978867,2026-01-13 13:17:34.978869,f
16037,한교리,5218031021,전북특별자치도,2026-01-13 13:17:34.984556,2026-01-13 13:17:34.984559,f
16038,승부리,5218031022,전북특별자치도,2026-01-13 13:17:34.996005,2026-01-13 13:17:34.996014,f
16039,신평리,5218031023,전북특별자치도,2026-01-13 13:17:35.010671,2026-01-13 13:17:35.010677,f
16040,복흥리,5218031024,전북특별자치도,2026-01-13 13:17:35.02118,2026-01-13 13:17:35.021186,f
16041,원수리,5214039023,전북특별자치도,2026-01-13 13:17:35.029715,2026-01-13 13:17:35.029719,f
16042,호산리,5214039024,전북특별자치도,2026-01-13 13:17:35.038171,2026-01-13 13:17:35.038175,f
16043,태성리,5214039025,전북특별자치도,2026-01-13 13:17:35.046391,2026-01-13 13:17:35.046394,f
16044,두여리,5214039026,전북특별자치도,2026-01-13 13:17:35.051399,2026-01-13 13:17:35.051401,f
16045,금마면,5214040000,전북특별자치도,2026-01-13 13:17:35.056733,2026-01-13 13:17:35.056735,f
16046,동고도리,5214040021,전북특별자치도,2026-01-13 13:17:35.061772,2026-01-13 13:17:35.061774,f
16047,서고도리,5214040022,전북특별자치도,2026-01-13 13:17:35.065806,2026-01-13 13:17:35.065808,f
16048,신용리,5214040023,전북특별자치도,2026-01-13 13:17:35.069547,2026-01-13 13:17:35.069548,f
16049,산북리,5214040024,전북특별자치도,2026-01-13 13:17:35.073555,2026-01-13 13:17:35.073558,f
16050,용순리,5214040025,전북특별자치도,2026-01-13 13:17:35.085378,2026-01-13 13:17:35.085382,f
16051,기양리,5214040026,전북특별자치도,2026-01-13 13:17:35.09225,2026-01-13 13:17:35.092255,f
16052,갈산리,5214040027,전북특별자치도,2026-01-13 13:17:35.096879,2026-01-13 13:17:35.096882,f
16053,왕궁면,5214041000,전북특별자치도,2026-01-13 13:17:35.101008,2026-01-13 13:17:35.10101,f
16054,광암리,5214041021,전북특별자치도,2026-01-13 13:17:35.106007,2026-01-13 13:17:35.106012,f
16055,흥암리,5214041022,전북특별자치도,2026-01-13 13:17:35.110476,2026-01-13 13:17:35.110479,f
16056,구덕리,5214041023,전북특별자치도,2026-01-13 13:17:35.114757,2026-01-13 13:17:35.11476,f
16057,온수리,5214041024,전북특별자치도,2026-01-13 13:17:35.118764,2026-01-13 13:17:35.118766,f
16058,쌍제리,5214041025,전북특별자치도,2026-01-13 13:17:35.123395,2026-01-13 13:17:35.123397,f
16059,발산리,5214041026,전북특별자치도,2026-01-13 13:17:35.127351,2026-01-13 13:17:35.127354,f
16060,평장리,5214041027,전북특별자치도,2026-01-13 13:17:35.131007,2026-01-13 13:17:35.131009,f
16061,동촌리,5214041028,전북특별자치도,2026-01-13 13:17:35.135185,2026-01-13 13:17:35.135187,f
16062,도순리,5214041029,전북특별자치도,2026-01-13 13:17:35.13974,2026-01-13 13:17:35.139742,f
16063,용화리,5214041030,전북특별자치도,2026-01-13 13:17:35.144432,2026-01-13 13:17:35.144435,f
16064,동봉리,5214041031,전북특별자치도,2026-01-13 13:17:35.148045,2026-01-13 13:17:35.148046,f
16065,동용리,5214041032,전북특별자치도,2026-01-13 13:17:35.152138,2026-01-13 13:17:35.15214,f
16066,왕궁리,5214041033,전북특별자치도,2026-01-13 13:17:35.156732,2026-01-13 13:17:35.156735,f
16067,춘포면,5214042000,전북특별자치도,2026-01-13 13:17:35.160923,2026-01-13 13:17:35.160925,f
16068,덕실리,5214042022,전북특별자치도,2026-01-13 13:17:35.16604,2026-01-13 13:17:35.166042,f
16069,삼포리,5214042023,전북특별자치도,2026-01-13 13:17:35.169976,2026-01-13 13:17:35.169978,f
16070,오산리,5214042024,전북특별자치도,2026-01-13 13:17:35.174937,2026-01-13 13:17:35.174939,f
16071,신동리,5214042025,전북특별자치도,2026-01-13 13:17:35.180072,2026-01-13 13:17:35.180075,f
16072,창평리,5214042026,전북특별자치도,2026-01-13 13:17:35.184511,2026-01-13 13:17:35.184513,f
16073,천서리,5214042027,전북특별자치도,2026-01-13 13:17:35.190283,2026-01-13 13:17:35.190289,f
16074,천동리,5214042028,전북특별자치도,2026-01-13 13:17:35.195108,2026-01-13 13:17:35.195111,f
16075,쌍정리,5214042029,전북특별자치도,2026-01-13 13:17:35.200335,2026-01-13 13:17:35.200338,f
16076,인수리,5214042030,전북특별자치도,2026-01-13 13:17:35.207386,2026-01-13 13:17:35.207388,f
16077,용연리,5214042031,전북특별자치도,2026-01-13 13:17:35.212411,2026-01-13 13:17:35.212413,f
16078,춘포리,5214042032,전북특별자치도,2026-01-13 13:17:35.217304,2026-01-13 13:17:35.217307,f
16079,삼기면,5214043000,전북특별자치도,2026-01-13 13:17:35.22239,2026-01-13 13:17:35.222393,f
16080,간촌리,5214043021,전북특별자치도,2026-01-13 13:17:35.228614,2026-01-13 13:17:35.228616,f
16081,서두리,5214043022,전북특별자치도,2026-01-13 13:17:35.232595,2026-01-13 13:17:35.232597,f
16082,오룡리,5214043023,전북특별자치도,2026-01-13 13:17:35.236916,2026-01-13 13:17:35.236918,f
16083,연동리,5214043024,전북특별자치도,2026-01-13 13:17:35.240925,2026-01-13 13:17:35.240928,f
16084,기산리,5214043025,전북특별자치도,2026-01-13 13:17:35.245904,2026-01-13 13:17:35.245907,f
16085,용연리,5214043026,전북특별자치도,2026-01-13 13:17:35.25009,2026-01-13 13:17:35.250092,f
16086,용동면,5214044000,전북특별자치도,2026-01-13 13:17:35.254411,2026-01-13 13:17:35.254415,f
16087,흥왕리,5214044021,전북특별자치도,2026-01-13 13:17:35.258889,2026-01-13 13:17:35.258891,f
16088,구산리,5214044022,전북특별자치도,2026-01-13 13:17:35.262841,2026-01-13 13:17:35.262843,f
16089,용성리,5214044023,전북특별자치도,2026-01-13 13:17:35.266469,2026-01-13 13:17:35.266471,f
16090,신등리,5214033025,전북특별자치도,2026-01-13 13:17:35.26993,2026-01-13 13:17:35.269931,f
16091,신목리,5214033026,전북특별자치도,2026-01-13 13:17:35.273478,2026-01-13 13:17:35.27348,f
16092,웅포면,5214034000,전북특별자치도,2026-01-13 13:17:35.277309,2026-01-13 13:17:35.277312,f
16093,입점리,5214034021,전북특별자치도,2026-01-13 13:17:35.282779,2026-01-13 13:17:35.282783,f
16094,웅포리,5214034022,전북특별자치도,2026-01-13 13:17:35.287003,2026-01-13 13:17:35.287005,f
16095,송천리,5214034023,전북특별자치도,2026-01-13 13:17:35.290984,2026-01-13 13:17:35.290986,f
16096,고창리,5214034024,전북특별자치도,2026-01-13 13:17:35.296718,2026-01-13 13:17:35.296721,f
16097,맹산리,5214034025,전북특별자치도,2026-01-13 13:17:35.301544,2026-01-13 13:17:35.301546,f
16098,제성리,5214034026,전북특별자치도,2026-01-13 13:17:35.307058,2026-01-13 13:17:35.307064,f
16099,대붕암리,5214034027,전북특별자치도,2026-01-13 13:17:35.312406,2026-01-13 13:17:35.312408,f
16100,성당면,5214035000,전북특별자치도,2026-01-13 13:17:35.316528,2026-01-13 13:17:35.31653,f
16101,장선리,5214035021,전북특별자치도,2026-01-13 13:17:35.320491,2026-01-13 13:17:35.320494,f
16102,와초리,5214035022,전북특별자치도,2026-01-13 13:17:35.324641,2026-01-13 13:17:35.324643,f
16103,대선리,5214035023,전북특별자치도,2026-01-13 13:17:35.328701,2026-01-13 13:17:35.328702,f
16104,갈산리,5214035024,전북특별자치도,2026-01-13 13:17:35.332525,2026-01-13 13:17:35.332527,f
16105,두동리,5214035025,전북특별자치도,2026-01-13 13:17:35.336593,2026-01-13 13:17:35.336595,f
16106,성당리,5214035026,전북특별자치도,2026-01-13 13:17:35.340913,2026-01-13 13:17:35.340915,f
16107,부곡리,5214035027,전북특별자치도,2026-01-13 13:17:35.344845,2026-01-13 13:17:35.344848,f
16108,용안면,5214036000,전북특별자치도,2026-01-13 13:17:35.348566,2026-01-13 13:17:35.348567,f
16109,교동리,5214036021,전북특별자치도,2026-01-13 13:17:35.352587,2026-01-13 13:17:35.352589,f
16110,덕용리,5214036022,전북특별자치도,2026-01-13 13:17:35.356837,2026-01-13 13:17:35.356839,f
16111,중신리,5214036023,전북특별자치도,2026-01-13 13:17:35.361791,2026-01-13 13:17:35.361794,f
16112,창리,5214036024,전북특별자치도,2026-01-13 13:17:35.366253,2026-01-13 13:17:35.366255,f
16113,용두리,5214036025,전북특별자치도,2026-01-13 13:17:35.370066,2026-01-13 13:17:35.370068,f
16114,법성리,5214036026,전북특별자치도,2026-01-13 13:17:35.374363,2026-01-13 13:17:35.374365,f
16115,석동리,5214036027,전북특별자치도,2026-01-13 13:17:35.379126,2026-01-13 13:17:35.379128,f
16116,난포리,5214036028,전북특별자치도,2026-01-13 13:17:35.383701,2026-01-13 13:17:35.383703,f
16117,송산리,5214036029,전북특별자치도,2026-01-13 13:17:35.387498,2026-01-13 13:17:35.3875,f
16118,동지산리,5214036030,전북특별자치도,2026-01-13 13:17:35.391292,2026-01-13 13:17:35.391293,f
16119,칠목리,5214036031,전북특별자치도,2026-01-13 13:17:35.39504,2026-01-13 13:17:35.395042,f
16120,낭산면,5214037000,전북특별자치도,2026-01-13 13:17:35.399346,2026-01-13 13:17:35.399349,f
16121,삼담리,5214037021,전북특별자치도,2026-01-13 13:17:35.403699,2026-01-13 13:17:35.403701,f
16122,호암리,5214037022,전북특별자치도,2026-01-13 13:17:35.408396,2026-01-13 13:17:35.408398,f
16123,석천리,5214037023,전북특별자치도,2026-01-13 13:17:35.412246,2026-01-13 13:17:35.412248,f
16124,낭산리,5214037024,전북특별자치도,2026-01-13 13:17:35.417409,2026-01-13 13:17:35.417412,f
16125,성남리,5214037025,전북특별자치도,2026-01-13 13:17:35.421991,2026-01-13 13:17:35.421994,f
16126,구평리,5214037026,전북특별자치도,2026-01-13 13:17:35.426054,2026-01-13 13:17:35.426056,f
16127,용기리,5214037027,전북특별자치도,2026-01-13 13:17:35.430429,2026-01-13 13:17:35.43043,f
16128,망성면,5214038000,전북특별자치도,2026-01-13 13:17:35.434021,2026-01-13 13:17:35.434022,f
16129,신작리,5214038021,전북특별자치도,2026-01-13 13:17:35.437985,2026-01-13 13:17:35.437986,f
16130,화산리,5214038022,전북특별자치도,2026-01-13 13:17:35.443344,2026-01-13 13:17:35.443347,f
16131,장선리,5214038023,전북특별자치도,2026-01-13 13:17:35.447699,2026-01-13 13:17:35.447701,f
16132,어량리,5214038024,전북특별자치도,2026-01-13 13:17:35.454923,2026-01-13 13:17:35.454929,f
16133,내촌리,5214038025,전북특별자치도,2026-01-13 13:17:35.460726,2026-01-13 13:17:35.460728,f
16134,무형리,5214038026,전북특별자치도,2026-01-13 13:17:35.467432,2026-01-13 13:17:35.467435,f
16135,여산면,5214039000,전북특별자치도,2026-01-13 13:17:35.472532,2026-01-13 13:17:35.472535,f
16136,여산리,5214039021,전북특별자치도,2026-01-13 13:17:35.477849,2026-01-13 13:17:35.477851,f
16137,제남리,5214039022,전북특별자치도,2026-01-13 13:17:35.484037,2026-01-13 13:17:35.484045,f
16138,금강동,5214012500,전북특별자치도,2026-01-13 13:17:35.490537,2026-01-13 13:17:35.490541,f
16139,석탄동,5214012600,전북특별자치도,2026-01-13 13:17:35.4972,2026-01-13 13:17:35.497203,f
16140,팔봉동,5214012700,전북특별자치도,2026-01-13 13:17:35.501901,2026-01-13 13:17:35.501904,f
16141,덕기동,5214012800,전북특별자치도,2026-01-13 13:17:35.508468,2026-01-13 13:17:35.508471,f
16142,석왕동,5214012900,전북특별자치도,2026-01-13 13:17:35.513101,2026-01-13 13:17:35.513105,f
16143,은기동,5214013000,전북특별자치도,2026-01-13 13:17:35.517464,2026-01-13 13:17:35.517465,f
16144,정족동,5214013100,전북특별자치도,2026-01-13 13:17:35.521709,2026-01-13 13:17:35.521711,f
16145,임상동,5214013200,전북특별자치도,2026-01-13 13:17:35.526763,2026-01-13 13:17:35.526766,f
16146,월성동,5214013300,전북특별자치도,2026-01-13 13:17:35.5316,2026-01-13 13:17:35.531603,f
16147,부송동,5214013400,전북특별자치도,2026-01-13 13:17:35.536618,2026-01-13 13:17:35.536621,f
16148,용제동,5214013500,전북특별자치도,2026-01-13 13:17:35.542045,2026-01-13 13:17:35.542049,f
16149,석암동,5214013600,전북특별자치도,2026-01-13 13:17:35.547754,2026-01-13 13:17:35.547756,f
16150,함열읍,5214025000,전북특별자치도,2026-01-13 13:17:35.554466,2026-01-13 13:17:35.554471,f
16151,와리,5214025021,전북특별자치도,2026-01-13 13:17:35.561847,2026-01-13 13:17:35.561853,f
16152,남당리,5214025022,전북특별자치도,2026-01-13 13:17:35.568274,2026-01-13 13:17:35.568277,f
16153,흘산리,5214025023,전북특별자치도,2026-01-13 13:17:35.573272,2026-01-13 13:17:35.573274,f
16154,석매리,5214025024,전북특별자치도,2026-01-13 13:17:35.578181,2026-01-13 13:17:35.578185,f
16155,용지리,5214025025,전북특별자치도,2026-01-13 13:17:35.582872,2026-01-13 13:17:35.582875,f
16156,다송리,5214025026,전북특별자치도,2026-01-13 13:17:35.58738,2026-01-13 13:17:35.587382,f
16157,오산면,5214031000,전북특별자치도,2026-01-13 13:17:35.591557,2026-01-13 13:17:35.59156,f
16158,송학리,5214031021,전북특별자치도,2026-01-13 13:17:35.595728,2026-01-13 13:17:35.595731,f
16159,장신리,5214031022,전북특별자치도,2026-01-13 13:17:35.599669,2026-01-13 13:17:35.599672,f
16160,영만리,5214031023,전북특별자치도,2026-01-13 13:17:35.603814,2026-01-13 13:17:35.603817,f
16161,오산리,5214031024,전북특별자치도,2026-01-13 13:17:35.608209,2026-01-13 13:17:35.608211,f
16162,신지리,5214031025,전북특별자치도,2026-01-13 13:17:35.612487,2026-01-13 13:17:35.61249,f
16163,남전리,5214031026,전북특별자치도,2026-01-13 13:17:35.616687,2026-01-13 13:17:35.616689,f
16164,목천리,5214031027,전북특별자치도,2026-01-13 13:17:35.621494,2026-01-13 13:17:35.621496,f
16165,황등면,5214032000,전북특별자치도,2026-01-13 13:17:35.625641,2026-01-13 13:17:35.625643,f
16166,황등리,5214032021,전북특별자치도,2026-01-13 13:17:35.629524,2026-01-13 13:17:35.629526,f
16167,동연리,5214032022,전북특별자치도,2026-01-13 13:17:35.633412,2026-01-13 13:17:35.633415,f
16168,죽촌리,5214032023,전북특별자치도,2026-01-13 13:17:35.637473,2026-01-13 13:17:35.637475,f
16169,신성리,5214032024,전북특별자치도,2026-01-13 13:17:35.641844,2026-01-13 13:17:35.641848,f
16170,구자리,5214032025,전북특별자치도,2026-01-13 13:17:35.646683,2026-01-13 13:17:35.646686,f
16171,용산리,5214032026,전북특별자치도,2026-01-13 13:17:35.651354,2026-01-13 13:17:35.651357,f
16172,율촌리,5214032027,전북특별자치도,2026-01-13 13:17:35.657452,2026-01-13 13:17:35.657455,f
16173,신기리,5214032028,전북특별자치도,2026-01-13 13:17:35.663146,2026-01-13 13:17:35.66315,f
16174,함라면,5214033000,전북특별자치도,2026-01-13 13:17:35.66854,2026-01-13 13:17:35.668542,f
16175,함열리,5214033021,전북특별자치도,2026-01-13 13:17:35.673182,2026-01-13 13:17:35.673184,f
16176,금성리,5214033022,전북특별자치도,2026-01-13 13:17:35.677635,2026-01-13 13:17:35.677638,f
16177,신대리,5214033023,전북특별자치도,2026-01-13 13:17:35.682001,2026-01-13 13:17:35.682003,f
16178,다망리,5214033024,전북특별자치도,2026-01-13 13:17:35.688402,2026-01-13 13:17:35.688409,f
16179,개야도리,5213039021,전북특별자치도,2026-01-13 13:17:35.697809,2026-01-13 13:17:35.697814,f
16180,연도리,5213039022,전북특별자치도,2026-01-13 13:17:35.705693,2026-01-13 13:17:35.7057,f
16181,어청도리,5213039023,전북특별자치도,2026-01-13 13:17:35.711494,2026-01-13 13:17:35.711496,f
16182,선유도리,5213039024,전북특별자치도,2026-01-13 13:17:35.715466,2026-01-13 13:17:35.715468,f
16183,무녀도리,5213039025,전북특별자치도,2026-01-13 13:17:35.720159,2026-01-13 13:17:35.720161,f
16184,신시도리,5213039026,전북특별자치도,2026-01-13 13:17:35.72466,2026-01-13 13:17:35.724662,f
16185,야미도리,5213039027,전북특별자치도,2026-01-13 13:17:35.728855,2026-01-13 13:17:35.728857,f
16186,장자도리,5213039028,전북특별자치도,2026-01-13 13:17:35.732536,2026-01-13 13:17:35.732537,f
16187,관리도리,5213039029,전북특별자치도,2026-01-13 13:17:35.736717,2026-01-13 13:17:35.736719,f
16188,말도리,5213039030,전북특별자치도,2026-01-13 13:17:35.741473,2026-01-13 13:17:35.741475,f
16189,비안도리,5213039031,전북특별자치도,2026-01-13 13:17:35.745698,2026-01-13 13:17:35.7457,f
16190,죽도리,5213039032,전북특별자치도,2026-01-13 13:17:35.749295,2026-01-13 13:17:35.749297,f
16191,대장도리,5213039033,전북특별자치도,2026-01-13 13:17:35.753565,2026-01-13 13:17:35.753567,f
16192,두리도리,5213039034,전북특별자치도,2026-01-13 13:17:35.757429,2026-01-13 13:17:35.757431,f
16193,옥서면,5213040000,전북특별자치도,2026-01-13 13:17:35.761884,2026-01-13 13:17:35.761888,f
16194,옥봉리,5213040021,전북특별자치도,2026-01-13 13:17:35.766371,2026-01-13 13:17:35.766374,f
16195,선연리,5213040022,전북특별자치도,2026-01-13 13:17:35.770233,2026-01-13 13:17:35.770235,f
16196,익산시,5214000000,전북특별자치도,2026-01-13 13:17:35.774024,2026-01-13 13:17:35.774025,f
16197,창인동1가,5214010100,전북특별자치도,2026-01-13 13:17:35.77879,2026-01-13 13:17:35.778792,f
16198,창인동2가,5214010200,전북특별자치도,2026-01-13 13:17:35.784022,2026-01-13 13:17:35.784024,f
16199,중앙동1가,5214010300,전북특별자치도,2026-01-13 13:17:35.788166,2026-01-13 13:17:35.788168,f
16200,중앙동2가,5214010400,전북특별자치도,2026-01-13 13:17:35.791716,2026-01-13 13:17:35.791717,f
16201,중앙동3가,5214010500,전북특별자치도,2026-01-13 13:17:35.79575,2026-01-13 13:17:35.795752,f
16202,평화동,5214010600,전북특별자치도,2026-01-13 13:17:35.800219,2026-01-13 13:17:35.800221,f
16203,갈산동,5214010700,전북특별자치도,2026-01-13 13:17:35.804593,2026-01-13 13:17:35.804597,f
16204,주현동,5214010800,전북특별자치도,2026-01-13 13:17:35.809274,2026-01-13 13:17:35.809276,f
16205,인화동1가,5214010900,전북특별자치도,2026-01-13 13:17:35.813338,2026-01-13 13:17:35.813341,f
16206,인화동2가,5214011000,전북특별자치도,2026-01-13 13:17:35.817358,2026-01-13 13:17:35.817361,f
16207,동산동,5214011100,전북특별자치도,2026-01-13 13:17:35.821844,2026-01-13 13:17:35.821846,f
16208,마동,5214011200,전북특별자치도,2026-01-13 13:17:35.826647,2026-01-13 13:17:35.82665,f
16209,남중동,5214011300,전북특별자치도,2026-01-13 13:17:35.830891,2026-01-13 13:17:35.830893,f
16210,모현동1가,5214011400,전북특별자치도,2026-01-13 13:17:35.834598,2026-01-13 13:17:35.834599,f
16211,모현동2가,5214011500,전북특별자치도,2026-01-13 13:17:35.838767,2026-01-13 13:17:35.838769,f
16212,송학동,5214011600,전북특별자치도,2026-01-13 13:17:35.842882,2026-01-13 13:17:35.842885,f
16213,목천동,5214011700,전북특별자치도,2026-01-13 13:17:35.848738,2026-01-13 13:17:35.848741,f
16214,만석동,5214011800,전북특별자치도,2026-01-13 13:17:35.853375,2026-01-13 13:17:35.853377,f
16215,현영동,5214011900,전북특별자치도,2026-01-13 13:17:35.857237,2026-01-13 13:17:35.857239,f
16216,신용동,5214012000,전북특별자치도,2026-01-13 13:17:35.862358,2026-01-13 13:17:35.86236,f
16217,신동,5214012100,전북특별자치도,2026-01-13 13:17:35.867041,2026-01-13 13:17:35.867043,f
16218,영등동,5214012200,전북특별자치도,2026-01-13 13:17:35.872597,2026-01-13 13:17:35.872599,f
16219,어양동,5214012300,전북특별자치도,2026-01-13 13:17:35.876703,2026-01-13 13:17:35.876705,f
16220,신흥동,5214012400,전북특별자치도,2026-01-13 13:17:35.880381,2026-01-13 13:17:35.880384,f
16221,술산리,5213033025,전북특별자치도,2026-01-13 13:17:35.886423,2026-01-13 13:17:35.886431,f
16222,월하리,5213033026,전북특별자치도,2026-01-13 13:17:35.893013,2026-01-13 13:17:35.893016,f
16223,영창리,5213033027,전북특별자치도,2026-01-13 13:17:35.897529,2026-01-13 13:17:35.897531,f
16224,서수면,5213034000,전북특별자치도,2026-01-13 13:17:35.901936,2026-01-13 13:17:35.901938,f
16225,서수리,5213034021,전북특별자치도,2026-01-13 13:17:35.906541,2026-01-13 13:17:35.906543,f
16226,축동리,5213034022,전북특별자치도,2026-01-13 13:17:35.911005,2026-01-13 13:17:35.911007,f
16227,관원리,5213034023,전북특별자치도,2026-01-13 13:17:35.914756,2026-01-13 13:17:35.914757,f
16228,마룡리,5213034024,전북특별자치도,2026-01-13 13:17:35.918979,2026-01-13 13:17:35.918981,f
16229,화등리,5213034025,전북특별자치도,2026-01-13 13:17:35.923045,2026-01-13 13:17:35.923048,f
16230,금암리,5213034026,전북특별자치도,2026-01-13 13:17:35.927452,2026-01-13 13:17:35.927454,f
16231,대야면,5213035000,전북특별자치도,2026-01-13 13:17:35.931603,2026-01-13 13:17:35.931605,f
16232,산월리,5213035021,전북특별자치도,2026-01-13 13:17:35.935445,2026-01-13 13:17:35.935447,f
16233,지경리,5213035022,전북특별자치도,2026-01-13 13:17:35.940237,2026-01-13 13:17:35.94024,f
16234,복교리,5213035023,전북특별자치도,2026-01-13 13:17:35.9446,2026-01-13 13:17:35.944604,f
16235,광교리,5213035024,전북특별자치도,2026-01-13 13:17:35.948605,2026-01-13 13:17:35.948607,f
16236,접산리,5213035025,전북특별자치도,2026-01-13 13:17:35.953584,2026-01-13 13:17:35.953586,f
16237,죽산리,5213035026,전북특별자치도,2026-01-13 13:17:35.957431,2026-01-13 13:17:35.957443,f
16238,보덕리,5213035027,전북특별자치도,2026-01-13 13:17:35.961536,2026-01-13 13:17:35.961539,f
16239,개정면,5213036000,전북특별자치도,2026-01-13 13:17:35.966044,2026-01-13 13:17:35.966047,f
16240,아동리,5213036021,전북특별자치도,2026-01-13 13:17:35.969831,2026-01-13 13:17:35.969832,f
16241,운회리,5213036022,전북특별자치도,2026-01-13 13:17:35.974068,2026-01-13 13:17:35.974072,f
16242,아산리,5213036023,전북특별자치도,2026-01-13 13:17:35.979015,2026-01-13 13:17:35.979018,f
16243,발산리,5213036024,전북특별자치도,2026-01-13 13:17:35.983378,2026-01-13 13:17:35.983381,f
16244,통사리,5213036025,전북특별자치도,2026-01-13 13:17:35.988788,2026-01-13 13:17:35.988792,f
16245,옥석리,5213036026,전북특별자치도,2026-01-13 13:17:35.995063,2026-01-13 13:17:35.995066,f
16246,성산면,5213037000,전북특별자치도,2026-01-13 13:17:35.998999,2026-01-13 13:17:35.999002,f
16247,성덕리,5213037021,전북특별자치도,2026-01-13 13:17:36.008372,2026-01-13 13:17:36.008376,f
16248,둔덕리,5213037022,전북특별자치도,2026-01-13 13:17:36.01556,2026-01-13 13:17:36.015564,f
16249,고봉리,5213037023,전북특별자치도,2026-01-13 13:17:36.021738,2026-01-13 13:17:36.021743,f
16250,도암리,5213037024,전북특별자치도,2026-01-13 13:17:36.029883,2026-01-13 13:17:36.029887,f
16251,여방리,5213037025,전북특별자치도,2026-01-13 13:17:36.034632,2026-01-13 13:17:36.034634,f
16252,대명리,5213037026,전북특별자치도,2026-01-13 13:17:36.038586,2026-01-13 13:17:36.038587,f
16253,창오리,5213037027,전북특별자치도,2026-01-13 13:17:36.042251,2026-01-13 13:17:36.042252,f
16254,산곡리,5213037028,전북특별자치도,2026-01-13 13:17:36.046795,2026-01-13 13:17:36.046798,f
16255,나포면,5213038000,전북특별자치도,2026-01-13 13:17:36.051299,2026-01-13 13:17:36.051301,f
16256,나포리,5213038021,전북특별자치도,2026-01-13 13:17:36.056195,2026-01-13 13:17:36.056197,f
16257,장상리,5213038022,전북특별자치도,2026-01-13 13:17:36.06075,2026-01-13 13:17:36.060752,f
16258,옥곤리,5213038023,전북특별자치도,2026-01-13 13:17:36.065532,2026-01-13 13:17:36.065541,f
16259,주곡리,5213038024,전북특별자치도,2026-01-13 13:17:36.071044,2026-01-13 13:17:36.071046,f
16260,부곡리,5213038025,전북특별자치도,2026-01-13 13:17:36.074893,2026-01-13 13:17:36.074894,f
16261,서포리,5213038026,전북특별자치도,2026-01-13 13:17:36.079005,2026-01-13 13:17:36.079008,f
16262,옥도면,5213039000,전북특별자치도,2026-01-13 13:17:36.082973,2026-01-13 13:17:36.082976,f
16263,경장동,5213013500,전북특별자치도,2026-01-13 13:17:36.087258,2026-01-13 13:17:36.08726,f
16264,경암동,5213013600,전북특별자치도,2026-01-13 13:17:36.091484,2026-01-13 13:17:36.091487,f
16265,구암동,5213013700,전북특별자치도,2026-01-13 13:17:36.095743,2026-01-13 13:17:36.095746,f
16266,내흥동,5213013800,전북특별자치도,2026-01-13 13:17:36.101403,2026-01-13 13:17:36.101412,f
16267,개정동,5213013900,전북특별자치도,2026-01-13 13:17:36.108511,2026-01-13 13:17:36.108514,f
16268,사정동,5213014000,전북특별자치도,2026-01-13 13:17:36.112627,2026-01-13 13:17:36.112633,f
16269,수송동,5213014100,전북특별자치도,2026-01-13 13:17:36.116529,2026-01-13 13:17:36.116531,f
16270,미장동,5213014200,전북특별자치도,2026-01-13 13:17:36.12044,2026-01-13 13:17:36.120444,f
16271,지곡동,5213014300,전북특별자치도,2026-01-13 13:17:36.124811,2026-01-13 13:17:36.124814,f
16272,나운동,5213014400,전북특별자치도,2026-01-13 13:17:36.129078,2026-01-13 13:17:36.12908,f
16273,미룡동,5213014500,전북특별자치도,2026-01-13 13:17:36.132847,2026-01-13 13:17:36.132849,f
16274,소룡동,5213014600,전북특별자치도,2026-01-13 13:17:36.136986,2026-01-13 13:17:36.136988,f
16275,오식도동,5213014700,전북특별자치도,2026-01-13 13:17:36.141089,2026-01-13 13:17:36.141091,f
16276,비응도동,5213014800,전북특별자치도,2026-01-13 13:17:36.145647,2026-01-13 13:17:36.145649,f
16277,신관동,5213014900,전북특별자치도,2026-01-13 13:17:36.15062,2026-01-13 13:17:36.150628,f
16278,개사동,5213015000,전북특별자치도,2026-01-13 13:17:36.155577,2026-01-13 13:17:36.155579,f
16279,산북동,5213015100,전북특별자치도,2026-01-13 13:17:36.159847,2026-01-13 13:17:36.159849,f
16280,내초동,5213015200,전북특별자치도,2026-01-13 13:17:36.163704,2026-01-13 13:17:36.163705,f
16281,옥구읍,5213025000,전북특별자치도,2026-01-13 13:17:36.168675,2026-01-13 13:17:36.168678,f
16282,옥정리,5213025021,전북특별자치도,2026-01-13 13:17:36.172956,2026-01-13 13:17:36.172958,f
16283,상평리,5213025022,전북특별자치도,2026-01-13 13:17:36.176944,2026-01-13 13:17:36.176947,f
16284,이곡리,5213025023,전북특별자치도,2026-01-13 13:17:36.182333,2026-01-13 13:17:36.182336,f
16285,수산리,5213025024,전북특별자치도,2026-01-13 13:17:36.187881,2026-01-13 13:17:36.187883,f
16286,오곡리,5213025025,전북특별자치도,2026-01-13 13:17:36.193564,2026-01-13 13:17:36.193571,f
16287,선제리,5213025026,전북특별자치도,2026-01-13 13:17:36.198809,2026-01-13 13:17:36.198812,f
16288,어은리,5213025027,전북특별자치도,2026-01-13 13:17:36.202853,2026-01-13 13:17:36.202854,f
16289,옥산면,5213031000,전북특별자치도,2026-01-13 13:17:36.207631,2026-01-13 13:17:36.207634,f
16290,옥산리,5213031021,전북특별자치도,2026-01-13 13:17:36.211605,2026-01-13 13:17:36.211609,f
16291,남내리,5213031022,전북특별자치도,2026-01-13 13:17:36.216734,2026-01-13 13:17:36.216736,f
16292,쌍봉리,5213031023,전북특별자치도,2026-01-13 13:17:36.220924,2026-01-13 13:17:36.220926,f
16293,당북리,5213031024,전북특별자치도,2026-01-13 13:17:36.225833,2026-01-13 13:17:36.225835,f
16294,금성리,5213031025,전북특별자치도,2026-01-13 13:17:36.229647,2026-01-13 13:17:36.229657,f
16295,회현면,5213032000,전북특별자치도,2026-01-13 13:17:36.234033,2026-01-13 13:17:36.234035,f
16296,월연리,5213032021,전북특별자치도,2026-01-13 13:17:36.237963,2026-01-13 13:17:36.237964,f
16297,금광리,5213032022,전북특별자치도,2026-01-13 13:17:36.241709,2026-01-13 13:17:36.24171,f
16298,대정리,5213032023,전북특별자치도,2026-01-13 13:17:36.24666,2026-01-13 13:17:36.246661,f
16299,세장리,5213032024,전북특별자치도,2026-01-13 13:17:36.250994,2026-01-13 13:17:36.250997,f
16300,고사리,5213032025,전북특별자치도,2026-01-13 13:17:36.255207,2026-01-13 13:17:36.255209,f
16301,학당리,5213032026,전북특별자치도,2026-01-13 13:17:36.25961,2026-01-13 13:17:36.259612,f
16302,원우리,5213032027,전북특별자치도,2026-01-13 13:17:36.264202,2026-01-13 13:17:36.264205,f
16303,증석리,5213032028,전북특별자치도,2026-01-13 13:17:36.26863,2026-01-13 13:17:36.268632,f
16304,임피면,5213033000,전북특별자치도,2026-01-13 13:17:36.272599,2026-01-13 13:17:36.272601,f
16305,읍내리,5213033021,전북특별자치도,2026-01-13 13:17:36.276557,2026-01-13 13:17:36.276559,f
16306,축산리,5213033022,전북특별자치도,2026-01-13 13:17:36.280548,2026-01-13 13:17:36.28055,f
16307,미원리,5213033023,전북특별자치도,2026-01-13 13:17:36.284749,2026-01-13 13:17:36.284752,f
16308,보석리,5213033024,전북특별자치도,2026-01-13 13:17:36.289549,2026-01-13 13:17:36.289551,f
16309,용정동,5211312500,전북특별자치도,2026-01-13 13:17:36.293427,2026-01-13 13:17:36.293428,f
16310,성덕동,5211312600,전북특별자치도,2026-01-13 13:17:36.298003,2026-01-13 13:17:36.298006,f
16311,원동,5211312700,전북특별자치도,2026-01-13 13:17:36.30266,2026-01-13 13:17:36.302663,f
16312,고랑동,5211312900,전북특별자치도,2026-01-13 13:17:36.306966,2026-01-13 13:17:36.306967,f
16313,여의동,5211313000,전북특별자치도,2026-01-13 13:17:36.310866,2026-01-13 13:17:36.310867,f
16314,만성동,5211313100,전북특별자치도,2026-01-13 13:17:36.318901,2026-01-13 13:17:36.318908,f
16315,장동,5211313200,전북특별자치도,2026-01-13 13:17:36.327033,2026-01-13 13:17:36.327039,f
16316,팔복동4가,5211313300,전북특별자치도,2026-01-13 13:17:36.334541,2026-01-13 13:17:36.334543,f
16317,도도동,5211313400,전북특별자치도,2026-01-13 13:17:36.339367,2026-01-13 13:17:36.339369,f
16318,강흥동,5211313500,전북특별자치도,2026-01-13 13:17:36.347694,2026-01-13 13:17:36.347697,f
16319,도덕동,5211313600,전북특별자치도,2026-01-13 13:17:36.351815,2026-01-13 13:17:36.351816,f
16320,남정동,5211313700,전북특별자치도,2026-01-13 13:17:36.356545,2026-01-13 13:17:36.356547,f
16321,중동,5211313800,전북특별자치도,2026-01-13 13:17:36.360372,2026-01-13 13:17:36.360374,f
16322,여의동2가,5211313900,전북특별자치도,2026-01-13 13:17:36.36426,2026-01-13 13:17:36.364265,f
16323,군산시,5213000000,전북특별자치도,2026-01-13 13:17:36.369047,2026-01-13 13:17:36.369049,f
16324,해망동,5213010100,전북특별자치도,2026-01-13 13:17:36.372768,2026-01-13 13:17:36.37277,f
16325,신흥동,5213010200,전북특별자치도,2026-01-13 13:17:36.376572,2026-01-13 13:17:36.376574,f
16326,금동,5213010300,전북특별자치도,2026-01-13 13:17:36.381558,2026-01-13 13:17:36.38156,f
16327,월명동,5213010400,전북특별자치도,2026-01-13 13:17:36.388769,2026-01-13 13:17:36.388773,f
16328,신창동,5213010500,전북특별자치도,2026-01-13 13:17:36.394054,2026-01-13 13:17:36.394056,f
16329,오룡동,5213010600,전북특별자치도,2026-01-13 13:17:36.397978,2026-01-13 13:17:36.397981,f
16330,금광동,5213010700,전북특별자치도,2026-01-13 13:17:36.402806,2026-01-13 13:17:36.402808,f
16331,신풍동,5213010800,전북특별자치도,2026-01-13 13:17:36.407233,2026-01-13 13:17:36.407236,f
16332,송풍동,5213010900,전북특별자치도,2026-01-13 13:17:36.410903,2026-01-13 13:17:36.410905,f
16333,문화동,5213011000,전북특별자치도,2026-01-13 13:17:36.415198,2026-01-13 13:17:36.4152,f
16334,삼학동,5213011100,전북특별자치도,2026-01-13 13:17:36.419706,2026-01-13 13:17:36.419708,f
16335,선양동,5213011200,전북특별자치도,2026-01-13 13:17:36.425187,2026-01-13 13:17:36.42519,f
16336,둔율동,5213011300,전북특별자치도,2026-01-13 13:17:36.4293,2026-01-13 13:17:36.429302,f
16337,창성동,5213011400,전북특별자치도,2026-01-13 13:17:36.43324,2026-01-13 13:17:36.433243,f
16338,명산동,5213011500,전북특별자치도,2026-01-13 13:17:36.436967,2026-01-13 13:17:36.436969,f
16339,송창동,5213011600,전북특별자치도,2026-01-13 13:17:36.440794,2026-01-13 13:17:36.440796,f
16340,개복동,5213011700,전북특별자치도,2026-01-13 13:17:36.444821,2026-01-13 13:17:36.444824,f
16341,중앙로1가,5213011800,전북특별자치도,2026-01-13 13:17:36.449479,2026-01-13 13:17:36.449481,f
16342,영화동,5213011900,전북특별자치도,2026-01-13 13:17:36.453334,2026-01-13 13:17:36.453337,f
16343,장미동,5213012000,전북특별자치도,2026-01-13 13:17:36.457372,2026-01-13 13:17:36.457374,f
16344,중앙로2가,5213012100,전북특별자치도,2026-01-13 13:17:36.461802,2026-01-13 13:17:36.461805,f
16345,영동,5213012200,전북특별자치도,2026-01-13 13:17:36.467246,2026-01-13 13:17:36.467249,f
16346,신영동,5213012300,전북특별자치도,2026-01-13 13:17:36.472054,2026-01-13 13:17:36.472057,f
16347,죽성동,5213012400,전북특별자치도,2026-01-13 13:17:36.476392,2026-01-13 13:17:36.476394,f
16348,평화동,5213012500,전북특별자치도,2026-01-13 13:17:36.480791,2026-01-13 13:17:36.480794,f
16349,중앙로3가,5213012600,전북특별자치도,2026-01-13 13:17:36.485568,2026-01-13 13:17:36.485574,f
16350,대명동,5213012700,전북특별자치도,2026-01-13 13:17:36.492775,2026-01-13 13:17:36.49278,f
16351,장재동,5213012800,전북특별자치도,2026-01-13 13:17:36.498889,2026-01-13 13:17:36.498893,f
16352,미원동,5213012900,전북특별자치도,2026-01-13 13:17:36.503977,2026-01-13 13:17:36.503982,f
16353,중동,5213013000,전북특별자치도,2026-01-13 13:17:36.508165,2026-01-13 13:17:36.508167,f
16354,금암동,5213013100,전북특별자치도,2026-01-13 13:17:36.512226,2026-01-13 13:17:36.51223,f
16355,동흥남동,5213013200,전북특별자치도,2026-01-13 13:17:36.517207,2026-01-13 13:17:36.517211,f
16356,서흥남동,5213013300,전북특별자치도,2026-01-13 13:17:36.521611,2026-01-13 13:17:36.521614,f
16357,조촌동,5213013400,전북특별자치도,2026-01-13 13:17:36.526462,2026-01-13 13:17:36.526465,f
16358,평화동1가,5211113200,전북특별자치도,2026-01-13 13:17:36.535308,2026-01-13 13:17:36.535311,f
16359,평화동2가,5211113300,전북특별자치도,2026-01-13 13:17:36.54191,2026-01-13 13:17:36.541913,f
16360,평화동3가,5211113400,전북특별자치도,2026-01-13 13:17:36.547281,2026-01-13 13:17:36.547284,f
16361,중인동,5211113500,전북특별자치도,2026-01-13 13:17:36.553096,2026-01-13 13:17:36.553099,f
16362,용복동,5211113600,전북특별자치도,2026-01-13 13:17:36.557491,2026-01-13 13:17:36.557493,f
16363,삼천동1가,5211113700,전북특별자치도,2026-01-13 13:17:36.561615,2026-01-13 13:17:36.561617,f
16364,삼천동2가,5211113800,전북특별자치도,2026-01-13 13:17:36.566303,2026-01-13 13:17:36.566306,f
16365,삼천동3가,5211113900,전북특별자치도,2026-01-13 13:17:36.571643,2026-01-13 13:17:36.571647,f
16366,효자동1가,5211114000,전북특별자치도,2026-01-13 13:17:36.57668,2026-01-13 13:17:36.576681,f
16367,효자동2가,5211114100,전북특별자치도,2026-01-13 13:17:36.581138,2026-01-13 13:17:36.581141,f
16368,효자동3가,5211114200,전북특별자치도,2026-01-13 13:17:36.586385,2026-01-13 13:17:36.586388,f
16369,대성동,5211114300,전북특별자치도,2026-01-13 13:17:36.590722,2026-01-13 13:17:36.590724,f
16370,색장동,5211114400,전북특별자치도,2026-01-13 13:17:36.595178,2026-01-13 13:17:36.59518,f
16371,상림동,5211114500,전북특별자치도,2026-01-13 13:17:36.599552,2026-01-13 13:17:36.599554,f
16372,서노송동,5211114700,전북특별자치도,2026-01-13 13:17:36.604116,2026-01-13 13:17:36.604118,f
16373,전주시 덕진구,5211300000,전북특별자치도,2026-01-13 13:17:36.610827,2026-01-13 13:17:36.610829,f
16374,진북동,5211310200,전북특별자치도,2026-01-13 13:17:36.616597,2026-01-13 13:17:36.616601,f
16375,인후동1가,5211310300,전북특별자치도,2026-01-13 13:17:36.622579,2026-01-13 13:17:36.622582,f
16376,인후동2가,5211310400,전북특별자치도,2026-01-13 13:17:36.627078,2026-01-13 13:17:36.62708,f
16377,덕진동1가,5211310500,전북특별자치도,2026-01-13 13:17:36.631471,2026-01-13 13:17:36.631473,f
16378,덕진동2가,5211310600,전북특별자치도,2026-01-13 13:17:36.635386,2026-01-13 13:17:36.635388,f
16379,금암동,5211310700,전북특별자치도,2026-01-13 13:17:36.639477,2026-01-13 13:17:36.639479,f
16380,팔복동1가,5211310800,전북특별자치도,2026-01-13 13:17:36.643382,2026-01-13 13:17:36.643383,f
16381,팔복동2가,5211310900,전북특별자치도,2026-01-13 13:17:36.64762,2026-01-13 13:17:36.647621,f
16382,팔복동3가,5211311000,전북특별자치도,2026-01-13 13:17:36.65213,2026-01-13 13:17:36.652132,f
16383,산정동,5211311100,전북특별자치도,2026-01-13 13:17:36.65696,2026-01-13 13:17:36.656962,f
16384,금상동,5211311200,전북특별자치도,2026-01-13 13:17:36.662042,2026-01-13 13:17:36.662044,f
16385,우아동1가,5211311300,전북특별자치도,2026-01-13 13:17:36.665963,2026-01-13 13:17:36.665964,f
16386,우아동2가,5211311400,전북특별자치도,2026-01-13 13:17:36.669615,2026-01-13 13:17:36.669617,f
16387,우아동3가,5211311500,전북특별자치도,2026-01-13 13:17:36.673443,2026-01-13 13:17:36.673445,f
16388,호성동1가,5211311600,전북특별자치도,2026-01-13 13:17:36.677212,2026-01-13 13:17:36.677214,f
16389,호성동2가,5211311700,전북특별자치도,2026-01-13 13:17:36.680959,2026-01-13 13:17:36.680961,f
16390,호성동3가,5211311800,전북특별자치도,2026-01-13 13:17:36.685366,2026-01-13 13:17:36.68537,f
16391,전미동1가,5211311900,전북특별자치도,2026-01-13 13:17:36.689579,2026-01-13 13:17:36.689581,f
16392,전미동2가,5211312000,전북특별자치도,2026-01-13 13:17:36.693334,2026-01-13 13:17:36.693336,f
16393,송천동1가,5211312100,전북특별자치도,2026-01-13 13:17:36.697588,2026-01-13 13:17:36.697592,f
16394,송천동2가,5211312200,전북특별자치도,2026-01-13 13:17:36.702473,2026-01-13 13:17:36.702475,f
16395,반월동,5211312300,전북특별자치도,2026-01-13 13:17:36.707541,2026-01-13 13:17:36.707543,f
16396,화전동,5211312400,전북특별자치도,2026-01-13 13:17:36.71136,2026-01-13 13:17:36.711362,f
16397,전주시,5211000000,전북특별자치도,2026-01-13 13:17:36.715098,2026-01-13 13:17:36.7151,f
16398,전주시 완산구,5211100000,전북특별자치도,2026-01-13 13:17:36.718926,2026-01-13 13:17:36.718928,f
16399,중앙동1가,5211110100,전북특별자치도,2026-01-13 13:17:36.722893,2026-01-13 13:17:36.722895,f
16400,중앙동2가,5211110200,전북특별자치도,2026-01-13 13:17:36.727406,2026-01-13 13:17:36.727409,f
16401,중앙동3가,5211110300,전북특별자치도,2026-01-13 13:17:36.731102,2026-01-13 13:17:36.731104,f
16402,중앙동4가,5211110400,전북특별자치도,2026-01-13 13:17:36.734791,2026-01-13 13:17:36.734793,f
16403,경원동1가,5211110500,전북특별자치도,2026-01-13 13:17:36.739152,2026-01-13 13:17:36.739154,f
16404,경원동2가,5211110600,전북특별자치도,2026-01-13 13:17:36.743551,2026-01-13 13:17:36.743552,f
16405,경원동3가,5211110700,전북특별자치도,2026-01-13 13:17:36.747345,2026-01-13 13:17:36.747347,f
16406,풍남동1가,5211110800,전북특별자치도,2026-01-13 13:17:36.750822,2026-01-13 13:17:36.750825,f
16407,풍남동2가,5211110900,전북특별자치도,2026-01-13 13:17:36.755097,2026-01-13 13:17:36.755099,f
16408,풍남동3가,5211111000,전북특별자치도,2026-01-13 13:17:36.758839,2026-01-13 13:17:36.758841,f
16409,전동,5211111100,전북특별자치도,2026-01-13 13:17:36.763304,2026-01-13 13:17:36.763307,f
16410,전동3가,5211111200,전북특별자치도,2026-01-13 13:17:36.767971,2026-01-13 13:17:36.767973,f
16411,다가동1가,5211111300,전북특별자치도,2026-01-13 13:17:36.772747,2026-01-13 13:17:36.772749,f
16412,다가동2가,5211111400,전북특별자치도,2026-01-13 13:17:36.776992,2026-01-13 13:17:36.776994,f
16413,다가동3가,5211111500,전북특별자치도,2026-01-13 13:17:36.781235,2026-01-13 13:17:36.781237,f
16414,다가동4가,5211111600,전북특별자치도,2026-01-13 13:17:36.786572,2026-01-13 13:17:36.786574,f
16415,고사동,5211111700,전북특별자치도,2026-01-13 13:17:36.790587,2026-01-13 13:17:36.790588,f
16416,교동,5211111800,전북특별자치도,2026-01-13 13:17:36.79463,2026-01-13 13:17:36.794632,f
16417,태평동,5211111900,전북특별자치도,2026-01-13 13:17:36.798812,2026-01-13 13:17:36.798814,f
16418,중노송동,5211112000,전북특별자치도,2026-01-13 13:17:36.802773,2026-01-13 13:17:36.802774,f
16419,남노송동,5211112100,전북특별자치도,2026-01-13 13:17:36.807634,2026-01-13 13:17:36.807636,f
16420,동완산동,5211112200,전북특별자치도,2026-01-13 13:17:36.811597,2026-01-13 13:17:36.811601,f
16421,서완산동1가,5211112300,전북특별자치도,2026-01-13 13:17:36.815598,2026-01-13 13:17:36.8156,f
16422,서완산동2가,5211112400,전북특별자치도,2026-01-13 13:17:36.820364,2026-01-13 13:17:36.820366,f
16423,동서학동,5211112500,전북특별자치도,2026-01-13 13:17:36.82505,2026-01-13 13:17:36.825053,f
16424,서서학동,5211112600,전북특별자치도,2026-01-13 13:17:36.829278,2026-01-13 13:17:36.82928,f
16425,중화산동1가,5211112700,전북특별자치도,2026-01-13 13:17:36.832823,2026-01-13 13:17:36.832825,f
16426,중화산동2가,5211112800,전북특별자치도,2026-01-13 13:17:36.836773,2026-01-13 13:17:36.836775,f
16427,서신동,5211112900,전북특별자치도,2026-01-13 13:17:36.841317,2026-01-13 13:17:36.841335,f
16428,석구동,5211113000,전북특별자치도,2026-01-13 13:17:36.846208,2026-01-13 13:17:36.846211,f
16429,원당동,5211113100,전북특별자치도,2026-01-13 13:17:36.850341,2026-01-13 13:17:36.850343,f
16430,전북특별자치도,5200000000,전북특별자치도,2026-01-13 13:17:36.854723,2026-01-13 13:17:36.854725,f
16431,도평동,5011013800,제주특별자치도,2026-01-13 13:17:36.859253,2026-01-13 13:17:36.859255,f
16432,해안동,5011013900,제주특별자치도,2026-01-13 13:17:36.864145,2026-01-13 13:17:36.864147,f
16433,영평동,5011013600,제주특별자치도,2026-01-13 13:17:36.868255,2026-01-13 13:17:36.868259,f
16434,연동,5011013700,제주특별자치도,2026-01-13 13:17:36.872653,2026-01-13 13:17:36.872656,f
16435,오등동,5011013400,제주특별자치도,2026-01-13 13:17:36.878043,2026-01-13 13:17:36.878045,f
16436,월평동,5011013500,제주특별자치도,2026-01-13 13:17:36.88361,2026-01-13 13:17:36.883613,f
16437,도련이동,5011013100,제주특별자치도,2026-01-13 13:17:36.888916,2026-01-13 13:17:36.888919,f
16438,용강동,5011013200,제주특별자치도,2026-01-13 13:17:36.893227,2026-01-13 13:17:36.89323,f
16439,회천동,5011013300,제주특별자치도,2026-01-13 13:17:36.897482,2026-01-13 13:17:36.897484,f
16440,도남동,5011012900,제주특별자치도,2026-01-13 13:17:36.902136,2026-01-13 13:17:36.90214,f
16441,도련일동,5011013000,제주특별자치도,2026-01-13 13:17:36.906887,2026-01-13 13:17:36.90689,f
16442,도두일동,5011012700,제주특별자치도,2026-01-13 13:17:36.910762,2026-01-13 13:17:36.910764,f
16443,도두이동,5011012800,제주특별자치도,2026-01-13 13:17:36.914794,2026-01-13 13:17:36.914796,f
16444,이호일동,5011012500,제주특별자치도,2026-01-13 13:17:36.918995,2026-01-13 13:17:36.918998,f
16445,이호이동,5011012600,제주특별자치도,2026-01-13 13:17:36.922999,2026-01-13 13:17:36.923,f
16446,노형동,5011012200,제주특별자치도,2026-01-13 13:17:36.927521,2026-01-13 13:17:36.927524,f
16447,외도일동,5011012300,제주특별자치도,2026-01-13 13:17:36.931578,2026-01-13 13:17:36.93158,f
16448,외도이동,5011012400,제주특별자치도,2026-01-13 13:17:36.936495,2026-01-13 13:17:36.936497,f
16449,오라이동,5011012000,제주특별자치도,2026-01-13 13:17:36.946089,2026-01-13 13:17:36.946093,f
16450,오라삼동,5011012100,제주특별자치도,2026-01-13 13:17:36.9528,2026-01-13 13:17:36.952802,f
16451,아라이동,5011011800,제주특별자치도,2026-01-13 13:17:36.957139,2026-01-13 13:17:36.957142,f
16452,오라일동,5011011900,제주특별자치도,2026-01-13 13:17:36.961562,2026-01-13 13:17:36.961565,f
16453,삼양삼동,5011011500,제주특별자치도,2026-01-13 13:17:36.966473,2026-01-13 13:17:36.966474,f
16454,봉개동,5011011600,제주특별자치도,2026-01-13 13:17:36.970284,2026-01-13 13:17:36.970286,f
16455,아라일동,5011011700,제주특별자치도,2026-01-13 13:17:36.975127,2026-01-13 13:17:36.97513,f
16456,삼양일동,5011011300,제주특별자치도,2026-01-13 13:17:36.979989,2026-01-13 13:17:36.979992,f
16457,삼양이동,5011011400,제주특별자치도,2026-01-13 13:17:36.985101,2026-01-13 13:17:36.985104,f
16458,용담삼동,5011011000,제주특별자치도,2026-01-13 13:17:36.989087,2026-01-13 13:17:36.989089,f
16459,화북일동,5011011100,제주특별자치도,2026-01-13 13:17:36.993751,2026-01-13 13:17:36.993757,f
16460,화북이동,5011011200,제주특별자치도,2026-01-13 13:17:37.00124,2026-01-13 13:17:37.001243,f
16461,용담일동,5011010800,제주특별자치도,2026-01-13 13:17:37.006105,2026-01-13 13:17:37.006107,f
16462,용담이동,5011010900,제주특별자치도,2026-01-13 13:17:37.010956,2026-01-13 13:17:37.010959,f
16463,삼도일동,5011010500,제주특별자치도,2026-01-13 13:17:37.01543,2026-01-13 13:17:37.015434,f
16464,삼도이동,5011010600,제주특별자치도,2026-01-13 13:17:37.020442,2026-01-13 13:17:37.020444,f
16465,건입동,5011010700,제주특별자치도,2026-01-13 13:17:37.025073,2026-01-13 13:17:37.025075,f
16466,이도일동,5011010300,제주특별자치도,2026-01-13 13:17:37.030624,2026-01-13 13:17:37.030628,f
16467,이도이동,5011010400,제주특별자치도,2026-01-13 13:17:37.034756,2026-01-13 13:17:37.034758,f
16468,일도일동,5011010100,제주특별자치도,2026-01-13 13:17:37.038967,2026-01-13 13:17:37.038969,f
16469,일도이동,5011010200,제주특별자치도,2026-01-13 13:17:37.042875,2026-01-13 13:17:37.042878,f
16470,제주특별자치도,5000000000,제주특별자치도,2026-01-13 13:17:37.047054,2026-01-13 13:17:37.047055,f
16471,제주시,5011000000,제주특별자치도,2026-01-13 13:17:37.051064,2026-01-13 13:17:37.051065,f
16472,내도동,5011014000,제주특별자치도,2026-01-13 13:17:37.055055,2026-01-13 13:17:37.055056,f
16473,한림읍,5011025000,제주특별자치도,2026-01-13 13:17:37.058697,2026-01-13 13:17:37.058699,f
16474,귀덕리,5011025021,제주특별자치도,2026-01-13 13:17:37.064406,2026-01-13 13:17:37.064409,f
16475,수원리,5011025022,제주특별자치도,2026-01-13 13:17:37.068745,2026-01-13 13:17:37.068747,f
16476,대림리,5011025023,제주특별자치도,2026-01-13 13:17:37.073034,2026-01-13 13:17:37.073036,f
16477,한림리,5011025024,제주특별자치도,2026-01-13 13:17:37.076835,2026-01-13 13:17:37.076836,f
16478,금악리,5011025025,제주특별자치도,2026-01-13 13:17:37.080583,2026-01-13 13:17:37.080584,f
16479,동명리,5011025026,제주특별자치도,2026-01-13 13:17:37.085846,2026-01-13 13:17:37.085851,f
16480,명월리,5011025027,제주특별자치도,2026-01-13 13:17:37.090238,2026-01-13 13:17:37.09024,f
16481,옹포리,5011025028,제주특별자치도,2026-01-13 13:17:37.095934,2026-01-13 13:17:37.095939,f
16482,상대리,5011025029,제주특별자치도,2026-01-13 13:17:37.101373,2026-01-13 13:17:37.101375,f
16483,상명리,5011025030,제주특별자치도,2026-01-13 13:17:37.106781,2026-01-13 13:17:37.106786,f
16484,협재리,5011025031,제주특별자치도,2026-01-13 13:17:37.111535,2026-01-13 13:17:37.111538,f
16485,월령리,5011025032,제주특별자치도,2026-01-13 13:17:37.116044,2026-01-13 13:17:37.116046,f
16486,금능리,5011025033,제주특별자치도,2026-01-13 13:17:37.119995,2026-01-13 13:17:37.119997,f
16487,월림리,5011025034,제주특별자치도,2026-01-13 13:17:37.123908,2026-01-13 13:17:37.12391,f
16488,한수리,5011025035,제주특별자치도,2026-01-13 13:17:37.130747,2026-01-13 13:17:37.13075,f
16489,애월읍,5011025300,제주특별자치도,2026-01-13 13:17:37.135374,2026-01-13 13:17:37.135376,f
16490,용흥리,5011025301,제주특별자치도,2026-01-13 13:17:37.140623,2026-01-13 13:17:37.140626,f
16491,중엄리,5011025302,제주특별자치도,2026-01-13 13:17:37.145064,2026-01-13 13:17:37.145067,f
16492,광령리,5011025321,제주특별자치도,2026-01-13 13:17:37.150104,2026-01-13 13:17:37.150108,f
16493,상귀리,5011025323,제주특별자치도,2026-01-13 13:17:37.155166,2026-01-13 13:17:37.155168,f
16494,구엄리,5011025324,제주특별자치도,2026-01-13 13:17:37.15954,2026-01-13 13:17:37.159542,f
16495,수산리,5011025325,제주특별자치도,2026-01-13 13:17:37.164669,2026-01-13 13:17:37.164672,f
16496,신엄리,5011025326,제주특별자치도,2026-01-13 13:17:37.170472,2026-01-13 13:17:37.170474,f
16497,장전리,5011025327,제주특별자치도,2026-01-13 13:17:37.175913,2026-01-13 13:17:37.175916,f
16498,소길리,5011025328,제주특별자치도,2026-01-13 13:17:37.181009,2026-01-13 13:17:37.181011,f
16499,고성리,5011025329,제주특별자치도,2026-01-13 13:17:37.186068,2026-01-13 13:17:37.186072,f
16500,하가리,5011025330,제주특별자치도,2026-01-13 13:17:37.190531,2026-01-13 13:17:37.190533,f
16501,상가리,5011025331,제주특별자치도,2026-01-13 13:17:37.195173,2026-01-13 13:17:37.195175,f
16502,고내리,5011025333,제주특별자치도,2026-01-13 13:17:37.1996,2026-01-13 13:17:37.199602,f
16503,애월리,5011025334,제주특별자치도,2026-01-13 13:17:37.203707,2026-01-13 13:17:37.20371,f
16504,납읍리,5011025335,제주특별자치도,2026-01-13 13:17:37.208006,2026-01-13 13:17:37.208008,f
16505,어음리,5011025336,제주특별자치도,2026-01-13 13:17:37.212054,2026-01-13 13:17:37.212058,f
16506,곽지리,5011025337,제주특별자치도,2026-01-13 13:17:37.215897,2026-01-13 13:17:37.215899,f
16507,금성리,5011025338,제주특별자치도,2026-01-13 13:17:37.220511,2026-01-13 13:17:37.220513,f
16508,봉성리,5011025339,제주특별자치도,2026-01-13 13:17:37.224669,2026-01-13 13:17:37.224672,f
16509,하귀1리,5011025340,제주특별자치도,2026-01-13 13:17:37.228818,2026-01-13 13:17:37.22882,f
16510,하귀2리,5011025341,제주특별자치도,2026-01-13 13:17:37.233267,2026-01-13 13:17:37.23327,f
16511,유수암리,5011025342,제주특별자치도,2026-01-13 13:17:37.237299,2026-01-13 13:17:37.237301,f
16512,광령1리,5011025391,제주특별자치도,2026-01-13 13:17:37.241184,2026-01-13 13:17:37.241186,f
16513,광령2리,5011025392,제주특별자치도,2026-01-13 13:17:37.24552,2026-01-13 13:17:37.245523,f
16514,광령3리,5011025393,제주특별자치도,2026-01-13 13:17:37.249671,2026-01-13 13:17:37.249674,f
16515,구좌읍,5011025600,제주특별자치도,2026-01-13 13:17:37.254003,2026-01-13 13:17:37.254005,f
16516,동복리,5011025621,제주특별자치도,2026-01-13 13:17:37.258751,2026-01-13 13:17:37.258753,f
16517,덕천리,5011025624,제주특별자치도,2026-01-13 13:17:37.263923,2026-01-13 13:17:37.263925,f
16518,송당리,5011025625,제주특별자치도,2026-01-13 13:17:37.268615,2026-01-13 13:17:37.268617,f
16519,월정리,5011025626,제주특별자치도,2026-01-13 13:17:37.272821,2026-01-13 13:17:37.272823,f
16520,행원리,5011025627,제주특별자치도,2026-01-13 13:17:37.277108,2026-01-13 13:17:37.27711,f
16521,세화리,5011025628,제주특별자치도,2026-01-13 13:17:37.280838,2026-01-13 13:17:37.28084,f
16522,상도리,5011025629,제주특별자치도,2026-01-13 13:17:37.286548,2026-01-13 13:17:37.286551,f
16523,한동리,5011025630,제주특별자치도,2026-01-13 13:17:37.290911,2026-01-13 13:17:37.290914,f
16524,하도리,5011025631,제주특별자치도,2026-01-13 13:17:37.295068,2026-01-13 13:17:37.295071,f
16525,종달리,5011025632,제주특별자치도,2026-01-13 13:17:37.300177,2026-01-13 13:17:37.30018,f
16526,평대리,5011025633,제주특별자치도,2026-01-13 13:17:37.304802,2026-01-13 13:17:37.304805,f
16527,김녕리,5011025634,제주특별자치도,2026-01-13 13:17:37.310045,2026-01-13 13:17:37.310048,f
16528,조천읍,5011025900,제주특별자치도,2026-01-13 13:17:37.314103,2026-01-13 13:17:37.314106,f
16529,신촌리,5011025921,제주특별자치도,2026-01-13 13:17:37.317824,2026-01-13 13:17:37.317826,f
16530,와흘리,5011025922,제주특별자치도,2026-01-13 13:17:37.321954,2026-01-13 13:17:37.321956,f
16531,조천리,5011025923,제주특별자치도,2026-01-13 13:17:37.325975,2026-01-13 13:17:37.325978,f
16532,함덕리,5011025924,제주특별자치도,2026-01-13 13:17:37.330459,2026-01-13 13:17:37.330462,f
16533,신흥리,5011025925,제주특별자치도,2026-01-13 13:17:37.334198,2026-01-13 13:17:37.3342,f
16534,대흘리,5011025926,제주특별자치도,2026-01-13 13:17:37.338565,2026-01-13 13:17:37.338569,f
16535,북촌리,5011025927,제주특별자치도,2026-01-13 13:17:37.343189,2026-01-13 13:17:37.343191,f
16536,와산리,5011025928,제주특별자치도,2026-01-13 13:17:37.347269,2026-01-13 13:17:37.347271,f
16537,교래리,5011025929,제주특별자치도,2026-01-13 13:17:37.350924,2026-01-13 13:17:37.350926,f
16538,선흘리,5011025930,제주특별자치도,2026-01-13 13:17:37.354656,2026-01-13 13:17:37.354658,f
16539,한경면,5011031000,제주특별자치도,2026-01-13 13:17:37.358366,2026-01-13 13:17:37.358368,f
16540,청수리,5011031021,제주특별자치도,2026-01-13 13:17:37.363722,2026-01-13 13:17:37.363727,f
16541,용수리,5011031022,제주특별자치도,2026-01-13 13:17:37.369146,2026-01-13 13:17:37.369149,f
16542,고산리,5011031023,제주특별자치도,2026-01-13 13:17:37.374182,2026-01-13 13:17:37.374184,f
16543,판포리,5011031024,제주특별자치도,2026-01-13 13:17:37.380236,2026-01-13 13:17:37.38024,f
16544,금등리,5011031025,제주특별자치도,2026-01-13 13:17:37.386057,2026-01-13 13:17:37.38606,f
16545,조수리,5011031026,제주특별자치도,2026-01-13 13:17:37.390975,2026-01-13 13:17:37.390977,f
16546,두모리,5011031027,제주특별자치도,2026-01-13 13:17:37.39552,2026-01-13 13:17:37.395522,f
16547,신창리,5011031028,제주특별자치도,2026-01-13 13:17:37.39941,2026-01-13 13:17:37.399411,f
16548,낙천리,5011031029,제주특별자치도,2026-01-13 13:17:37.403101,2026-01-13 13:17:37.403102,f
16549,저지리,5011031030,제주특별자치도,2026-01-13 13:17:37.408477,2026-01-13 13:17:37.408478,f
16550,산양리,5011031031,제주특별자치도,2026-01-13 13:17:37.412884,2026-01-13 13:17:37.412886,f
16551,한원리,5011031032,제주특별자치도,2026-01-13 13:17:37.419388,2026-01-13 13:17:37.419392,f
16552,용당리,5011031033,제주특별자치도,2026-01-13 13:17:37.425226,2026-01-13 13:17:37.425229,f
16553,추자면,5011032000,제주특별자치도,2026-01-13 13:17:37.432794,2026-01-13 13:17:37.432798,f
16554,대서리,5011032021,제주특별자치도,2026-01-13 13:17:37.438162,2026-01-13 13:17:37.438164,f
16555,영흥리,5011032022,제주특별자치도,2026-01-13 13:17:37.443761,2026-01-13 13:17:37.443764,f
16556,묵리,5011032023,제주특별자치도,2026-01-13 13:17:37.448914,2026-01-13 13:17:37.448916,f
16557,예초리,5011032024,제주특별자치도,2026-01-13 13:17:37.453411,2026-01-13 13:17:37.453413,f
16558,신양리,5011032025,제주특별자치도,2026-01-13 13:17:37.457468,2026-01-13 13:17:37.45747,f
16559,우도면,5011033000,제주특별자치도,2026-01-13 13:17:37.462261,2026-01-13 13:17:37.462264,f
16560,연평리,5011033021,제주특별자치도,2026-01-13 13:17:37.466877,2026-01-13 13:17:37.46688,f
16561,서광리,5011033022,제주특별자치도,2026-01-13 13:17:37.471172,2026-01-13 13:17:37.471174,f
16562,천진리,5011033023,제주특별자치도,2026-01-13 13:17:37.475056,2026-01-13 13:17:37.475058,f
16563,조일리,5011033024,제주특별자치도,2026-01-13 13:17:37.478792,2026-01-13 13:17:37.478793,f
16564,오봉리,5011033025,제주특별자치도,2026-01-13 13:17:37.483792,2026-01-13 13:17:37.483795,f
16565,서귀포시,5013000000,제주특별자치도,2026-01-13 13:17:37.488583,2026-01-13 13:17:37.488585,f
16566,서귀동,5013010100,제주특별자치도,2026-01-13 13:17:37.494487,2026-01-13 13:17:37.494492,f
16567,법환동,5013010200,제주특별자치도,2026-01-13 13:17:37.500269,2026-01-13 13:17:37.500271,f
16568,서호동,5013010300,제주특별자치도,2026-01-13 13:17:37.504535,2026-01-13 13:17:37.504537,f
16569,호근동,5013010400,제주특별자치도,2026-01-13 13:17:37.510186,2026-01-13 13:17:37.510188,f
16570,동홍동,5013010500,제주특별자치도,2026-01-13 13:17:37.513966,2026-01-13 13:17:37.513968,f
16571,서홍동,5013010600,제주특별자치도,2026-01-13 13:17:37.517722,2026-01-13 13:17:37.517723,f
16572,상효동,5013010700,제주특별자치도,2026-01-13 13:17:37.522067,2026-01-13 13:17:37.522069,f
16573,하효동,5013010800,제주특별자치도,2026-01-13 13:17:37.526358,2026-01-13 13:17:37.52636,f
16574,신효동,5013010900,제주특별자치도,2026-01-13 13:17:37.530116,2026-01-13 13:17:37.530118,f
16575,보목동,5013011000,제주특별자치도,2026-01-13 13:17:37.534155,2026-01-13 13:17:37.534158,f
16576,토평동,5013011100,제주특별자치도,2026-01-13 13:17:37.538843,2026-01-13 13:17:37.538845,f
16577,중문동,5013011200,제주특별자치도,2026-01-13 13:17:37.543166,2026-01-13 13:17:37.543169,f
16578,회수동,5013011300,제주특별자치도,2026-01-13 13:17:37.547568,2026-01-13 13:17:37.54757,f
16579,대포동,5013011400,제주특별자치도,2026-01-13 13:17:37.553988,2026-01-13 13:17:37.553993,f
16580,월평동,5013011500,제주특별자치도,2026-01-13 13:17:37.561119,2026-01-13 13:17:37.561122,f
16581,강정동,5013011600,제주특별자치도,2026-01-13 13:17:37.567625,2026-01-13 13:17:37.567631,f
16582,도순동,5013011700,제주특별자치도,2026-01-13 13:17:37.573246,2026-01-13 13:17:37.573249,f
16583,하원동,5013011800,제주특별자치도,2026-01-13 13:17:37.577707,2026-01-13 13:17:37.577709,f
16584,색달동,5013011900,제주특별자치도,2026-01-13 13:17:37.581567,2026-01-13 13:17:37.58157,f
16585,상예동,5013012000,제주특별자치도,2026-01-13 13:17:37.58577,2026-01-13 13:17:37.585771,f
16586,하예동,5013012100,제주특별자치도,2026-01-13 13:17:37.590066,2026-01-13 13:17:37.59007,f
16587,영남동,5013012200,제주특별자치도,2026-01-13 13:17:37.594185,2026-01-13 13:17:37.59419,f
16588,대정읍,5013025000,제주특별자치도,2026-01-13 13:17:37.598071,2026-01-13 13:17:37.598073,f
16589,상모리,5013025021,제주특별자치도,2026-01-13 13:17:37.602416,2026-01-13 13:17:37.602426,f
16590,하모리,5013025022,제주특별자치도,2026-01-13 13:17:37.606463,2026-01-13 13:17:37.606465,f
16591,안성리,5013025023,제주특별자치도,2026-01-13 13:17:37.610232,2026-01-13 13:17:37.610234,f
16592,인성리,5013025024,제주특별자치도,2026-01-13 13:17:37.614113,2026-01-13 13:17:37.614115,f
16593,일과리,5013025025,제주특별자치도,2026-01-13 13:17:37.618607,2026-01-13 13:17:37.618609,f
16594,가파리,5013025026,제주특별자치도,2026-01-13 13:17:37.623311,2026-01-13 13:17:37.623313,f
16595,신평리,5013025027,제주특별자치도,2026-01-13 13:17:37.627142,2026-01-13 13:17:37.627144,f
16596,동일리,5013025028,제주특별자치도,2026-01-13 13:17:37.630581,2026-01-13 13:17:37.630583,f
16597,보성리,5013025029,제주특별자치도,2026-01-13 13:17:37.634657,2026-01-13 13:17:37.63466,f
16598,구억리,5013025030,제주특별자치도,2026-01-13 13:17:37.638837,2026-01-13 13:17:37.638839,f
16599,무릉리,5013025031,제주특별자치도,2026-01-13 13:17:37.6423,2026-01-13 13:17:37.642301,f
16600,영락리,5013025032,제주특별자치도,2026-01-13 13:17:37.646347,2026-01-13 13:17:37.646349,f
16601,신도리,5013025033,제주특별자치도,2026-01-13 13:17:37.650548,2026-01-13 13:17:37.65055,f
16602,남원읍,5013025300,제주특별자치도,2026-01-13 13:17:37.654704,2026-01-13 13:17:37.654707,f
16603,남원리,5013025321,제주특별자치도,2026-01-13 13:17:37.658862,2026-01-13 13:17:37.658864,f
16604,태흥리,5013025322,제주특별자치도,2026-01-13 13:17:37.662999,2026-01-13 13:17:37.663001,f
16605,한남리,5013025323,제주특별자치도,2026-01-13 13:17:37.667833,2026-01-13 13:17:37.667835,f
16606,수망리,5013025324,제주특별자치도,2026-01-13 13:17:37.671769,2026-01-13 13:17:37.671771,f
16607,의귀리,5013025325,제주특별자치도,2026-01-13 13:17:37.675714,2026-01-13 13:17:37.675717,f
16608,신흥리,5013025326,제주특별자치도,2026-01-13 13:17:37.680127,2026-01-13 13:17:37.68013,f
16609,위미리,5013025327,제주특별자치도,2026-01-13 13:17:37.684129,2026-01-13 13:17:37.68413,f
16610,하례리,5013025328,제주특별자치도,2026-01-13 13:17:37.687711,2026-01-13 13:17:37.687713,f
16611,신례리,5013025329,제주특별자치도,2026-01-13 13:17:37.693048,2026-01-13 13:17:37.693051,f
16612,성산읍,5013025900,제주특별자치도,2026-01-13 13:17:37.696864,2026-01-13 13:17:37.696866,f
16613,신양리,5013025901,제주특별자치도,2026-01-13 13:17:37.700981,2026-01-13 13:17:37.700984,f
16614,성산리,5013025921,제주특별자치도,2026-01-13 13:17:37.705316,2026-01-13 13:17:37.705317,f
16615,오조리,5013025922,제주특별자치도,2026-01-13 13:17:37.709413,2026-01-13 13:17:37.709416,f
16616,시흥리,5013025923,제주특별자치도,2026-01-13 13:17:37.713474,2026-01-13 13:17:37.713477,f
16617,고성리,5013025924,제주특별자치도,2026-01-13 13:17:37.717329,2026-01-13 13:17:37.717332,f
16618,수산리,5013025925,제주특별자치도,2026-01-13 13:17:37.721166,2026-01-13 13:17:37.721168,f
16619,온평리,5013025926,제주특별자치도,2026-01-13 13:17:37.725363,2026-01-13 13:17:37.725366,f
16620,신산리,5013025927,제주특별자치도,2026-01-13 13:17:37.729569,2026-01-13 13:17:37.729571,f
16621,삼달리,5013025928,제주특별자치도,2026-01-13 13:17:37.733647,2026-01-13 13:17:37.73365,f
16622,신풍리,5013025929,제주특별자치도,2026-01-13 13:17:37.737809,2026-01-13 13:17:37.737811,f
16623,신천리,5013025930,제주특별자치도,2026-01-13 13:17:37.741406,2026-01-13 13:17:37.741408,f
16624,난산리,5013025931,제주특별자치도,2026-01-13 13:17:37.74659,2026-01-13 13:17:37.746593,f
16625,안덕면,5013031000,제주특별자치도,2026-01-13 13:17:37.750961,2026-01-13 13:17:37.750964,f
16626,대평리,5013031001,제주특별자치도,2026-01-13 13:17:37.755178,2026-01-13 13:17:37.75518,f
16627,화순리,5013031021,제주특별자치도,2026-01-13 13:17:37.759173,2026-01-13 13:17:37.759175,f
16628,창천리,5013031022,제주특별자치도,2026-01-13 13:17:37.762866,2026-01-13 13:17:37.762867,f
16629,감산리,5013031023,제주특별자치도,2026-01-13 13:17:37.766688,2026-01-13 13:17:37.76669,f
16630,상창리,5013031024,제주특별자치도,2026-01-13 13:17:37.770894,2026-01-13 13:17:37.770896,f
16631,사계리,5013031025,제주특별자치도,2026-01-13 13:17:37.774618,2026-01-13 13:17:37.774621,f
16632,덕수리,5013031026,제주특별자치도,2026-01-13 13:17:37.77855,2026-01-13 13:17:37.778552,f
16633,서광리,5013031027,제주특별자치도,2026-01-13 13:17:37.782711,2026-01-13 13:17:37.782714,f
16634,동광리,5013031028,제주특별자치도,2026-01-13 13:17:37.786894,2026-01-13 13:17:37.786896,f
16635,광평리,5013031029,제주특별자치도,2026-01-13 13:17:37.791037,2026-01-13 13:17:37.79104,f
16636,상천리,5013031030,제주특별자치도,2026-01-13 13:17:37.794983,2026-01-13 13:17:37.794986,f
16637,표선면,5013032000,제주특별자치도,2026-01-13 13:17:37.798609,2026-01-13 13:17:37.798611,f
16638,표선리,5013032021,제주특별자치도,2026-01-13 13:17:37.802565,2026-01-13 13:17:37.802567,f
16639,하천리,5013032022,제주특별자치도,2026-01-13 13:17:37.806204,2026-01-13 13:17:37.806206,f
16640,성읍리,5013032023,제주특별자치도,2026-01-13 13:17:37.811014,2026-01-13 13:17:37.811016,f
16641,가시리,5013032024,제주특별자치도,2026-01-13 13:17:37.81483,2026-01-13 13:17:37.814833,f
16642,세화리,5013032025,제주특별자치도,2026-01-13 13:17:37.818552,2026-01-13 13:17:37.818554,f
16643,토산리,5013032026,제주특별자치도,2026-01-13 13:17:37.82301,2026-01-13 13:17:37.823013,f
16644,어음1리,5011025303,제주특별자치도,2026-01-13 13:17:37.827305,2026-01-13 13:17:37.827308,f
16645,어음2리,5011025304,제주특별자치도,2026-01-13 13:17:37.831871,2026-01-13 13:17:37.831873,f
16646,충청남도,4400000000,충청남도,2026-01-13 13:17:37.83848,2026-01-13 13:17:37.838482,f
16647,천안시,4413000000,충청남도,2026-01-13 13:17:37.84519,2026-01-13 13:17:37.845193,f
16648,동남구,4413100000,충청남도,2026-01-13 13:17:37.851064,2026-01-13 13:17:37.851067,f
16649,대흥동,4413110100,충청남도,2026-01-13 13:17:37.855963,2026-01-13 13:17:37.855965,f
16650,성황동,4413110200,충청남도,2026-01-13 13:17:37.860703,2026-01-13 13:17:37.860712,f
16651,문화동,4413110300,충청남도,2026-01-13 13:17:37.867626,2026-01-13 13:17:37.867628,f
16652,사직동,4413110400,충청남도,2026-01-13 13:17:37.872622,2026-01-13 13:17:37.872624,f
16653,영성동,4413110500,충청남도,2026-01-13 13:17:37.876769,2026-01-13 13:17:37.876771,f
16654,오룡동,4413110600,충청남도,2026-01-13 13:17:37.880904,2026-01-13 13:17:37.880905,f
16655,원성동,4413110700,충청남도,2026-01-13 13:17:37.884677,2026-01-13 13:17:37.884678,f
16656,구성동,4413110800,충청남도,2026-01-13 13:17:37.888557,2026-01-13 13:17:37.888561,f
16657,청수동,4413110900,충청남도,2026-01-13 13:17:37.892982,2026-01-13 13:17:37.892987,f
16658,삼룡동,4413111000,충청남도,2026-01-13 13:17:37.897681,2026-01-13 13:17:37.897683,f
16659,청당동,4413111100,충청남도,2026-01-13 13:17:37.902233,2026-01-13 13:17:37.902235,f
16660,유량동,4413111200,충청남도,2026-01-13 13:17:37.906247,2026-01-13 13:17:37.906248,f
16661,봉명동,4413111300,충청남도,2026-01-13 13:17:37.910787,2026-01-13 13:17:37.910789,f
16662,다가동,4413111400,충청남도,2026-01-13 13:17:37.91484,2026-01-13 13:17:37.914842,f
16663,용곡동,4413111500,충청남도,2026-01-13 13:17:37.918836,2026-01-13 13:17:37.918838,f
16664,신방동,4413111600,충청남도,2026-01-13 13:17:37.923197,2026-01-13 13:17:37.923199,f
16665,쌍용동,4413111700,충청남도,2026-01-13 13:17:37.927132,2026-01-13 13:17:37.927134,f
16666,신부동,4413111800,충청남도,2026-01-13 13:17:37.931409,2026-01-13 13:17:37.931411,f
16667,안서동,4413111900,충청남도,2026-01-13 13:17:37.935898,2026-01-13 13:17:37.935901,f
16668,구룡동,4413112000,충청남도,2026-01-13 13:17:37.939714,2026-01-13 13:17:37.939717,f
16669,목천읍,4413125000,충청남도,2026-01-13 13:17:37.944336,2026-01-13 13:17:37.944338,f
16670,서리,4413125021,충청남도,2026-01-13 13:17:37.948785,2026-01-13 13:17:37.948787,f
16671,동리,4413125022,충청남도,2026-01-13 13:17:37.952877,2026-01-13 13:17:37.95288,f
16672,교촌리,4413125023,충청남도,2026-01-13 13:17:37.957055,2026-01-13 13:17:37.957057,f
16673,서흥리,4413125024,충청남도,2026-01-13 13:17:37.960863,2026-01-13 13:17:37.960865,f
16674,덕전리,4413125025,충청남도,2026-01-13 13:17:37.964515,2026-01-13 13:17:37.964517,f
16675,송전리,4413125026,충청남도,2026-01-13 13:17:37.968778,2026-01-13 13:17:37.968781,f
16676,석천리,4413125027,충청남도,2026-01-13 13:17:37.973921,2026-01-13 13:17:37.973923,f
16677,동평리,4413125028,충청남도,2026-01-13 13:17:37.978784,2026-01-13 13:17:37.978786,f
16678,운전리,4413125029,충청남도,2026-01-13 13:17:37.983733,2026-01-13 13:17:37.983736,f
16679,남화리,4413125030,충청남도,2026-01-13 13:17:37.988522,2026-01-13 13:17:37.988529,f
16680,지산리,4413125031,충청남도,2026-01-13 13:17:37.994098,2026-01-13 13:17:37.994101,f
16681,교천리,4413125032,충청남도,2026-01-13 13:17:37.998206,2026-01-13 13:17:37.998209,f
16682,신계리,4413125033,충청남도,2026-01-13 13:17:38.002606,2026-01-13 13:17:38.002608,f
16683,천정리,4413125034,충청남도,2026-01-13 13:17:38.006731,2026-01-13 13:17:38.006733,f
16684,응원리,4413125035,충청남도,2026-01-13 13:17:38.011161,2026-01-13 13:17:38.011165,f
16685,삼성리,4413125036,충청남도,2026-01-13 13:17:38.016154,2026-01-13 13:17:38.016156,f
16686,도장리,4413125037,충청남도,2026-01-13 13:17:38.019963,2026-01-13 13:17:38.019965,f
16687,소사리,4413125038,충청남도,2026-01-13 13:17:38.024755,2026-01-13 13:17:38.024757,f
16688,풍세면,4413131000,충청남도,2026-01-13 13:17:38.029391,2026-01-13 13:17:38.029393,f
16689,풍서리,4413131021,충청남도,2026-01-13 13:17:38.033378,2026-01-13 13:17:38.033381,f
16690,가송리,4413131022,충청남도,2026-01-13 13:17:38.037448,2026-01-13 13:17:38.03745,f
16691,미죽리,4413131023,충청남도,2026-01-13 13:17:38.041536,2026-01-13 13:17:38.041538,f
16692,두남리,4413131024,충청남도,2026-01-13 13:17:38.046281,2026-01-13 13:17:38.046282,f
16693,남관리,4413131025,충청남도,2026-01-13 13:17:38.050525,2026-01-13 13:17:38.050528,f
16694,삼태리,4413131026,충청남도,2026-01-13 13:17:38.055782,2026-01-13 13:17:38.055784,f
16695,용정리,4413131027,충청남도,2026-01-13 13:17:38.05975,2026-01-13 13:17:38.059752,f
16696,보성리,4413131028,충청남도,2026-01-13 13:17:38.063981,2026-01-13 13:17:38.063985,f
16697,광덕면,4413132000,충청남도,2026-01-13 13:17:38.068039,2026-01-13 13:17:38.068041,f
16698,광덕리,4413132021,충청남도,2026-01-13 13:17:38.073307,2026-01-13 13:17:38.073309,f
16699,지장리,4413132022,충청남도,2026-01-13 13:17:38.077761,2026-01-13 13:17:38.077764,f
16700,보산원리,4413132023,충청남도,2026-01-13 13:17:38.082034,2026-01-13 13:17:38.082037,f
16701,대덕리,4413132024,충청남도,2026-01-13 13:17:38.086266,2026-01-13 13:17:38.086268,f
16702,매당리,4413132025,충청남도,2026-01-13 13:17:38.091549,2026-01-13 13:17:38.091553,f
16703,신흥리,4413132026,충청남도,2026-01-13 13:17:38.095907,2026-01-13 13:17:38.095909,f
16704,무학리,4413132027,충청남도,2026-01-13 13:17:38.099747,2026-01-13 13:17:38.099749,f
16705,신덕리,4413132028,충청남도,2026-01-13 13:17:38.105202,2026-01-13 13:17:38.105205,f
16706,행정리,4413132029,충청남도,2026-01-13 13:17:38.109934,2026-01-13 13:17:38.109936,f
16707,대평리,4413132030,충청남도,2026-01-13 13:17:38.113963,2026-01-13 13:17:38.113965,f
16708,원덕리,4413132031,충청남도,2026-01-13 13:17:38.117669,2026-01-13 13:17:38.11767,f
16709,북면,4413133000,충청남도,2026-01-13 13:17:38.121427,2026-01-13 13:17:38.121428,f
16710,연춘리,4413133021,충청남도,2026-01-13 13:17:38.125302,2026-01-13 13:17:38.125304,f
16711,상동리,4413133022,충청남도,2026-01-13 13:17:38.129394,2026-01-13 13:17:38.129397,f
16712,은지리,4413133023,충청남도,2026-01-13 13:17:38.133879,2026-01-13 13:17:38.133881,f
16713,용암리,4413133024,충청남도,2026-01-13 13:17:38.142469,2026-01-13 13:17:38.142471,f
16714,매송리,4413133025,충청남도,2026-01-13 13:17:38.147799,2026-01-13 13:17:38.147803,f
16715,명덕리,4413133026,충청남도,2026-01-13 13:17:38.152462,2026-01-13 13:17:38.152464,f
16716,오곡리,4413133027,충청남도,2026-01-13 13:17:38.156768,2026-01-13 13:17:38.156769,f
16717,사담리,4413133028,충청남도,2026-01-13 13:17:38.160627,2026-01-13 13:17:38.160629,f
16718,전곡리,4413133029,충청남도,2026-01-13 13:17:38.164426,2026-01-13 13:17:38.164428,f
16719,양곡리,4413133030,충청남도,2026-01-13 13:17:38.168406,2026-01-13 13:17:38.168408,f
16720,납안리,4413133031,충청남도,2026-01-13 13:17:38.17878,2026-01-13 13:17:38.178785,f
16721,운용리,4413133032,충청남도,2026-01-13 13:17:38.185565,2026-01-13 13:17:38.185567,f
16722,대평리,4413133033,충청남도,2026-01-13 13:17:38.192032,2026-01-13 13:17:38.192038,f
16723,성남면,4413134000,충청남도,2026-01-13 13:17:38.196866,2026-01-13 13:17:38.196868,f
16724,신덕리,4413134021,충청남도,2026-01-13 13:17:38.201704,2026-01-13 13:17:38.201706,f
16725,봉양리,4413134022,충청남도,2026-01-13 13:17:38.205993,2026-01-13 13:17:38.205995,f
16726,대흥리,4413134023,충청남도,2026-01-13 13:17:38.210777,2026-01-13 13:17:38.210781,f
16727,대정리,4413134024,충청남도,2026-01-13 13:17:38.21525,2026-01-13 13:17:38.215253,f
16728,석곡리,4413134025,충청남도,2026-01-13 13:17:38.21973,2026-01-13 13:17:38.219733,f
16729,용원리,4413134026,충청남도,2026-01-13 13:17:38.224934,2026-01-13 13:17:38.224937,f
16730,신사리,4413134027,충청남도,2026-01-13 13:17:38.230774,2026-01-13 13:17:38.230776,f
16731,대화리,4413134028,충청남도,2026-01-13 13:17:38.235191,2026-01-13 13:17:38.235194,f
16732,화성리,4413134029,충청남도,2026-01-13 13:17:38.239315,2026-01-13 13:17:38.239317,f
16733,수신면,4413135000,충청남도,2026-01-13 13:17:38.242972,2026-01-13 13:17:38.242974,f
16734,속창리,4413135021,충청남도,2026-01-13 13:17:38.247335,2026-01-13 13:17:38.247337,f
16735,자부리,4471039025,충청남도,2026-01-13 13:17:38.251561,2026-01-13 13:17:38.251563,f
16736,장대리,4471039026,충청남도,2026-01-13 13:17:38.255692,2026-01-13 13:17:38.255696,f
16737,신풍리,4413135022,충청남도,2026-01-13 13:17:38.259707,2026-01-13 13:17:38.259709,f
16738,해정리,4413135023,충청남도,2026-01-13 13:17:38.264095,2026-01-13 13:17:38.264099,f
16739,백자리,4413135024,충청남도,2026-01-13 13:17:38.268355,2026-01-13 13:17:38.268357,f
16740,발산리,4413135025,충청남도,2026-01-13 13:17:38.272576,2026-01-13 13:17:38.272578,f
16741,장산리,4413135026,충청남도,2026-01-13 13:17:38.276355,2026-01-13 13:17:38.276357,f
16742,병천면,4413136000,충청남도,2026-01-13 13:17:38.280367,2026-01-13 13:17:38.280368,f
16743,가전리,4413136021,충청남도,2026-01-13 13:17:38.284115,2026-01-13 13:17:38.284117,f
16744,병천리,4413136022,충청남도,2026-01-13 13:17:38.2877,2026-01-13 13:17:38.287701,f
16745,탑원리,4413136023,충청남도,2026-01-13 13:17:38.292004,2026-01-13 13:17:38.292007,f
16746,도원리,4413136024,충청남도,2026-01-13 13:17:38.295893,2026-01-13 13:17:38.295895,f
16747,매성리,4413136025,충청남도,2026-01-13 13:17:38.300068,2026-01-13 13:17:38.300071,f
16748,관성리,4413136026,충청남도,2026-01-13 13:17:38.304768,2026-01-13 13:17:38.304773,f
16749,봉항리,4413136027,충청남도,2026-01-13 13:17:38.309405,2026-01-13 13:17:38.309408,f
16750,용두리,4413136028,충청남도,2026-01-13 13:17:38.313157,2026-01-13 13:17:38.313159,f
16751,송정리,4413136029,충청남도,2026-01-13 13:17:38.316924,2026-01-13 13:17:38.316926,f
16752,동면,4413137000,충청남도,2026-01-13 13:17:38.320903,2026-01-13 13:17:38.320906,f
16753,구도리,4413137021,충청남도,2026-01-13 13:17:38.32472,2026-01-13 13:17:38.324722,f
16754,송연리,4413137022,충청남도,2026-01-13 13:17:38.328717,2026-01-13 13:17:38.32872,f
16755,화계리,4413137023,충청남도,2026-01-13 13:17:38.333042,2026-01-13 13:17:38.333045,f
16756,광덕리,4413137024,충청남도,2026-01-13 13:17:38.336904,2026-01-13 13:17:38.336906,f
16757,동산리,4413137025,충청남도,2026-01-13 13:17:38.340535,2026-01-13 13:17:38.340539,f
16758,행암리,4413137026,충청남도,2026-01-13 13:17:38.34493,2026-01-13 13:17:38.344933,f
16759,덕성리,4413137027,충청남도,2026-01-13 13:17:38.349462,2026-01-13 13:17:38.349464,f
16760,죽계리,4413137028,충청남도,2026-01-13 13:17:38.353318,2026-01-13 13:17:38.353331,f
16761,장송리,4413137029,충청남도,2026-01-13 13:17:38.357338,2026-01-13 13:17:38.357341,f
16762,수남리,4413137030,충청남도,2026-01-13 13:17:38.360872,2026-01-13 13:17:38.360874,f
16763,화덕리,4413137031,충청남도,2026-01-13 13:17:38.364488,2026-01-13 13:17:38.36449,f
16764,서북구,4413300000,충청남도,2026-01-13 13:17:38.371316,2026-01-13 13:17:38.371329,f
16765,와촌동,4413310100,충청남도,2026-01-13 13:17:38.375329,2026-01-13 13:17:38.375332,f
16766,성정동,4413310200,충청남도,2026-01-13 13:17:38.37927,2026-01-13 13:17:38.379272,f
16767,백석동,4413310300,충청남도,2026-01-13 13:17:38.383219,2026-01-13 13:17:38.383221,f
16768,두정동,4413310400,충청남도,2026-01-13 13:17:38.389172,2026-01-13 13:17:38.389177,f
16769,성성동,4413310500,충청남도,2026-01-13 13:17:38.396013,2026-01-13 13:17:38.396016,f
16770,차암동,4413310600,충청남도,2026-01-13 13:17:38.400086,2026-01-13 13:17:38.400089,f
16771,쌍용동,4413310700,충청남도,2026-01-13 13:17:38.40396,2026-01-13 13:17:38.403963,f
16772,불당동,4413310800,충청남도,2026-01-13 13:17:38.409296,2026-01-13 13:17:38.4093,f
16773,업성동,4413310900,충청남도,2026-01-13 13:17:38.415835,2026-01-13 13:17:38.415837,f
16774,신당동,4413311000,충청남도,2026-01-13 13:17:38.419838,2026-01-13 13:17:38.41984,f
16775,부대동,4413311100,충청남도,2026-01-13 13:17:38.425216,2026-01-13 13:17:38.425221,f
16776,성환읍,4413325000,충청남도,2026-01-13 13:17:38.430016,2026-01-13 13:17:38.430018,f
16777,성환리,4413325021,충청남도,2026-01-13 13:17:38.435496,2026-01-13 13:17:38.435498,f
16778,성월리,4413325022,충청남도,2026-01-13 13:17:38.439456,2026-01-13 13:17:38.439458,f
16779,매주리,4413325023,충청남도,2026-01-13 13:17:38.443801,2026-01-13 13:17:38.443804,f
16780,율금리,4413325024,충청남도,2026-01-13 13:17:38.449282,2026-01-13 13:17:38.449285,f
16781,왕림리,4413325025,충청남도,2026-01-13 13:17:38.454365,2026-01-13 13:17:38.454369,f
16782,신방리,4413325026,충청남도,2026-01-13 13:17:38.461344,2026-01-13 13:17:38.461346,f
16783,송덕리,4413325027,충청남도,2026-01-13 13:17:38.469174,2026-01-13 13:17:38.469181,f
16784,우신리,4413325028,충청남도,2026-01-13 13:17:38.474959,2026-01-13 13:17:38.474963,f
16785,어룡리,4413325029,충청남도,2026-01-13 13:17:38.483094,2026-01-13 13:17:38.483096,f
16786,복모리,4413325030,충청남도,2026-01-13 13:17:38.499781,2026-01-13 13:17:38.49979,f
16787,신가리,4413325031,충청남도,2026-01-13 13:17:38.509622,2026-01-13 13:17:38.509625,f
16788,와룡리,4413325032,충청남도,2026-01-13 13:17:38.514171,2026-01-13 13:17:38.514173,f
16789,학정리,4413325033,충청남도,2026-01-13 13:17:38.51893,2026-01-13 13:17:38.518933,f
16790,대홍리,4413325034,충청남도,2026-01-13 13:17:38.523397,2026-01-13 13:17:38.523399,f
16791,수향리,4413325035,충청남도,2026-01-13 13:17:38.527421,2026-01-13 13:17:38.527424,f
16792,안궁리,4413325036,충청남도,2026-01-13 13:17:38.532313,2026-01-13 13:17:38.532316,f
16793,양령리,4413325037,충청남도,2026-01-13 13:17:38.536738,2026-01-13 13:17:38.53674,f
16794,도하리,4413325038,충청남도,2026-01-13 13:17:38.542176,2026-01-13 13:17:38.542179,f
16795,성거읍,4413325300,충청남도,2026-01-13 13:17:38.546566,2026-01-13 13:17:38.546568,f
16796,송남리,4413325321,충청남도,2026-01-13 13:17:38.551704,2026-01-13 13:17:38.551706,f
16797,천흥리,4413325322,충청남도,2026-01-13 13:17:38.556924,2026-01-13 13:17:38.556926,f
16798,오목리,4413325323,충청남도,2026-01-13 13:17:38.560847,2026-01-13 13:17:38.560849,f
16799,추정리,4471039022,충청남도,2026-01-13 13:17:38.56462,2026-01-13 13:17:38.564622,f
16800,마전리,4471039023,충청남도,2026-01-13 13:17:38.56864,2026-01-13 13:17:38.568642,f
16801,비례리,4471039024,충청남도,2026-01-13 13:17:38.572955,2026-01-13 13:17:38.572957,f
16802,오색당리,4413325324,충청남도,2026-01-13 13:17:38.577079,2026-01-13 13:17:38.577082,f
16803,저리,4413325325,충청남도,2026-01-13 13:17:38.581383,2026-01-13 13:17:38.581386,f
16804,모전리,4413325326,충청남도,2026-01-13 13:17:38.590459,2026-01-13 13:17:38.590461,f
16805,삼곡리,4413325327,충청남도,2026-01-13 13:17:38.595079,2026-01-13 13:17:38.595082,f
16806,정촌리,4413325328,충청남도,2026-01-13 13:17:38.599053,2026-01-13 13:17:38.599055,f
16807,문덕리,4413325329,충청남도,2026-01-13 13:17:38.602919,2026-01-13 13:17:38.60292,f
16808,석교리,4413325330,충청남도,2026-01-13 13:17:38.606971,2026-01-13 13:17:38.606973,f
16809,요방리,4413325331,충청남도,2026-01-13 13:17:38.611455,2026-01-13 13:17:38.611457,f
16810,소우리,4413325332,충청남도,2026-01-13 13:17:38.616733,2026-01-13 13:17:38.616736,f
16811,신월리,4413325333,충청남도,2026-01-13 13:17:38.620995,2026-01-13 13:17:38.620998,f
16812,직산읍,4413325600,충청남도,2026-01-13 13:17:38.625213,2026-01-13 13:17:38.625216,f
16813,군동리,4413325621,충청남도,2026-01-13 13:17:38.629819,2026-01-13 13:17:38.629821,f
16814,군서리,4413325622,충청남도,2026-01-13 13:17:38.633932,2026-01-13 13:17:38.633934,f
16815,남산리,4413325623,충청남도,2026-01-13 13:17:38.638686,2026-01-13 13:17:38.638689,f
16816,판정리,4413325624,충청남도,2026-01-13 13:17:38.643835,2026-01-13 13:17:38.643839,f
16817,수헐리,4413325625,충청남도,2026-01-13 13:17:38.648446,2026-01-13 13:17:38.648449,f
16818,삼은리,4413325626,충청남도,2026-01-13 13:17:38.653772,2026-01-13 13:17:38.653776,f
16819,상덕리,4413325627,충청남도,2026-01-13 13:17:38.658035,2026-01-13 13:17:38.658037,f
16820,부송리,4413325628,충청남도,2026-01-13 13:17:38.662147,2026-01-13 13:17:38.662149,f
16821,모시리,4413325629,충청남도,2026-01-13 13:17:38.667277,2026-01-13 13:17:38.667279,f
16822,자은가리,4413325630,충청남도,2026-01-13 13:17:38.671954,2026-01-13 13:17:38.671956,f
16823,양당리,4413325631,충청남도,2026-01-13 13:17:38.675674,2026-01-13 13:17:38.675676,f
16824,신갈리,4413325632,충청남도,2026-01-13 13:17:38.680006,2026-01-13 13:17:38.680008,f
16825,마정리,4413325633,충청남도,2026-01-13 13:17:38.684184,2026-01-13 13:17:38.684185,f
16826,석곡리,4413325634,충청남도,2026-01-13 13:17:38.687613,2026-01-13 13:17:38.687614,f
16827,입장면,4413331000,충청남도,2026-01-13 13:17:38.692668,2026-01-13 13:17:38.69267,f
16828,하장리,4413331021,충청남도,2026-01-13 13:17:38.698107,2026-01-13 13:17:38.69811,f
16829,상장리,4413331022,충청남도,2026-01-13 13:17:38.702921,2026-01-13 13:17:38.702927,f
16830,기로리,4413331023,충청남도,2026-01-13 13:17:38.70807,2026-01-13 13:17:38.708072,f
16831,도림리,4413331024,충청남도,2026-01-13 13:17:38.712175,2026-01-13 13:17:38.712177,f
16832,양대리,4413331025,충청남도,2026-01-13 13:17:38.716226,2026-01-13 13:17:38.716228,f
16833,홍천리,4413331026,충청남도,2026-01-13 13:17:38.719893,2026-01-13 13:17:38.719895,f
16834,호당리,4413331027,충청남도,2026-01-13 13:17:38.723925,2026-01-13 13:17:38.723927,f
16835,시장리,4413331028,충청남도,2026-01-13 13:17:38.727834,2026-01-13 13:17:38.727836,f
16836,효계리,4413331029,충청남도,2026-01-13 13:17:38.732389,2026-01-13 13:17:38.73239,f
16837,신덕리,4413331030,충청남도,2026-01-13 13:17:38.736631,2026-01-13 13:17:38.736633,f
16838,신두리,4413331031,충청남도,2026-01-13 13:17:38.740385,2026-01-13 13:17:38.740387,f
16839,용정리,4413331032,충청남도,2026-01-13 13:17:38.745923,2026-01-13 13:17:38.745926,f
16840,흑암리,4413331033,충청남도,2026-01-13 13:17:38.751106,2026-01-13 13:17:38.751107,f
16841,산정리,4413331034,충청남도,2026-01-13 13:17:38.755611,2026-01-13 13:17:38.755613,f
16842,연곡리,4413331035,충청남도,2026-01-13 13:17:38.759886,2026-01-13 13:17:38.759888,f
16843,가산리,4413331036,충청남도,2026-01-13 13:17:38.763854,2026-01-13 13:17:38.763857,f
16844,유리,4413331037,충청남도,2026-01-13 13:17:38.770629,2026-01-13 13:17:38.770632,f
16845,독정리,4413331038,충청남도,2026-01-13 13:17:38.774588,2026-01-13 13:17:38.774591,f
16846,공주시,4415000000,충청남도,2026-01-13 13:17:38.778623,2026-01-13 13:17:38.778624,f
16847,반죽동,4415010100,충청남도,2026-01-13 13:17:38.782563,2026-01-13 13:17:38.782565,f
16848,봉황동,4415010200,충청남도,2026-01-13 13:17:38.78682,2026-01-13 13:17:38.786821,f
16849,중학동,4415010300,충청남도,2026-01-13 13:17:38.791481,2026-01-13 13:17:38.791483,f
16850,중동,4415010400,충청남도,2026-01-13 13:17:38.796481,2026-01-13 13:17:38.796482,f
16851,산성동,4415010500,충청남도,2026-01-13 13:17:38.805075,2026-01-13 13:17:38.80508,f
16852,교동,4415010600,충청남도,2026-01-13 13:17:38.813841,2026-01-13 13:17:38.813845,f
16853,웅진동,4415010700,충청남도,2026-01-13 13:17:38.820915,2026-01-13 13:17:38.820917,f
16854,금성동,4415010800,충청남도,2026-01-13 13:17:38.825645,2026-01-13 13:17:38.825648,f
16855,옥룡동,4415010900,충청남도,2026-01-13 13:17:38.829979,2026-01-13 13:17:38.829981,f
16856,금학동,4415011000,충청남도,2026-01-13 13:17:38.835472,2026-01-13 13:17:38.835475,f
16857,봉정동,4415011100,충청남도,2026-01-13 13:17:38.840294,2026-01-13 13:17:38.840297,f
16858,주미동,4415011200,충청남도,2026-01-13 13:17:38.844681,2026-01-13 13:17:38.844684,f
16859,태봉동,4415011300,충청남도,2026-01-13 13:17:38.853727,2026-01-13 13:17:38.85373,f
16860,오곡동,4415011400,충청남도,2026-01-13 13:17:38.85882,2026-01-13 13:17:38.858823,f
16861,신기동,4415011500,충청남도,2026-01-13 13:17:38.86339,2026-01-13 13:17:38.863393,f
16862,소학동,4415011600,충청남도,2026-01-13 13:17:38.868041,2026-01-13 13:17:38.868044,f
16863,상왕동,4415011700,충청남도,2026-01-13 13:17:38.872856,2026-01-13 13:17:38.872858,f
16864,무릉동,4415011800,충청남도,2026-01-13 13:17:38.877056,2026-01-13 13:17:38.877058,f
16865,월송동,4415011900,충청남도,2026-01-13 13:17:38.885476,2026-01-13 13:17:38.885479,f
16866,지량리,4471038029,충청남도,2026-01-13 13:17:38.898532,2026-01-13 13:17:38.898536,f
16867,추부면,4471039000,충청남도,2026-01-13 13:17:38.903367,2026-01-13 13:17:38.903369,f
16868,용지리,4471039021,충청남도,2026-01-13 13:17:38.908182,2026-01-13 13:17:38.908185,f
16869,신관동,4415012000,충청남도,2026-01-13 13:17:38.913779,2026-01-13 13:17:38.913783,f
16870,금흥동,4415012100,충청남도,2026-01-13 13:17:38.918489,2026-01-13 13:17:38.918491,f
16871,쌍신동,4415012200,충청남도,2026-01-13 13:17:38.924293,2026-01-13 13:17:38.924296,f
16872,월미동,4415012300,충청남도,2026-01-13 13:17:38.92965,2026-01-13 13:17:38.929652,f
16873,검상동,4415012400,충청남도,2026-01-13 13:17:38.934121,2026-01-13 13:17:38.934124,f
16874,석장리동,4415012500,충청남도,2026-01-13 13:17:38.939981,2026-01-13 13:17:38.939984,f
16875,송선동,4415012600,충청남도,2026-01-13 13:17:38.944518,2026-01-13 13:17:38.944521,f
16876,동현동,4415012700,충청남도,2026-01-13 13:17:38.949542,2026-01-13 13:17:38.949544,f
16877,유구읍,4415025000,충청남도,2026-01-13 13:17:38.953589,2026-01-13 13:17:38.953593,f
16878,백교리,4415025021,충청남도,2026-01-13 13:17:38.959314,2026-01-13 13:17:38.959316,f
16879,노동리,4415025022,충청남도,2026-01-13 13:17:38.963199,2026-01-13 13:17:38.963201,f
16880,석남리,4415025023,충청남도,2026-01-13 13:17:38.967404,2026-01-13 13:17:38.967406,f
16881,유구리,4415025024,충청남도,2026-01-13 13:17:38.97151,2026-01-13 13:17:38.971511,f
16882,녹천리,4415025025,충청남도,2026-01-13 13:17:38.975631,2026-01-13 13:17:38.975634,f
16883,신영리,4415025026,충청남도,2026-01-13 13:17:38.97969,2026-01-13 13:17:38.979694,f
16884,신달리,4415025027,충청남도,2026-01-13 13:17:38.988311,2026-01-13 13:17:38.988317,f
16885,입석리,4415025028,충청남도,2026-01-13 13:17:38.999955,2026-01-13 13:17:38.999961,f
16886,명곡리,4415025029,충청남도,2026-01-13 13:17:39.008543,2026-01-13 13:17:39.008546,f
16887,구계리,4415025030,충청남도,2026-01-13 13:17:39.017226,2026-01-13 13:17:39.017228,f
16888,연종리,4415025031,충청남도,2026-01-13 13:17:39.021489,2026-01-13 13:17:39.021492,f
16889,세동리,4415025032,충청남도,2026-01-13 13:17:39.026358,2026-01-13 13:17:39.026361,f
16890,추계리,4415025033,충청남도,2026-01-13 13:17:39.031712,2026-01-13 13:17:39.031714,f
16891,덕곡리,4415025034,충청남도,2026-01-13 13:17:39.03591,2026-01-13 13:17:39.035912,f
16892,문금리,4415025035,충청남도,2026-01-13 13:17:39.040351,2026-01-13 13:17:39.040354,f
16893,탑곡리,4415025036,충청남도,2026-01-13 13:17:39.045611,2026-01-13 13:17:39.045613,f
16894,동해리,4415025037,충청남도,2026-01-13 13:17:39.050672,2026-01-13 13:17:39.050674,f
16895,만천리,4415025038,충청남도,2026-01-13 13:17:39.054837,2026-01-13 13:17:39.054839,f
16896,이인면,4415031000,충청남도,2026-01-13 13:17:39.058527,2026-01-13 13:17:39.058529,f
16897,이인리,4415031021,충청남도,2026-01-13 13:17:39.063157,2026-01-13 13:17:39.063161,f
16898,만수리,4415031022,충청남도,2026-01-13 13:17:39.068157,2026-01-13 13:17:39.06816,f
16899,오룡리,4415031023,충청남도,2026-01-13 13:17:39.074692,2026-01-13 13:17:39.074694,f
16900,신흥리,4415031024,충청남도,2026-01-13 13:17:39.079727,2026-01-13 13:17:39.079728,f
16901,주봉리,4415031025,충청남도,2026-01-13 13:17:39.087177,2026-01-13 13:17:39.087181,f
16902,목동리,4415031026,충청남도,2026-01-13 13:17:39.092874,2026-01-13 13:17:39.092877,f
16903,발양리,4415031027,충청남도,2026-01-13 13:17:39.098415,2026-01-13 13:17:39.098417,f
16904,초봉리,4415031028,충청남도,2026-01-13 13:17:39.102392,2026-01-13 13:17:39.102394,f
16905,용성리,4415031029,충청남도,2026-01-13 13:17:39.107708,2026-01-13 13:17:39.107711,f
16906,구암리,4415031030,충청남도,2026-01-13 13:17:39.113143,2026-01-13 13:17:39.113147,f
16907,달산리,4415031031,충청남도,2026-01-13 13:17:39.118502,2026-01-13 13:17:39.118504,f
16908,산의리,4415031032,충청남도,2026-01-13 13:17:39.122758,2026-01-13 13:17:39.122759,f
16909,복룡리,4415031033,충청남도,2026-01-13 13:17:39.127156,2026-01-13 13:17:39.127159,f
16910,반송리,4415031034,충청남도,2026-01-13 13:17:39.13222,2026-01-13 13:17:39.132223,f
16911,이곡리,4415031035,충청남도,2026-01-13 13:17:39.136353,2026-01-13 13:17:39.136354,f
16912,운암리,4415031036,충청남도,2026-01-13 13:17:39.140646,2026-01-13 13:17:39.140649,f
16913,신영리,4415031037,충청남도,2026-01-13 13:17:39.14539,2026-01-13 13:17:39.145392,f
16914,탄천면,4415032000,충청남도,2026-01-13 13:17:39.1497,2026-01-13 13:17:39.149702,f
16915,삼각리,4415032021,충청남도,2026-01-13 13:17:39.154314,2026-01-13 13:17:39.154316,f
16916,광명리,4415032022,충청남도,2026-01-13 13:17:39.160142,2026-01-13 13:17:39.160144,f
16917,장선리,4415032023,충청남도,2026-01-13 13:17:39.165918,2026-01-13 13:17:39.165921,f
16918,안영리,4415032024,충청남도,2026-01-13 13:17:39.172277,2026-01-13 13:17:39.172279,f
16919,덕지리,4415032025,충청남도,2026-01-13 13:17:39.177271,2026-01-13 13:17:39.177273,f
16920,화정리,4415032026,충청남도,2026-01-13 13:17:39.180859,2026-01-13 13:17:39.180861,f
16921,남산리,4415032027,충청남도,2026-01-13 13:17:39.185333,2026-01-13 13:17:39.185336,f
16922,가척리,4415032028,충청남도,2026-01-13 13:17:39.189517,2026-01-13 13:17:39.189519,f
16923,정치리,4415032029,충청남도,2026-01-13 13:17:39.193983,2026-01-13 13:17:39.193986,f
16924,성리,4415032030,충청남도,2026-01-13 13:17:39.197989,2026-01-13 13:17:39.197991,f
16925,송학리,4415032031,충청남도,2026-01-13 13:17:39.201716,2026-01-13 13:17:39.201719,f
16926,분강리,4415032032,충청남도,2026-01-13 13:17:39.205508,2026-01-13 13:17:39.20551,f
16927,유하리,4415032033,충청남도,2026-01-13 13:17:39.209759,2026-01-13 13:17:39.209762,f
16928,국동리,4415032034,충청남도,2026-01-13 13:17:39.213543,2026-01-13 13:17:39.213545,f
16929,운곡리,4415032035,충청남도,2026-01-13 13:17:39.218045,2026-01-13 13:17:39.218047,f
16930,견동리,4415032036,충청남도,2026-01-13 13:17:39.222699,2026-01-13 13:17:39.222704,f
16931,대학리,4415032037,충청남도,2026-01-13 13:17:39.227195,2026-01-13 13:17:39.227198,f
16932,계룡면,4415033000,충청남도,2026-01-13 13:17:39.231226,2026-01-13 13:17:39.231228,f
16933,기산리,4415033021,충청남도,2026-01-13 13:17:39.235311,2026-01-13 13:17:39.235313,f
16934,월암리,4415033022,충청남도,2026-01-13 13:17:39.239522,2026-01-13 13:17:39.239524,f
16935,봉명리,4415033023,충청남도,2026-01-13 13:17:39.243729,2026-01-13 13:17:39.243732,f
16936,화은리,4415033024,충청남도,2026-01-13 13:17:39.247463,2026-01-13 13:17:39.247464,f
16937,내흥리,4415033025,충청남도,2026-01-13 13:17:39.252119,2026-01-13 13:17:39.252121,f
16938,백암리,4471038026,충청남도,2026-01-13 13:17:39.256818,2026-01-13 13:17:39.25682,f
16939,구례리,4471038027,충청남도,2026-01-13 13:17:39.261679,2026-01-13 13:17:39.261681,f
16940,신대리,4471038028,충청남도,2026-01-13 13:17:39.270467,2026-01-13 13:17:39.270471,f
16941,구왕리,4415033026,충청남도,2026-01-13 13:17:39.275885,2026-01-13 13:17:39.275887,f
16942,중장리,4415033027,충청남도,2026-01-13 13:17:39.280362,2026-01-13 13:17:39.280365,f
16943,하대리,4415033028,충청남도,2026-01-13 13:17:39.284521,2026-01-13 13:17:39.284526,f
16944,양화리,4415033029,충청남도,2026-01-13 13:17:39.291341,2026-01-13 13:17:39.291345,f
16945,경천리,4415033030,충청남도,2026-01-13 13:17:39.297672,2026-01-13 13:17:39.297675,f
16946,화헌리,4415033031,충청남도,2026-01-13 13:17:39.306511,2026-01-13 13:17:39.306518,f
16947,금대리,4415033032,충청남도,2026-01-13 13:17:39.313282,2026-01-13 13:17:39.313287,f
16948,상성리,4415033033,충청남도,2026-01-13 13:17:39.320354,2026-01-13 13:17:39.320357,f
16949,월곡리,4415033034,충청남도,2026-01-13 13:17:39.325173,2026-01-13 13:17:39.325174,f
16950,죽곡리,4415033035,충청남도,2026-01-13 13:17:39.330097,2026-01-13 13:17:39.330104,f
16951,향지리,4415033036,충청남도,2026-01-13 13:17:39.336268,2026-01-13 13:17:39.33627,f
16952,유평리,4415033037,충청남도,2026-01-13 13:17:39.341824,2026-01-13 13:17:39.341826,f
16953,반포면,4415034000,충청남도,2026-01-13 13:17:39.346956,2026-01-13 13:17:39.346959,f
16954,공암리,4415034021,충청남도,2026-01-13 13:17:39.351503,2026-01-13 13:17:39.351506,f
16955,송곡리,4415034023,충청남도,2026-01-13 13:17:39.355639,2026-01-13 13:17:39.355642,f
16956,마암리,4415034028,충청남도,2026-01-13 13:17:39.360386,2026-01-13 13:17:39.360389,f
16957,봉곡리,4415034029,충청남도,2026-01-13 13:17:39.367695,2026-01-13 13:17:39.367698,f
16958,상신리,4415034030,충청남도,2026-01-13 13:17:39.373523,2026-01-13 13:17:39.373525,f
16959,하신리,4415034031,충청남도,2026-01-13 13:17:39.378576,2026-01-13 13:17:39.378579,f
16960,온천리,4415034032,충청남도,2026-01-13 13:17:39.382595,2026-01-13 13:17:39.382599,f
16961,학봉리,4415034033,충청남도,2026-01-13 13:17:39.387075,2026-01-13 13:17:39.387077,f
16962,의당면,4415036000,충청남도,2026-01-13 13:17:39.395538,2026-01-13 13:17:39.395539,f
16963,월곡리,4415036021,충청남도,2026-01-13 13:17:39.399143,2026-01-13 13:17:39.399144,f
16964,두만리,4415036022,충청남도,2026-01-13 13:17:39.40254,2026-01-13 13:17:39.402541,f
16965,오인리,4415036023,충청남도,2026-01-13 13:17:39.406516,2026-01-13 13:17:39.406518,f
16966,수촌리,4415036024,충청남도,2026-01-13 13:17:39.411202,2026-01-13 13:17:39.411204,f
16967,율정리,4415036025,충청남도,2026-01-13 13:17:39.415544,2026-01-13 13:17:39.415547,f
16968,청룡리,4415036026,충청남도,2026-01-13 13:17:39.419451,2026-01-13 13:17:39.419454,f
16969,유계리,4415036027,충청남도,2026-01-13 13:17:39.429921,2026-01-13 13:17:39.429939,f
16970,가산리,4415036033,충청남도,2026-01-13 13:17:39.43884,2026-01-13 13:17:39.438845,f
16971,중흥리,4415036034,충청남도,2026-01-13 13:17:39.444013,2026-01-13 13:17:39.444015,f
16972,도신리,4415036035,충청남도,2026-01-13 13:17:39.447869,2026-01-13 13:17:39.447871,f
16973,덕학리,4415036036,충청남도,2026-01-13 13:17:39.454443,2026-01-13 13:17:39.454445,f
16974,요룡리,4415036037,충청남도,2026-01-13 13:17:39.458409,2026-01-13 13:17:39.458412,f
16975,정안면,4415037000,충청남도,2026-01-13 13:17:39.463035,2026-01-13 13:17:39.463038,f
16976,광정리,4415037021,충청남도,2026-01-13 13:17:39.467188,2026-01-13 13:17:39.467191,f
16977,상룡리,4415037022,충청남도,2026-01-13 13:17:39.471904,2026-01-13 13:17:39.471906,f
16978,화봉리,4415037023,충청남도,2026-01-13 13:17:39.476091,2026-01-13 13:17:39.476093,f
16979,평정리,4415037024,충청남도,2026-01-13 13:17:39.480965,2026-01-13 13:17:39.480968,f
16980,곡남리,4471038023,충청남도,2026-01-13 13:17:39.485788,2026-01-13 13:17:39.48579,f
16981,수영리,4471038024,충청남도,2026-01-13 13:17:39.490304,2026-01-13 13:17:39.490308,f
16982,목소리,4471038025,충청남도,2026-01-13 13:17:39.496279,2026-01-13 13:17:39.496281,f
16983,북계리,4415037025,충청남도,2026-01-13 13:17:39.50187,2026-01-13 13:17:39.501872,f
16984,석송리,4415037026,충청남도,2026-01-13 13:17:39.506001,2026-01-13 13:17:39.506003,f
16985,전평리,4415037027,충청남도,2026-01-13 13:17:39.51069,2026-01-13 13:17:39.510694,f
16986,쌍달리,4415037028,충청남도,2026-01-13 13:17:39.515017,2026-01-13 13:17:39.515019,f
16987,고성리,4415037029,충청남도,2026-01-13 13:17:39.518818,2026-01-13 13:17:39.518821,f
16988,운궁리,4415037030,충청남도,2026-01-13 13:17:39.522482,2026-01-13 13:17:39.522484,f
16989,장원리,4415037031,충청남도,2026-01-13 13:17:39.52636,2026-01-13 13:17:39.526362,f
16990,보물리,4415037032,충청남도,2026-01-13 13:17:39.530024,2026-01-13 13:17:39.530025,f
16991,어물리,4415037033,충청남도,2026-01-13 13:17:39.534531,2026-01-13 13:17:39.534533,f
16992,내촌리,4415037034,충청남도,2026-01-13 13:17:39.538533,2026-01-13 13:17:39.538536,f
16993,사현리,4415037035,충청남도,2026-01-13 13:17:39.542473,2026-01-13 13:17:39.542476,f
16994,인풍리,4415037036,충청남도,2026-01-13 13:17:39.553097,2026-01-13 13:17:39.5531,f
16995,태성리,4415037037,충청남도,2026-01-13 13:17:39.56072,2026-01-13 13:17:39.560723,f
16996,대산리,4415037038,충청남도,2026-01-13 13:17:39.565155,2026-01-13 13:17:39.565157,f
16997,월산리,4415037039,충청남도,2026-01-13 13:17:39.568798,2026-01-13 13:17:39.568799,f
16998,문천리,4415037040,충청남도,2026-01-13 13:17:39.572728,2026-01-13 13:17:39.572731,f
16999,내문리,4415037041,충청남도,2026-01-13 13:17:39.578498,2026-01-13 13:17:39.5785,f
17000,산성리,4415037042,충청남도,2026-01-13 13:17:39.582841,2026-01-13 13:17:39.582843,f
17001,우성면,4415038000,충청남도,2026-01-13 13:17:39.587568,2026-01-13 13:17:39.58757,f
17002,동대리,4415038021,충청남도,2026-01-13 13:17:39.591605,2026-01-13 13:17:39.591608,f
17003,단지리,4415038022,충청남도,2026-01-13 13:17:39.596118,2026-01-13 13:17:39.596123,f
17004,방문리,4415038023,충청남도,2026-01-13 13:17:39.601225,2026-01-13 13:17:39.601228,f
17005,상서리,4415038024,충청남도,2026-01-13 13:17:39.605508,2026-01-13 13:17:39.60551,f
17006,평목리,4415038025,충청남도,2026-01-13 13:17:39.609299,2026-01-13 13:17:39.6093,f
17007,도천리,4415038026,충청남도,2026-01-13 13:17:39.613883,2026-01-13 13:17:39.613886,f
17008,신웅리,4415038027,충청남도,2026-01-13 13:17:39.618227,2026-01-13 13:17:39.618229,f
17009,내산리,4415038028,충청남도,2026-01-13 13:17:39.623478,2026-01-13 13:17:39.62348,f
17010,한천리,4415038029,충청남도,2026-01-13 13:17:39.628172,2026-01-13 13:17:39.628174,f
17011,동곡리,4415038030,충청남도,2026-01-13 13:17:39.632396,2026-01-13 13:17:39.632398,f
17012,반촌리,4415038031,충청남도,2026-01-13 13:17:39.63645,2026-01-13 13:17:39.636452,f
17013,귀산리,4415038032,충청남도,2026-01-13 13:17:39.640312,2026-01-13 13:17:39.640314,f
17014,목천리,4415038033,충청남도,2026-01-13 13:17:39.644529,2026-01-13 13:17:39.644531,f
17015,방흥리,4415038034,충청남도,2026-01-13 13:17:39.648211,2026-01-13 13:17:39.648213,f
17016,보흥리,4415038035,충청남도,2026-01-13 13:17:39.652531,2026-01-13 13:17:39.652534,f
17017,대성리,4415038036,충청남도,2026-01-13 13:17:39.657144,2026-01-13 13:17:39.657146,f
17018,안양리,4415038037,충청남도,2026-01-13 13:17:39.661437,2026-01-13 13:17:39.661438,f
17019,용봉리,4415038038,충청남도,2026-01-13 13:17:39.66696,2026-01-13 13:17:39.666964,f
17020,봉현리,4415038039,충청남도,2026-01-13 13:17:39.673763,2026-01-13 13:17:39.673766,f
17021,어천리,4415038040,충청남도,2026-01-13 13:17:39.678963,2026-01-13 13:17:39.678966,f
17022,죽당리,4415038041,충청남도,2026-01-13 13:17:39.683223,2026-01-13 13:17:39.683225,f
17023,오동리,4415038042,충청남도,2026-01-13 13:17:39.687785,2026-01-13 13:17:39.687787,f
17024,옥성리,4415038043,충청남도,2026-01-13 13:17:39.691554,2026-01-13 13:17:39.691557,f
17025,사곡면,4415039000,충청남도,2026-01-13 13:17:39.696358,2026-01-13 13:17:39.696361,f
17026,호계리,4415039021,충청남도,2026-01-13 13:17:39.699979,2026-01-13 13:17:39.69998,f
17027,신영리,4415039022,충청남도,2026-01-13 13:17:39.708687,2026-01-13 13:17:39.70869,f
17028,화월리,4415039023,충청남도,2026-01-13 13:17:39.713062,2026-01-13 13:17:39.713064,f
17029,계실리,4415039024,충청남도,2026-01-13 13:17:39.717235,2026-01-13 13:17:39.717237,f
17030,해월리,4415039025,충청남도,2026-01-13 13:17:39.720972,2026-01-13 13:17:39.720974,f
17031,고당리,4415039026,충청남도,2026-01-13 13:17:39.724582,2026-01-13 13:17:39.724584,f
17032,대중리,4415039027,충청남도,2026-01-13 13:17:39.728049,2026-01-13 13:17:39.728051,f
17033,가교리,4415039028,충청남도,2026-01-13 13:17:39.736338,2026-01-13 13:17:39.736342,f
17034,운암리,4415039029,충청남도,2026-01-13 13:17:39.740399,2026-01-13 13:17:39.740408,f
17035,회학리,4415039030,충청남도,2026-01-13 13:17:39.744245,2026-01-13 13:17:39.744248,f
17036,월가리,4415039031,충청남도,2026-01-13 13:17:39.748551,2026-01-13 13:17:39.748555,f
17037,유룡리,4415039032,충청남도,2026-01-13 13:17:39.753452,2026-01-13 13:17:39.753455,f
17038,부곡리,4415039033,충청남도,2026-01-13 13:17:39.757515,2026-01-13 13:17:39.757517,f
17039,신풍면,4415040000,충청남도,2026-01-13 13:17:39.765543,2026-01-13 13:17:39.765545,f
17040,산정리,4415040021,충청남도,2026-01-13 13:17:39.769581,2026-01-13 13:17:39.769583,f
17041,동원리,4415040022,충청남도,2026-01-13 13:17:39.775969,2026-01-13 13:17:39.775973,f
17042,조평리,4415040023,충청남도,2026-01-13 13:17:39.781796,2026-01-13 13:17:39.781801,f
17043,봉갑리,4415040024,충청남도,2026-01-13 13:17:39.787728,2026-01-13 13:17:39.787731,f
17044,용수리,4415040025,충청남도,2026-01-13 13:17:39.797888,2026-01-13 13:17:39.797892,f
17045,쌍대리,4415040026,충청남도,2026-01-13 13:17:39.802699,2026-01-13 13:17:39.8027,f
17046,청흥리,4415040027,충청남도,2026-01-13 13:17:39.807295,2026-01-13 13:17:39.807298,f
17047,대룡리,4415040028,충청남도,2026-01-13 13:17:39.811437,2026-01-13 13:17:39.811438,f
17048,입동리,4415040029,충청남도,2026-01-13 13:17:39.816933,2026-01-13 13:17:39.816935,f
17049,백룡리,4415040030,충청남도,2026-01-13 13:17:39.82177,2026-01-13 13:17:39.821773,f
17050,선학리,4415040031,충청남도,2026-01-13 13:17:39.826308,2026-01-13 13:17:39.82631,f
17051,복수면,4471038000,충청남도,2026-01-13 13:17:39.831297,2026-01-13 13:17:39.831301,f
17052,용진리,4471038021,충청남도,2026-01-13 13:17:39.835007,2026-01-13 13:17:39.835008,f
17053,다복리,4471038022,충청남도,2026-01-13 13:17:39.838592,2026-01-13 13:17:39.838594,f
17054,영정리,4415040032,충청남도,2026-01-13 13:17:39.843633,2026-01-13 13:17:39.843634,f
17055,평소리,4415040033,충청남도,2026-01-13 13:17:39.84716,2026-01-13 13:17:39.847162,f
17056,화흥리,4415040034,충청남도,2026-01-13 13:17:39.851249,2026-01-13 13:17:39.851251,f
17057,보령시,4418000000,충청남도,2026-01-13 13:17:39.856175,2026-01-13 13:17:39.856178,f
17058,대천동,4418010100,충청남도,2026-01-13 13:17:39.860992,2026-01-13 13:17:39.860996,f
17059,죽정동,4418010200,충청남도,2026-01-13 13:17:39.865596,2026-01-13 13:17:39.8656,f
17060,화산동,4418010300,충청남도,2026-01-13 13:17:39.871622,2026-01-13 13:17:39.87163,f
17061,동대동,4418010400,충청남도,2026-01-13 13:17:39.876673,2026-01-13 13:17:39.876676,f
17062,명천동,4418010500,충청남도,2026-01-13 13:17:39.881864,2026-01-13 13:17:39.881866,f
17063,궁촌동,4418010600,충청남도,2026-01-13 13:17:39.888088,2026-01-13 13:17:39.88809,f
17064,내항동,4418010700,충청남도,2026-01-13 13:17:39.891759,2026-01-13 13:17:39.891762,f
17065,남곡동,4418010800,충청남도,2026-01-13 13:17:39.897002,2026-01-13 13:17:39.897006,f
17066,요암동,4418010900,충청남도,2026-01-13 13:17:39.901384,2026-01-13 13:17:39.901385,f
17067,신흑동,4418011000,충청남도,2026-01-13 13:17:39.907315,2026-01-13 13:17:39.907327,f
17068,웅천읍,4418025000,충청남도,2026-01-13 13:17:39.912981,2026-01-13 13:17:39.912983,f
17069,대창리,4418025021,충청남도,2026-01-13 13:17:39.917652,2026-01-13 13:17:39.917654,f
17070,평리,4418025022,충청남도,2026-01-13 13:17:39.922117,2026-01-13 13:17:39.922119,f
17071,수부리,4418025023,충청남도,2026-01-13 13:17:39.925949,2026-01-13 13:17:39.925951,f
17072,성동리,4418025024,충청남도,2026-01-13 13:17:39.930007,2026-01-13 13:17:39.930008,f
17073,대천리,4418025025,충청남도,2026-01-13 13:17:39.934525,2026-01-13 13:17:39.934527,f
17074,두룡리,4418025026,충청남도,2026-01-13 13:17:39.93983,2026-01-13 13:17:39.939833,f
17075,구룡리,4418025027,충청남도,2026-01-13 13:17:39.945694,2026-01-13 13:17:39.945696,f
17076,관당리,4418025028,충청남도,2026-01-13 13:17:39.951803,2026-01-13 13:17:39.951806,f
17077,독산리,4418025029,충청남도,2026-01-13 13:17:39.9571,2026-01-13 13:17:39.957102,f
17078,소황리,4418025030,충청남도,2026-01-13 13:17:39.961239,2026-01-13 13:17:39.961241,f
17079,황교리,4418025031,충청남도,2026-01-13 13:17:39.965842,2026-01-13 13:17:39.965844,f
17080,죽청리,4418025032,충청남도,2026-01-13 13:17:39.969967,2026-01-13 13:17:39.969969,f
17081,노천리,4418025033,충청남도,2026-01-13 13:17:39.974634,2026-01-13 13:17:39.974637,f
17082,주포면,4418031000,충청남도,2026-01-13 13:17:39.980316,2026-01-13 13:17:39.980329,f
17083,보령리,4418031021,충청남도,2026-01-13 13:17:39.985989,2026-01-13 13:17:39.985991,f
17084,마강리,4418031022,충청남도,2026-01-13 13:17:39.993254,2026-01-13 13:17:39.993259,f
17085,봉당리,4418031023,충청남도,2026-01-13 13:17:39.998844,2026-01-13 13:17:39.998847,f
17086,관산리,4418031024,충청남도,2026-01-13 13:17:40.002723,2026-01-13 13:17:40.002724,f
17087,연지리,4418031025,충청남도,2026-01-13 13:17:40.007351,2026-01-13 13:17:40.007353,f
17088,오천면,4418032000,충청남도,2026-01-13 13:17:40.011296,2026-01-13 13:17:40.011299,f
17089,소성리,4418032021,충청남도,2026-01-13 13:17:40.01576,2026-01-13 13:17:40.015763,f
17090,영보리,4418032022,충청남도,2026-01-13 13:17:40.01965,2026-01-13 13:17:40.019652,f
17091,교성리,4418032023,충청남도,2026-01-13 13:17:40.024274,2026-01-13 13:17:40.024276,f
17092,갈현리,4418032024,충청남도,2026-01-13 13:17:40.028625,2026-01-13 13:17:40.028628,f
17093,오포리,4418032025,충청남도,2026-01-13 13:17:40.033984,2026-01-13 13:17:40.033987,f
17094,효자도리,4418032026,충청남도,2026-01-13 13:17:40.03815,2026-01-13 13:17:40.038151,f
17095,원산도리,4418032027,충청남도,2026-01-13 13:17:40.043264,2026-01-13 13:17:40.043266,f
17096,삽시도리,4418032028,충청남도,2026-01-13 13:17:40.048002,2026-01-13 13:17:40.048007,f
17097,녹도리,4418032029,충청남도,2026-01-13 13:17:40.058874,2026-01-13 13:17:40.058878,f
17098,외연도리,4418032030,충청남도,2026-01-13 13:17:40.066151,2026-01-13 13:17:40.066157,f
17099,천북면,4418033000,충청남도,2026-01-13 13:17:40.072655,2026-01-13 13:17:40.072659,f
17100,하만리,4418033021,충청남도,2026-01-13 13:17:40.078927,2026-01-13 13:17:40.078931,f
17101,학성리,4418033022,충청남도,2026-01-13 13:17:40.083761,2026-01-13 13:17:40.083764,f
17102,사호리,4418033023,충청남도,2026-01-13 13:17:40.087925,2026-01-13 13:17:40.087928,f
17103,장은리,4418033024,충청남도,2026-01-13 13:17:40.092632,2026-01-13 13:17:40.092634,f
17104,궁포리,4418033025,충청남도,2026-01-13 13:17:40.096865,2026-01-13 13:17:40.096868,f
17105,지방리,4471037032,충청남도,2026-01-13 13:17:40.100953,2026-01-13 13:17:40.100955,f
17106,막현리,4471037033,충청남도,2026-01-13 13:17:40.105159,2026-01-13 13:17:40.105161,f
17107,낙동리,4418033026,충청남도,2026-01-13 13:17:40.115063,2026-01-13 13:17:40.115065,f
17108,신덕리,4418033027,충청남도,2026-01-13 13:17:40.129097,2026-01-13 13:17:40.129104,f
17109,신죽리,4418033028,충청남도,2026-01-13 13:17:40.141153,2026-01-13 13:17:40.141158,f
17110,청소면,4418034000,충청남도,2026-01-13 13:17:40.153879,2026-01-13 13:17:40.153886,f
17111,진죽리,4418034021,충청남도,2026-01-13 13:17:40.161647,2026-01-13 13:17:40.161652,f
17112,신송리,4418034022,충청남도,2026-01-13 13:17:40.169601,2026-01-13 13:17:40.169606,f
17113,재정리,4418034023,충청남도,2026-01-13 13:17:40.178992,2026-01-13 13:17:40.178997,f
17114,죽림리,4418034024,충청남도,2026-01-13 13:17:40.187151,2026-01-13 13:17:40.187155,f
17115,성연리,4418034025,충청남도,2026-01-13 13:17:40.192654,2026-01-13 13:17:40.192657,f
17116,정전리,4418034026,충청남도,2026-01-13 13:17:40.198083,2026-01-13 13:17:40.198086,f
17117,야현리,4418034027,충청남도,2026-01-13 13:17:40.202009,2026-01-13 13:17:40.202011,f
17118,장곡리,4418034028,충청남도,2026-01-13 13:17:40.206212,2026-01-13 13:17:40.206215,f
17119,청라면,4418035000,충청남도,2026-01-13 13:17:40.210145,2026-01-13 13:17:40.210146,f
17120,나원리,4418035021,충청남도,2026-01-13 13:17:40.214353,2026-01-13 13:17:40.214356,f
17121,소양리,4418035022,충청남도,2026-01-13 13:17:40.219476,2026-01-13 13:17:40.219481,f
17122,내현리,4418035023,충청남도,2026-01-13 13:17:40.224673,2026-01-13 13:17:40.224675,f
17123,의평리,4418035024,충청남도,2026-01-13 13:17:40.231286,2026-01-13 13:17:40.23129,f
17124,향천리,4418035025,충청남도,2026-01-13 13:17:40.236012,2026-01-13 13:17:40.236015,f
17125,장산리,4418035026,충청남도,2026-01-13 13:17:40.241891,2026-01-13 13:17:40.241894,f
17126,옥계리,4418035027,충청남도,2026-01-13 13:17:40.247445,2026-01-13 13:17:40.247447,f
17127,황룡리,4418035028,충청남도,2026-01-13 13:17:40.251763,2026-01-13 13:17:40.251765,f
17128,장현리,4418035029,충청남도,2026-01-13 13:17:40.256253,2026-01-13 13:17:40.256255,f
17129,신산리,4418035030,충청남도,2026-01-13 13:17:40.260299,2026-01-13 13:17:40.260301,f
17130,음현리,4418035031,충청남도,2026-01-13 13:17:40.264781,2026-01-13 13:17:40.264783,f
17131,남포면,4418036000,충청남도,2026-01-13 13:17:40.269056,2026-01-13 13:17:40.269059,f
17132,읍내리,4418036021,충청남도,2026-01-13 13:17:40.273437,2026-01-13 13:17:40.273439,f
17133,옥동리,4418036022,충청남도,2026-01-13 13:17:40.277124,2026-01-13 13:17:40.277126,f
17134,창동리,4418036023,충청남도,2026-01-13 13:17:40.280703,2026-01-13 13:17:40.280705,f
17135,봉덕리,4418036024,충청남도,2026-01-13 13:17:40.28475,2026-01-13 13:17:40.284752,f
17136,제석리,4418036025,충청남도,2026-01-13 13:17:40.288755,2026-01-13 13:17:40.288756,f
17137,삼현리,4418036026,충청남도,2026-01-13 13:17:40.292438,2026-01-13 13:17:40.292441,f
17138,소송리,4418036027,충청남도,2026-01-13 13:17:40.296694,2026-01-13 13:17:40.296697,f
17139,옥서리,4418036028,충청남도,2026-01-13 13:17:40.300614,2026-01-13 13:17:40.300615,f
17140,달산리,4418036029,충청남도,2026-01-13 13:17:40.304444,2026-01-13 13:17:40.304447,f
17141,신흥리,4418036030,충청남도,2026-01-13 13:17:40.309945,2026-01-13 13:17:40.309946,f
17142,양항리,4418036031,충청남도,2026-01-13 13:17:40.314009,2026-01-13 13:17:40.314011,f
17143,양기리,4418036032,충청남도,2026-01-13 13:17:40.318145,2026-01-13 13:17:40.318147,f
17144,월전리,4418036033,충청남도,2026-01-13 13:17:40.32217,2026-01-13 13:17:40.322172,f
17145,주산면,4418038000,충청남도,2026-01-13 13:17:40.325951,2026-01-13 13:17:40.325954,f
17146,금암리,4418038021,충청남도,2026-01-13 13:17:40.329879,2026-01-13 13:17:40.329882,f
17147,야룡리,4418038022,충청남도,2026-01-13 13:17:40.334004,2026-01-13 13:17:40.334007,f
17148,주야리,4418038023,충청남도,2026-01-13 13:17:40.338069,2026-01-13 13:17:40.338071,f
17149,신구리,4418038024,충청남도,2026-01-13 13:17:40.34186,2026-01-13 13:17:40.341862,f
17150,유곡리,4418038025,충청남도,2026-01-13 13:17:40.345762,2026-01-13 13:17:40.345763,f
17151,증산리,4418038026,충청남도,2026-01-13 13:17:40.349632,2026-01-13 13:17:40.349635,f
17152,창암리,4418038027,충청남도,2026-01-13 13:17:40.354895,2026-01-13 13:17:40.354897,f
17153,화평리,4418038028,충청남도,2026-01-13 13:17:40.358726,2026-01-13 13:17:40.358729,f
17154,동오리,4418038029,충청남도,2026-01-13 13:17:40.362609,2026-01-13 13:17:40.362611,f
17155,삼곡리,4418038030,충청남도,2026-01-13 13:17:40.366521,2026-01-13 13:17:40.366523,f
17156,황율리,4418038031,충청남도,2026-01-13 13:17:40.370302,2026-01-13 13:17:40.370304,f
17157,미산면,4418039000,충청남도,2026-01-13 13:17:40.37579,2026-01-13 13:17:40.375792,f
17158,평라리,4418039021,충청남도,2026-01-13 13:17:40.379923,2026-01-13 13:17:40.379924,f
17159,도화담리,4418039022,충청남도,2026-01-13 13:17:40.38417,2026-01-13 13:17:40.384172,f
17160,묵산리,4471037029,충청남도,2026-01-13 13:17:40.390501,2026-01-13 13:17:40.390507,f
17161,행정리,4471037030,충청남도,2026-01-13 13:17:40.397455,2026-01-13 13:17:40.397458,f
17162,두지리,4471037031,충청남도,2026-01-13 13:17:40.402005,2026-01-13 13:17:40.402008,f
17163,풍계리,4418039023,충청남도,2026-01-13 13:17:40.40698,2026-01-13 13:17:40.406982,f
17164,용수리,4418039024,충청남도,2026-01-13 13:17:40.411435,2026-01-13 13:17:40.411437,f
17165,늑전리,4418039025,충청남도,2026-01-13 13:17:40.41601,2026-01-13 13:17:40.416012,f
17166,도흥리,4418039026,충청남도,2026-01-13 13:17:40.420302,2026-01-13 13:17:40.420303,f
17167,봉성리,4418039027,충청남도,2026-01-13 13:17:40.424279,2026-01-13 13:17:40.424281,f
17168,옥현리,4418039028,충청남도,2026-01-13 13:17:40.428629,2026-01-13 13:17:40.428631,f
17169,은현리,4418039029,충청남도,2026-01-13 13:17:40.432695,2026-01-13 13:17:40.432697,f
17170,내평리,4418039030,충청남도,2026-01-13 13:17:40.436616,2026-01-13 13:17:40.436618,f
17171,삼계리,4418039031,충청남도,2026-01-13 13:17:40.440533,2026-01-13 13:17:40.440535,f
17172,대농리,4418039032,충청남도,2026-01-13 13:17:40.444565,2026-01-13 13:17:40.444567,f
17173,풍산리,4418039033,충청남도,2026-01-13 13:17:40.448332,2026-01-13 13:17:40.448334,f
17174,남심리,4418039034,충청남도,2026-01-13 13:17:40.45285,2026-01-13 13:17:40.452854,f
17175,성주면,4418040000,충청남도,2026-01-13 13:17:40.457599,2026-01-13 13:17:40.457601,f
17176,성주리,4418040021,충청남도,2026-01-13 13:17:40.462019,2026-01-13 13:17:40.462023,f
17177,개화리,4418040022,충청남도,2026-01-13 13:17:40.466797,2026-01-13 13:17:40.4668,f
17178,주교면,4418041000,충청남도,2026-01-13 13:17:40.473949,2026-01-13 13:17:40.473955,f
17179,주교리,4418041021,충청남도,2026-01-13 13:17:40.482113,2026-01-13 13:17:40.482119,f
17180,은포리,4418041022,충청남도,2026-01-13 13:17:40.488968,2026-01-13 13:17:40.488972,f
17181,송학리,4418041023,충청남도,2026-01-13 13:17:40.496453,2026-01-13 13:17:40.496458,f
17182,고정리,4418041024,충청남도,2026-01-13 13:17:40.501159,2026-01-13 13:17:40.501161,f
17183,관창리,4418041025,충청남도,2026-01-13 13:17:40.505202,2026-01-13 13:17:40.505205,f
17184,신대리,4418041026,충청남도,2026-01-13 13:17:40.509538,2026-01-13 13:17:40.509541,f
17185,아산시,4420000000,충청남도,2026-01-13 13:17:40.514382,2026-01-13 13:17:40.514384,f
17186,온천동,4420010100,충청남도,2026-01-13 13:17:40.519056,2026-01-13 13:17:40.519058,f
17187,실옥동,4420010200,충청남도,2026-01-13 13:17:40.522795,2026-01-13 13:17:40.522797,f
17188,방축동,4420010300,충청남도,2026-01-13 13:17:40.527538,2026-01-13 13:17:40.52754,f
17189,기산동,4420010400,충청남도,2026-01-13 13:17:40.531426,2026-01-13 13:17:40.531428,f
17190,초사동,4420010500,충청남도,2026-01-13 13:17:40.536686,2026-01-13 13:17:40.536688,f
17191,신인동,4420010600,충청남도,2026-01-13 13:17:40.54173,2026-01-13 13:17:40.541732,f
17192,법곡동,4420010700,충청남도,2026-01-13 13:17:40.546144,2026-01-13 13:17:40.546146,f
17193,장존동,4420010800,충청남도,2026-01-13 13:17:40.550472,2026-01-13 13:17:40.550479,f
17194,좌부동,4420010900,충청남도,2026-01-13 13:17:40.554975,2026-01-13 13:17:40.554976,f
17195,읍내동,4420011000,충청남도,2026-01-13 13:17:40.559249,2026-01-13 13:17:40.559251,f
17196,풍기동,4420011100,충청남도,2026-01-13 13:17:40.563553,2026-01-13 13:17:40.563555,f
17197,용화동,4420011200,충청남도,2026-01-13 13:17:40.567388,2026-01-13 13:17:40.567389,f
17198,모종동,4420011300,충청남도,2026-01-13 13:17:40.571357,2026-01-13 13:17:40.571359,f
17199,권곡동,4420011400,충청남도,2026-01-13 13:17:40.57576,2026-01-13 13:17:40.575763,f
17200,배미동,4420011500,충청남도,2026-01-13 13:17:40.579602,2026-01-13 13:17:40.579603,f
17201,득산동,4420011600,충청남도,2026-01-13 13:17:40.58362,2026-01-13 13:17:40.583622,f
17202,점양동,4420011700,충청남도,2026-01-13 13:17:40.58858,2026-01-13 13:17:40.588583,f
17203,신동,4420011800,충청남도,2026-01-13 13:17:40.593722,2026-01-13 13:17:40.593725,f
17204,남동,4420011900,충청남도,2026-01-13 13:17:40.5979,2026-01-13 13:17:40.597903,f
17205,염치읍,4420025000,충청남도,2026-01-13 13:17:40.601597,2026-01-13 13:17:40.601599,f
17206,산양리,4420025021,충청남도,2026-01-13 13:17:40.607021,2026-01-13 13:17:40.607024,f
17207,교촌리,4471037027,충청남도,2026-01-13 13:17:40.611836,2026-01-13 13:17:40.611839,f
17208,읍내리,4471037028,충청남도,2026-01-13 13:17:40.617767,2026-01-13 13:17:40.617769,f
17209,강청리,4420025022,충청남도,2026-01-13 13:17:40.62168,2026-01-13 13:17:40.621682,f
17210,서원리,4420025023,충청남도,2026-01-13 13:17:40.626822,2026-01-13 13:17:40.626826,f
17211,중방리,4420025024,충청남도,2026-01-13 13:17:40.631356,2026-01-13 13:17:40.631359,f
17212,염성리,4420025025,충청남도,2026-01-13 13:17:40.635788,2026-01-13 13:17:40.635791,f
17213,쌍죽리,4420025026,충청남도,2026-01-13 13:17:40.639907,2026-01-13 13:17:40.639909,f
17214,동정리,4420025027,충청남도,2026-01-13 13:17:40.643783,2026-01-13 13:17:40.643785,f
17215,곡교리,4420025028,충청남도,2026-01-13 13:17:40.647646,2026-01-13 13:17:40.647647,f
17216,석두리,4420025029,충청남도,2026-01-13 13:17:40.651912,2026-01-13 13:17:40.651915,f
17217,석정리,4420025030,충청남도,2026-01-13 13:17:40.657049,2026-01-13 13:17:40.657052,f
17218,방현리,4420025031,충청남도,2026-01-13 13:17:40.66124,2026-01-13 13:17:40.661242,f
17219,송곡리,4420025032,충청남도,2026-01-13 13:17:40.670921,2026-01-13 13:17:40.670927,f
17220,백암리,4420025033,충청남도,2026-01-13 13:17:40.682188,2026-01-13 13:17:40.682197,f
17221,대동리,4420025034,충청남도,2026-01-13 13:17:40.688699,2026-01-13 13:17:40.688702,f
17222,배방읍,4420025300,충청남도,2026-01-13 13:17:40.696024,2026-01-13 13:17:40.696029,f
17223,중리,4420025321,충청남도,2026-01-13 13:17:40.701524,2026-01-13 13:17:40.701527,f
17224,수철리,4420025322,충청남도,2026-01-13 13:17:40.705864,2026-01-13 13:17:40.705866,f
17225,신흥리,4420025323,충청남도,2026-01-13 13:17:40.711008,2026-01-13 13:17:40.711011,f
17226,공수리,4420025324,충청남도,2026-01-13 13:17:40.715275,2026-01-13 13:17:40.715278,f
17227,북수리,4420025325,충청남도,2026-01-13 13:17:40.719983,2026-01-13 13:17:40.719985,f
17228,회룡리,4420025326,충청남도,2026-01-13 13:17:40.723808,2026-01-13 13:17:40.72381,f
17229,세출리,4420025327,충청남도,2026-01-13 13:17:40.728014,2026-01-13 13:17:40.728017,f
17230,갈매리,4420025328,충청남도,2026-01-13 13:17:40.731706,2026-01-13 13:17:40.731708,f
17231,세교리,4420025329,충청남도,2026-01-13 13:17:40.735956,2026-01-13 13:17:40.735958,f
17232,휴대리,4420025330,충청남도,2026-01-13 13:17:40.739855,2026-01-13 13:17:40.739857,f
17233,장재리,4420025331,충청남도,2026-01-13 13:17:40.743649,2026-01-13 13:17:40.74365,f
17234,구령리,4420025332,충청남도,2026-01-13 13:17:40.747235,2026-01-13 13:17:40.747237,f
17235,송악면,4420031000,충청남도,2026-01-13 13:17:40.751713,2026-01-13 13:17:40.751717,f
17236,역촌리,4420031021,충청남도,2026-01-13 13:17:40.756968,2026-01-13 13:17:40.75697,f
17237,평촌리,4420031022,충청남도,2026-01-13 13:17:40.761112,2026-01-13 13:17:40.761114,f
17238,외암리,4420031023,충청남도,2026-01-13 13:17:40.765293,2026-01-13 13:17:40.765295,f
17239,강당리,4420031024,충청남도,2026-01-13 13:17:40.7689,2026-01-13 13:17:40.768901,f
17240,마곡리,4420031025,충청남도,2026-01-13 13:17:40.774525,2026-01-13 13:17:40.774529,f
17241,궁평리,4420031026,충청남도,2026-01-13 13:17:40.779557,2026-01-13 13:17:40.779558,f
17242,유곡리,4420031027,충청남도,2026-01-13 13:17:40.783843,2026-01-13 13:17:40.783844,f
17243,송학리,4420031028,충청남도,2026-01-13 13:17:40.789234,2026-01-13 13:17:40.789238,f
17244,종곡리,4420031029,충청남도,2026-01-13 13:17:40.793271,2026-01-13 13:17:40.793274,f
17245,거산리,4420031030,충청남도,2026-01-13 13:17:40.798875,2026-01-13 13:17:40.798877,f
17246,강장리,4420031031,충청남도,2026-01-13 13:17:40.802936,2026-01-13 13:17:40.802938,f
17247,수곡리,4420031032,충청남도,2026-01-13 13:17:40.807016,2026-01-13 13:17:40.807018,f
17248,동화리,4420031033,충청남도,2026-01-13 13:17:40.810803,2026-01-13 13:17:40.810805,f
17249,탕정면,4420033000,충청남도,2026-01-13 13:17:40.815239,2026-01-13 13:17:40.81524,f
17250,용두리,4420033021,충청남도,2026-01-13 13:17:40.819707,2026-01-13 13:17:40.81971,f
17251,명암리,4420033022,충청남도,2026-01-13 13:17:40.82363,2026-01-13 13:17:40.823632,f
17252,동산리,4420033023,충청남도,2026-01-13 13:17:40.827444,2026-01-13 13:17:40.827446,f
17253,호산리,4420033024,충청남도,2026-01-13 13:17:40.832614,2026-01-13 13:17:40.832617,f
17254,매곡리,4420033025,충청남도,2026-01-13 13:17:40.836616,2026-01-13 13:17:40.836618,f
17255,갈산리,4420033026,충청남도,2026-01-13 13:17:40.840741,2026-01-13 13:17:40.840743,f
17256,음봉면,4420035000,충청남도,2026-01-13 13:17:40.844552,2026-01-13 13:17:40.844554,f
17257,삼거리,4420035021,충청남도,2026-01-13 13:17:40.848253,2026-01-13 13:17:40.848256,f
17258,동천리,4420035022,충청남도,2026-01-13 13:17:40.852459,2026-01-13 13:17:40.852462,f
17259,신수리,4420035023,충청남도,2026-01-13 13:17:40.856728,2026-01-13 13:17:40.85673,f
17260,신정리,4420035024,충청남도,2026-01-13 13:17:40.861241,2026-01-13 13:17:40.861244,f
17261,산정리,4420035025,충청남도,2026-01-13 13:17:40.865961,2026-01-13 13:17:40.865963,f
17262,삼가리,4471037024,충청남도,2026-01-13 13:17:40.87092,2026-01-13 13:17:40.870925,f
17263,오항리,4471037025,충청남도,2026-01-13 13:17:40.876509,2026-01-13 13:17:40.876512,f
17264,석막리,4471037026,충청남도,2026-01-13 13:17:40.880429,2026-01-13 13:17:40.88043,f
17265,원남리,4420035026,충청남도,2026-01-13 13:17:40.884524,2026-01-13 13:17:40.884527,f
17266,소동리,4420035027,충청남도,2026-01-13 13:17:40.88846,2026-01-13 13:17:40.888462,f
17267,신휴리,4420035028,충청남도,2026-01-13 13:17:40.892298,2026-01-13 13:17:40.892301,f
17268,의식리,4420035029,충청남도,2026-01-13 13:17:40.897024,2026-01-13 13:17:40.897025,f
17269,쌍암리,4420035030,충청남도,2026-01-13 13:17:40.901256,2026-01-13 13:17:40.901258,f
17270,쌍룡리,4420035031,충청남도,2026-01-13 13:17:40.906422,2026-01-13 13:17:40.906424,f
17271,월랑리,4420035032,충청남도,2026-01-13 13:17:40.911128,2026-01-13 13:17:40.911131,f
17272,산동리,4420035033,충청남도,2026-01-13 13:17:40.915625,2026-01-13 13:17:40.915627,f
17273,덕지리,4420035034,충청남도,2026-01-13 13:17:40.919771,2026-01-13 13:17:40.919773,f
17274,동암리,4420035035,충청남도,2026-01-13 13:17:40.924149,2026-01-13 13:17:40.92415,f
17275,송촌리,4420035036,충청남도,2026-01-13 13:17:40.929022,2026-01-13 13:17:40.929023,f
17276,둔포면,4420036000,충청남도,2026-01-13 13:17:40.933463,2026-01-13 13:17:40.933465,f
17277,둔포리,4420036021,충청남도,2026-01-13 13:17:40.937879,2026-01-13 13:17:40.937881,f
17278,송용리,4420036022,충청남도,2026-01-13 13:17:40.942169,2026-01-13 13:17:40.942171,f
17279,시포리,4420036023,충청남도,2026-01-13 13:17:40.94708,2026-01-13 13:17:40.947086,f
17280,신법리,4420036024,충청남도,2026-01-13 13:17:40.951786,2026-01-13 13:17:40.951788,f
17281,신남리,4420036025,충청남도,2026-01-13 13:17:40.956359,2026-01-13 13:17:40.956361,f
17282,신항리,4420036026,충청남도,2026-01-13 13:17:40.960107,2026-01-13 13:17:40.960108,f
17283,관대리,4420036027,충청남도,2026-01-13 13:17:40.964428,2026-01-13 13:17:40.964432,f
17284,산전리,4420036028,충청남도,2026-01-13 13:17:40.968643,2026-01-13 13:17:40.968645,f
17285,신양리,4420036029,충청남도,2026-01-13 13:17:40.973527,2026-01-13 13:17:40.973529,f
17286,봉재리,4420036030,충청남도,2026-01-13 13:17:40.978283,2026-01-13 13:17:40.978285,f
17287,운교리,4420036031,충청남도,2026-01-13 13:17:40.983025,2026-01-13 13:17:40.983027,f
17288,석곡리,4420036032,충청남도,2026-01-13 13:17:40.987278,2026-01-13 13:17:40.987281,f
17289,운용리,4420036033,충청남도,2026-01-13 13:17:40.996585,2026-01-13 13:17:40.996592,f
17290,신왕리,4420036034,충청남도,2026-01-13 13:17:41.003117,2026-01-13 13:17:41.003126,f
17291,염작리,4420036035,충청남도,2026-01-13 13:17:41.008538,2026-01-13 13:17:41.00854,f
17292,영인면,4420037000,충청남도,2026-01-13 13:17:41.012736,2026-01-13 13:17:41.012738,f
17293,아산리,4420037021,충청남도,2026-01-13 13:17:41.01778,2026-01-13 13:17:41.017782,f
17294,상성리,4420037022,충청남도,2026-01-13 13:17:41.02172,2026-01-13 13:17:41.021722,f
17295,신현리,4420037023,충청남도,2026-01-13 13:17:41.02652,2026-01-13 13:17:41.026522,f
17296,월선리,4420037024,충청남도,2026-01-13 13:17:41.030433,2026-01-13 13:17:41.030435,f
17297,신운리,4420037025,충청남도,2026-01-13 13:17:41.03466,2026-01-13 13:17:41.034662,f
17298,백석포리,4420037026,충청남도,2026-01-13 13:17:41.038601,2026-01-13 13:17:41.038603,f
17299,와우리,4420037027,충청남도,2026-01-13 13:17:41.042521,2026-01-13 13:17:41.042523,f
17300,구성리,4420037028,충청남도,2026-01-13 13:17:41.046876,2026-01-13 13:17:41.046878,f
17301,창용리,4420037029,충청남도,2026-01-13 13:17:41.051351,2026-01-13 13:17:41.051353,f
17302,신봉리,4420037030,충청남도,2026-01-13 13:17:41.056283,2026-01-13 13:17:41.056285,f
17303,성내리,4420037031,충청남도,2026-01-13 13:17:41.060301,2026-01-13 13:17:41.060303,f
17304,신화리,4420037032,충청남도,2026-01-13 13:17:41.064532,2026-01-13 13:17:41.064535,f
17305,역리,4420037033,충청남도,2026-01-13 13:17:41.06897,2026-01-13 13:17:41.068972,f
17306,인주면,4420038000,충청남도,2026-01-13 13:17:41.074245,2026-01-13 13:17:41.074247,f
17307,공세리,4420038021,충청남도,2026-01-13 13:17:41.078339,2026-01-13 13:17:41.078341,f
17308,모원리,4420038022,충청남도,2026-01-13 13:17:41.082212,2026-01-13 13:17:41.082214,f
17309,신성리,4420038023,충청남도,2026-01-13 13:17:41.085879,2026-01-13 13:17:41.085881,f
17310,걸매리,4420038024,충청남도,2026-01-13 13:17:41.090367,2026-01-13 13:17:41.09037,f
17311,밀두리,4420038025,충청남도,2026-01-13 13:17:41.09478,2026-01-13 13:17:41.094784,f
17312,문방리,4420038026,충청남도,2026-01-13 13:17:41.100013,2026-01-13 13:17:41.100015,f
17313,대음리,4420038027,충청남도,2026-01-13 13:17:41.103849,2026-01-13 13:17:41.10385,f
17314,금성리,4420038028,충청남도,2026-01-13 13:17:41.109506,2026-01-13 13:17:41.109508,f
17315,해암리,4420038029,충청남도,2026-01-13 13:17:41.115378,2026-01-13 13:17:41.115385,f
17316,도흥리,4420038030,충청남도,2026-01-13 13:17:41.120754,2026-01-13 13:17:41.120757,f
17317,관암리,4420038031,충청남도,2026-01-13 13:17:41.125457,2026-01-13 13:17:41.125459,f
17318,냉정리,4420038032,충청남도,2026-01-13 13:17:41.129554,2026-01-13 13:17:41.129556,f
17319,선장면,4420039000,충청남도,2026-01-13 13:17:41.135079,2026-01-13 13:17:41.135082,f
17320,군덕리,4420039021,충청남도,2026-01-13 13:17:41.140027,2026-01-13 13:17:41.140029,f
17321,돈포리,4420039022,충청남도,2026-01-13 13:17:41.144748,2026-01-13 13:17:41.144751,f
17322,신덕리,4420039023,충청남도,2026-01-13 13:17:41.149194,2026-01-13 13:17:41.149196,f
17323,대정리,4420039024,충청남도,2026-01-13 13:17:41.153989,2026-01-13 13:17:41.153991,f
17324,장곳리,4420039025,충청남도,2026-01-13 13:17:41.158108,2026-01-13 13:17:41.158109,f
17325,신성리,4420039026,충청남도,2026-01-13 13:17:41.161797,2026-01-13 13:17:41.161799,f
17326,죽산리,4420039027,충청남도,2026-01-13 13:17:41.166051,2026-01-13 13:17:41.166053,f
17327,신동리,4420039028,충청남도,2026-01-13 13:17:41.169934,2026-01-13 13:17:41.169936,f
17328,선창리,4420039029,충청남도,2026-01-13 13:17:41.175415,2026-01-13 13:17:41.17542,f
17329,대흥리,4420039030,충청남도,2026-01-13 13:17:41.182632,2026-01-13 13:17:41.182636,f
17330,홍곳리,4420039031,충청남도,2026-01-13 13:17:41.188537,2026-01-13 13:17:41.18854,f
17331,가산리,4420039032,충청남도,2026-01-13 13:17:41.194468,2026-01-13 13:17:41.194472,f
17332,신문리,4420039033,충청남도,2026-01-13 13:17:41.201998,2026-01-13 13:17:41.202002,f
17333,만악리,4471037021,충청남도,2026-01-13 13:17:41.20743,2026-01-13 13:17:41.207433,f
17334,엄정리,4471037022,충청남도,2026-01-13 13:17:41.211834,2026-01-13 13:17:41.211838,f
17335,부암리,4471037023,충청남도,2026-01-13 13:17:41.216645,2026-01-13 13:17:41.216647,f
17336,궁평리,4420039034,충청남도,2026-01-13 13:17:41.220578,2026-01-13 13:17:41.22058,f
17337,채신언리,4420039035,충청남도,2026-01-13 13:17:41.22493,2026-01-13 13:17:41.224932,f
17338,도고면,4420040000,충청남도,2026-01-13 13:17:41.229433,2026-01-13 13:17:41.229436,f
17339,신언리,4420040021,충청남도,2026-01-13 13:17:41.233701,2026-01-13 13:17:41.233703,f
17340,봉농리,4420040022,충청남도,2026-01-13 13:17:41.237635,2026-01-13 13:17:41.237637,f
17341,효자리,4420040023,충청남도,2026-01-13 13:17:41.241143,2026-01-13 13:17:41.241144,f
17342,금산리,4420040024,충청남도,2026-01-13 13:17:41.244823,2026-01-13 13:17:41.244825,f
17343,시전리,4420040025,충청남도,2026-01-13 13:17:41.24881,2026-01-13 13:17:41.248813,f
17344,신유리,4420040026,충청남도,2026-01-13 13:17:41.252799,2026-01-13 13:17:41.252801,f
17345,도산리,4420040027,충청남도,2026-01-13 13:17:41.257502,2026-01-13 13:17:41.257505,f
17346,화천리,4420040028,충청남도,2026-01-13 13:17:41.261516,2026-01-13 13:17:41.261518,f
17347,농은리,4420040029,충청남도,2026-01-13 13:17:41.267175,2026-01-13 13:17:41.267177,f
17348,오암리,4420040030,충청남도,2026-01-13 13:17:41.271412,2026-01-13 13:17:41.271414,f
17349,덕암리,4420040031,충청남도,2026-01-13 13:17:41.276453,2026-01-13 13:17:41.276455,f
17350,석당리,4420040032,충청남도,2026-01-13 13:17:41.280787,2026-01-13 13:17:41.280791,f
17351,향산리,4420040033,충청남도,2026-01-13 13:17:41.285501,2026-01-13 13:17:41.285504,f
17352,와산리,4420040034,충청남도,2026-01-13 13:17:41.290635,2026-01-13 13:17:41.290637,f
17353,신통리,4420040035,충청남도,2026-01-13 13:17:41.297826,2026-01-13 13:17:41.29783,f
17354,기곡리,4420040036,충청남도,2026-01-13 13:17:41.302809,2026-01-13 13:17:41.302812,f
17355,신창면,4420041000,충청남도,2026-01-13 13:17:41.306964,2026-01-13 13:17:41.306967,f
17356,오목리,4420041021,충청남도,2026-01-13 13:17:41.311655,2026-01-13 13:17:41.311658,f
17357,읍내리,4420041022,충청남도,2026-01-13 13:17:41.316018,2026-01-13 13:17:41.31602,f
17358,창암리,4420041023,충청남도,2026-01-13 13:17:41.320051,2026-01-13 13:17:41.320053,f
17359,황산리,4420041024,충청남도,2026-01-13 13:17:41.323935,2026-01-13 13:17:41.323937,f
17360,행목리,4420041025,충청남도,2026-01-13 13:17:41.328099,2026-01-13 13:17:41.328101,f
17361,수장리,4420041026,충청남도,2026-01-13 13:17:41.334605,2026-01-13 13:17:41.334613,f
17362,신달리,4420041027,충청남도,2026-01-13 13:17:41.349024,2026-01-13 13:17:41.349032,f
17363,남성리,4420041028,충청남도,2026-01-13 13:17:41.36156,2026-01-13 13:17:41.361565,f
17364,궁화리,4420041029,충청남도,2026-01-13 13:17:41.374585,2026-01-13 13:17:41.374601,f
17365,가덕리,4420041030,충청남도,2026-01-13 13:17:41.381655,2026-01-13 13:17:41.381659,f
17366,신곡리,4420041031,충청남도,2026-01-13 13:17:41.389618,2026-01-13 13:17:41.389668,f
17367,가내리,4420041032,충청남도,2026-01-13 13:17:41.397774,2026-01-13 13:17:41.397781,f
17368,서산시,4421000000,충청남도,2026-01-13 13:17:41.409195,2026-01-13 13:17:41.4092,f
17369,읍내동,4421010100,충청남도,2026-01-13 13:17:41.419299,2026-01-13 13:17:41.419301,f
17370,동문동,4421010200,충청남도,2026-01-13 13:17:41.4277,2026-01-13 13:17:41.427704,f
17371,갈산동,4421010300,충청남도,2026-01-13 13:17:41.436296,2026-01-13 13:17:41.436303,f
17372,온석동,4421010400,충청남도,2026-01-13 13:17:41.444018,2026-01-13 13:17:41.444022,f
17373,잠홍동,4421010500,충청남도,2026-01-13 13:17:41.451098,2026-01-13 13:17:41.451101,f
17374,수석동,4421010600,충청남도,2026-01-13 13:17:41.457117,2026-01-13 13:17:41.457123,f
17375,석림동,4421010700,충청남도,2026-01-13 13:17:41.462939,2026-01-13 13:17:41.462943,f
17376,석남동,4421010800,충청남도,2026-01-13 13:17:41.46763,2026-01-13 13:17:41.467633,f
17377,예천동,4421010900,충청남도,2026-01-13 13:17:41.475911,2026-01-13 13:17:41.475918,f
17378,죽성동,4421011000,충청남도,2026-01-13 13:17:41.486076,2026-01-13 13:17:41.486083,f
17379,양대동,4421011100,충청남도,2026-01-13 13:17:41.492875,2026-01-13 13:17:41.492878,f
17380,오남동,4421011200,충청남도,2026-01-13 13:17:41.503111,2026-01-13 13:17:41.503116,f
17381,장동,4421011300,충청남도,2026-01-13 13:17:41.507906,2026-01-13 13:17:41.507909,f
17382,덕지천동,4421011400,충청남도,2026-01-13 13:17:41.51562,2026-01-13 13:17:41.515622,f
17383,대산읍,4421025000,충청남도,2026-01-13 13:17:41.521877,2026-01-13 13:17:41.52188,f
17384,대산리,4421025021,충청남도,2026-01-13 13:17:41.525988,2026-01-13 13:17:41.52599,f
17385,대로리,4421025022,충청남도,2026-01-13 13:17:41.530723,2026-01-13 13:17:41.530725,f
17386,웅도리,4421025023,충청남도,2026-01-13 13:17:41.535424,2026-01-13 13:17:41.535426,f
17387,오지리,4421025024,충청남도,2026-01-13 13:17:41.539996,2026-01-13 13:17:41.539999,f
17388,기은리,4421025025,충청남도,2026-01-13 13:17:41.545278,2026-01-13 13:17:41.545281,f
17389,대죽리,4421025027,충청남도,2026-01-13 13:17:41.549826,2026-01-13 13:17:41.549828,f
17390,화곡리,4421025028,충청남도,2026-01-13 13:17:41.554365,2026-01-13 13:17:41.554367,f
17391,운산리,4421025029,충청남도,2026-01-13 13:17:41.55959,2026-01-13 13:17:41.559593,f
17392,영탑리,4421025030,충청남도,2026-01-13 13:17:41.563782,2026-01-13 13:17:41.563784,f
17393,독곶리,4421025031,충청남도,2026-01-13 13:17:41.568042,2026-01-13 13:17:41.568045,f
17394,인지면,4421031000,충청남도,2026-01-13 13:17:41.572525,2026-01-13 13:17:41.572526,f
17395,둔당리,4421031021,충청남도,2026-01-13 13:17:41.576901,2026-01-13 13:17:41.576907,f
17396,야당리,4421031022,충청남도,2026-01-13 13:17:41.581952,2026-01-13 13:17:41.581955,f
17397,모월리,4421031023,충청남도,2026-01-13 13:17:41.586532,2026-01-13 13:17:41.586534,f
17398,산동리,4421031024,충청남도,2026-01-13 13:17:41.592084,2026-01-13 13:17:41.592089,f
17399,애정리,4421031025,충청남도,2026-01-13 13:17:41.59717,2026-01-13 13:17:41.597172,f
17400,남정리,4421031026,충청남도,2026-01-13 13:17:41.602466,2026-01-13 13:17:41.60247,f
17401,화수리,4421031027,충청남도,2026-01-13 13:17:41.606637,2026-01-13 13:17:41.606639,f
17402,차리,4421031028,충청남도,2026-01-13 13:17:41.611578,2026-01-13 13:17:41.611582,f
17403,성리,4421031029,충청남도,2026-01-13 13:17:41.615802,2026-01-13 13:17:41.615804,f
17404,석동리,4471036029,충청남도,2026-01-13 13:17:41.620229,2026-01-13 13:17:41.620232,f
17405,성곡리,4471036030,충청남도,2026-01-13 13:17:41.625381,2026-01-13 13:17:41.625399,f
17406,진산면,4471037000,충청남도,2026-01-13 13:17:41.630176,2026-01-13 13:17:41.630179,f
17407,풍전리,4421031030,충청남도,2026-01-13 13:17:41.63487,2026-01-13 13:17:41.634876,f
17408,부석면,4421032000,충청남도,2026-01-13 13:17:41.640288,2026-01-13 13:17:41.640291,f
17409,가사리,4421032021,충청남도,2026-01-13 13:17:41.644789,2026-01-13 13:17:41.644792,f
17410,강수리,4421032022,충청남도,2026-01-13 13:17:41.649596,2026-01-13 13:17:41.649598,f
17411,송시리,4421032023,충청남도,2026-01-13 13:17:41.653874,2026-01-13 13:17:41.653879,f
17412,월계리,4421032024,충청남도,2026-01-13 13:17:41.659731,2026-01-13 13:17:41.659733,f
17413,갈마리,4421032025,충청남도,2026-01-13 13:17:41.663851,2026-01-13 13:17:41.663852,f
17414,취평리,4421032026,충청남도,2026-01-13 13:17:41.669458,2026-01-13 13:17:41.669463,f
17415,대두리,4421032027,충청남도,2026-01-13 13:17:41.675331,2026-01-13 13:17:41.675336,f
17416,봉락리,4421032028,충청남도,2026-01-13 13:17:41.682048,2026-01-13 13:17:41.682054,f
17417,지산리,4421032029,충청남도,2026-01-13 13:17:41.687819,2026-01-13 13:17:41.687823,f
17418,칠전리,4421032030,충청남도,2026-01-13 13:17:41.692953,2026-01-13 13:17:41.692956,f
17419,강당리,4421032031,충청남도,2026-01-13 13:17:41.698769,2026-01-13 13:17:41.698775,f
17420,마룡리,4421032032,충청남도,2026-01-13 13:17:41.704754,2026-01-13 13:17:41.704757,f
17421,창리,4421032033,충청남도,2026-01-13 13:17:41.70979,2026-01-13 13:17:41.709794,f
17422,간월도리,4421032034,충청남도,2026-01-13 13:17:41.71607,2026-01-13 13:17:41.716074,f
17423,팔봉면,4421033000,충청남도,2026-01-13 13:17:41.72158,2026-01-13 13:17:41.721583,f
17424,금학리,4421033021,충청남도,2026-01-13 13:17:41.72608,2026-01-13 13:17:41.726083,f
17425,양길리,4421033022,충청남도,2026-01-13 13:17:41.730593,2026-01-13 13:17:41.730595,f
17426,대황리,4421033023,충청남도,2026-01-13 13:17:41.735801,2026-01-13 13:17:41.735804,f
17427,흑석리,4421033024,충청남도,2026-01-13 13:17:41.741211,2026-01-13 13:17:41.741214,f
17428,고파도리,4421033025,충청남도,2026-01-13 13:17:41.746143,2026-01-13 13:17:41.746146,f
17429,호리,4421033026,충청남도,2026-01-13 13:17:41.750903,2026-01-13 13:17:41.750905,f
17430,덕송리,4421033027,충청남도,2026-01-13 13:17:41.75584,2026-01-13 13:17:41.755843,f
17431,어송리,4421033028,충청남도,2026-01-13 13:17:41.760792,2026-01-13 13:17:41.760794,f
17432,진장리,4421033029,충청남도,2026-01-13 13:17:41.765511,2026-01-13 13:17:41.765513,f
17433,지곡면,4421034000,충청남도,2026-01-13 13:17:41.769779,2026-01-13 13:17:41.769781,f
17434,화천리,4421034021,충청남도,2026-01-13 13:17:41.773874,2026-01-13 13:17:41.773876,f
17435,산성리,4421034022,충청남도,2026-01-13 13:17:41.778484,2026-01-13 13:17:41.778497,f
17436,장현리,4421034023,충청남도,2026-01-13 13:17:41.78499,2026-01-13 13:17:41.784992,f
17437,연화리,4421034024,충청남도,2026-01-13 13:17:41.789852,2026-01-13 13:17:41.789854,f
17438,중왕리,4421034025,충청남도,2026-01-13 13:17:41.798336,2026-01-13 13:17:41.798343,f
17439,도성리,4421034026,충청남도,2026-01-13 13:17:41.806986,2026-01-13 13:17:41.806989,f
17440,대요리,4421034027,충청남도,2026-01-13 13:17:41.812485,2026-01-13 13:17:41.812497,f
17441,환성리,4421034028,충청남도,2026-01-13 13:17:41.817233,2026-01-13 13:17:41.817236,f
17442,무장리,4421034029,충청남도,2026-01-13 13:17:41.822307,2026-01-13 13:17:41.822309,f
17443,성연면,4421036000,충청남도,2026-01-13 13:17:41.826889,2026-01-13 13:17:41.826891,f
17444,일람리,4421036021,충청남도,2026-01-13 13:17:41.831737,2026-01-13 13:17:41.831739,f
17445,고남리,4421036022,충청남도,2026-01-13 13:17:41.840038,2026-01-13 13:17:41.84004,f
17446,오사리,4421036023,충청남도,2026-01-13 13:17:41.844536,2026-01-13 13:17:41.844538,f
17447,왕정리,4421036024,충청남도,2026-01-13 13:17:41.848676,2026-01-13 13:17:41.848678,f
17448,평리,4421036025,충청남도,2026-01-13 13:17:41.852591,2026-01-13 13:17:41.852593,f
17449,갈현리,4421036026,충청남도,2026-01-13 13:17:41.856855,2026-01-13 13:17:41.856857,f
17450,명천리,4421036027,충청남도,2026-01-13 13:17:41.861988,2026-01-13 13:17:41.86199,f
17451,예덕리,4421036028,충청남도,2026-01-13 13:17:41.870855,2026-01-13 13:17:41.870858,f
17452,해성리,4421036029,충청남도,2026-01-13 13:17:41.875673,2026-01-13 13:17:41.875678,f
17453,음암면,4421037000,충청남도,2026-01-13 13:17:41.880185,2026-01-13 13:17:41.880188,f
17454,도당리,4421037021,충청남도,2026-01-13 13:17:41.884443,2026-01-13 13:17:41.884446,f
17455,탑곡리,4421037022,충청남도,2026-01-13 13:17:41.888524,2026-01-13 13:17:41.888527,f
17456,문양리,4421037023,충청남도,2026-01-13 13:17:41.892751,2026-01-13 13:17:41.892753,f
17457,율목리,4421037024,충청남도,2026-01-13 13:17:41.897139,2026-01-13 13:17:41.897144,f
17458,부산리,4421037025,충청남도,2026-01-13 13:17:41.902191,2026-01-13 13:17:41.902193,f
17459,상홍리,4421037026,충청남도,2026-01-13 13:17:41.906547,2026-01-13 13:17:41.90655,f
17460,신장리,4421037027,충청남도,2026-01-13 13:17:41.911113,2026-01-13 13:17:41.911116,f
17461,유계리,4421037028,충청남도,2026-01-13 13:17:41.916588,2026-01-13 13:17:41.916591,f
17462,성암리,4421037029,충청남도,2026-01-13 13:17:41.921114,2026-01-13 13:17:41.921116,f
17463,부장리,4421037030,충청남도,2026-01-13 13:17:41.925479,2026-01-13 13:17:41.925482,f
17464,운산면,4421038000,충청남도,2026-01-13 13:17:41.929956,2026-01-13 13:17:41.929958,f
17465,신창리,4421038021,충청남도,2026-01-13 13:17:41.934266,2026-01-13 13:17:41.934268,f
17466,용현리,4421038022,충청남도,2026-01-13 13:17:41.939059,2026-01-13 13:17:41.939061,f
17467,태봉리,4421038023,충청남도,2026-01-13 13:17:41.943472,2026-01-13 13:17:41.943474,f
17468,고풍리,4421038024,충청남도,2026-01-13 13:17:41.951082,2026-01-13 13:17:41.951084,f
17469,원평리,4421038025,충청남도,2026-01-13 13:17:41.956954,2026-01-13 13:17:41.956956,f
17470,와우리,4421038026,충청남도,2026-01-13 13:17:41.961774,2026-01-13 13:17:41.961776,f
17471,팔중리,4421038027,충청남도,2026-01-13 13:17:41.966772,2026-01-13 13:17:41.966776,f
17472,고산리,4421038028,충청남도,2026-01-13 13:17:41.974351,2026-01-13 13:17:41.974356,f
17473,수평리,4421038029,충청남도,2026-01-13 13:17:41.989773,2026-01-13 13:17:41.989779,f
17474,수당리,4421038030,충청남도,2026-01-13 13:17:42.005622,2026-01-13 13:17:42.005627,f
17475,안호리,4421038031,충청남도,2026-01-13 13:17:42.015927,2026-01-13 13:17:42.015932,f
17476,구석리,4471036027,충청남도,2026-01-13 13:17:42.023158,2026-01-13 13:17:42.023163,f
17477,매곡리,4471036028,충청남도,2026-01-13 13:17:42.033041,2026-01-13 13:17:42.033044,f
17478,용장리,4421038032,충청남도,2026-01-13 13:17:42.039291,2026-01-13 13:17:42.039294,f
17479,갈산리,4421038033,충청남도,2026-01-13 13:17:42.044732,2026-01-13 13:17:42.044735,f
17480,여미리,4421038034,충청남도,2026-01-13 13:17:42.049852,2026-01-13 13:17:42.049855,f
17481,가좌리,4421038035,충청남도,2026-01-13 13:17:42.056398,2026-01-13 13:17:42.056401,f
17482,소중리,4421038036,충청남도,2026-01-13 13:17:42.062718,2026-01-13 13:17:42.062721,f
17483,상성리,4421038037,충청남도,2026-01-13 13:17:42.068032,2026-01-13 13:17:42.068034,f
17484,원벌리,4421038038,충청남도,2026-01-13 13:17:42.07388,2026-01-13 13:17:42.073886,f
17485,거성리,4421038039,충청남도,2026-01-13 13:17:42.081056,2026-01-13 13:17:42.081065,f
17486,해미면,4421039000,충청남도,2026-01-13 13:17:42.089586,2026-01-13 13:17:42.089588,f
17487,읍내리,4421039021,충청남도,2026-01-13 13:17:42.095245,2026-01-13 13:17:42.095247,f
17488,휴암리,4421039022,충청남도,2026-01-13 13:17:42.101497,2026-01-13 13:17:42.1015,f
17489,대곡리,4421039023,충청남도,2026-01-13 13:17:42.106651,2026-01-13 13:17:42.106654,f
17490,산수리,4421039024,충청남도,2026-01-13 13:17:42.111917,2026-01-13 13:17:42.11192,f
17491,황락리,4421039025,충청남도,2026-01-13 13:17:42.117036,2026-01-13 13:17:42.117038,f
17492,오학리,4421039026,충청남도,2026-01-13 13:17:42.124577,2026-01-13 13:17:42.124583,f
17493,삼송리,4421039027,충청남도,2026-01-13 13:17:42.129796,2026-01-13 13:17:42.129799,f
17494,관유리,4421039028,충청남도,2026-01-13 13:17:42.134541,2026-01-13 13:17:42.134543,f
17495,홍천리,4421039029,충청남도,2026-01-13 13:17:42.142262,2026-01-13 13:17:42.142271,f
17496,동암리,4421039030,충청남도,2026-01-13 13:17:42.150856,2026-01-13 13:17:42.150859,f
17497,반양리,4421039031,충청남도,2026-01-13 13:17:42.162222,2026-01-13 13:17:42.162228,f
17498,웅소성리,4421039032,충청남도,2026-01-13 13:17:42.174146,2026-01-13 13:17:42.174151,f
17499,귀밀리,4421039033,충청남도,2026-01-13 13:17:42.182659,2026-01-13 13:17:42.182666,f
17500,억대리,4421039034,충청남도,2026-01-13 13:17:42.190105,2026-01-13 13:17:42.190111,f
17501,전천리,4421039035,충청남도,2026-01-13 13:17:42.196278,2026-01-13 13:17:42.196283,f
17502,응평리,4421039036,충청남도,2026-01-13 13:17:42.201495,2026-01-13 13:17:42.201498,f
17503,양림리,4421039037,충청남도,2026-01-13 13:17:42.206554,2026-01-13 13:17:42.206557,f
17504,기지리,4421039038,충청남도,2026-01-13 13:17:42.211204,2026-01-13 13:17:42.211206,f
17505,언암리,4421039039,충청남도,2026-01-13 13:17:42.215646,2026-01-13 13:17:42.215648,f
17506,석포리,4421039040,충청남도,2026-01-13 13:17:42.220269,2026-01-13 13:17:42.220271,f
17507,저성리,4421039041,충청남도,2026-01-13 13:17:42.224764,2026-01-13 13:17:42.224766,f
17508,조산리,4421039042,충청남도,2026-01-13 13:17:42.229703,2026-01-13 13:17:42.229708,f
17509,고북면,4421040000,충청남도,2026-01-13 13:17:42.238991,2026-01-13 13:17:42.238993,f
17510,가구리,4421040021,충청남도,2026-01-13 13:17:42.243531,2026-01-13 13:17:42.243534,f
17511,신송리,4421040022,충청남도,2026-01-13 13:17:42.248146,2026-01-13 13:17:42.248149,f
17512,장요리,4421040023,충청남도,2026-01-13 13:17:42.252256,2026-01-13 13:17:42.252259,f
17513,초록리,4421040024,충청남도,2026-01-13 13:17:42.257236,2026-01-13 13:17:42.25724,f
17514,용암리,4421040025,충청남도,2026-01-13 13:17:42.262369,2026-01-13 13:17:42.262371,f
17515,신상리,4421040026,충청남도,2026-01-13 13:17:42.268613,2026-01-13 13:17:42.268617,f
17516,신정리,4421040027,충청남도,2026-01-13 13:17:42.275001,2026-01-13 13:17:42.275006,f
17517,남정리,4421040028,충청남도,2026-01-13 13:17:42.282006,2026-01-13 13:17:42.282009,f
17518,기포리,4421040029,충청남도,2026-01-13 13:17:42.287623,2026-01-13 13:17:42.287625,f
17519,양천리,4421040030,충청남도,2026-01-13 13:17:42.292926,2026-01-13 13:17:42.292929,f
17520,정자리,4421040031,충청남도,2026-01-13 13:17:42.302138,2026-01-13 13:17:42.302141,f
17521,봉생리,4421040032,충청남도,2026-01-13 13:17:42.310076,2026-01-13 13:17:42.310079,f
17522,사기리,4421040033,충청남도,2026-01-13 13:17:42.319242,2026-01-13 13:17:42.319247,f
17523,논산시,4423000000,충청남도,2026-01-13 13:17:42.330816,2026-01-13 13:17:42.330822,f
17524,화지동,4423010100,충청남도,2026-01-13 13:17:42.340357,2026-01-13 13:17:42.34036,f
17525,반월동,4423010200,충청남도,2026-01-13 13:17:42.345567,2026-01-13 13:17:42.345569,f
17526,대교동,4423010300,충청남도,2026-01-13 13:17:42.350185,2026-01-13 13:17:42.350188,f
17527,부창동,4423010400,충청남도,2026-01-13 13:17:42.355717,2026-01-13 13:17:42.35572,f
17528,취암동,4423010500,충청남도,2026-01-13 13:17:42.360539,2026-01-13 13:17:42.360542,f
17529,등화동,4423010600,충청남도,2026-01-13 13:17:42.366008,2026-01-13 13:17:42.36601,f
17530,지산동,4423010700,충청남도,2026-01-13 13:17:42.370561,2026-01-13 13:17:42.370563,f
17531,덕지동,4423010800,충청남도,2026-01-13 13:17:42.375167,2026-01-13 13:17:42.375171,f
17532,내동,4423010900,충청남도,2026-01-13 13:17:42.381752,2026-01-13 13:17:42.381754,f
17533,강산동,4423011000,충청남도,2026-01-13 13:17:42.387144,2026-01-13 13:17:42.38715,f
17534,관촉동,4423011100,충청남도,2026-01-13 13:17:42.393064,2026-01-13 13:17:42.393067,f
17535,강경읍,4423025000,충청남도,2026-01-13 13:17:42.399172,2026-01-13 13:17:42.399177,f
17536,남교리,4423025021,충청남도,2026-01-13 13:17:42.404427,2026-01-13 13:17:42.404429,f
17537,동흥리,4423025022,충청남도,2026-01-13 13:17:42.408908,2026-01-13 13:17:42.40891,f
17538,북옥리,4423025023,충청남도,2026-01-13 13:17:42.412996,2026-01-13 13:17:42.412998,f
17539,서창리,4423025024,충청남도,2026-01-13 13:17:42.421582,2026-01-13 13:17:42.421587,f
17540,홍교리,4423025025,충청남도,2026-01-13 13:17:42.426898,2026-01-13 13:17:42.426899,f
17541,중앙리,4423025026,충청남도,2026-01-13 13:17:42.432293,2026-01-13 13:17:42.432295,f
17542,염천리,4423025027,충청남도,2026-01-13 13:17:42.438714,2026-01-13 13:17:42.438716,f
17543,태평리,4423025028,충청남도,2026-01-13 13:17:42.443832,2026-01-13 13:17:42.443834,f
17544,대양리,4471036025,충청남도,2026-01-13 13:17:42.449192,2026-01-13 13:17:42.449195,f
17545,흑암리,4471036026,충청남도,2026-01-13 13:17:42.454231,2026-01-13 13:17:42.454235,f
17546,대흥리,4423025029,충청남도,2026-01-13 13:17:42.461521,2026-01-13 13:17:42.461523,f
17547,황산리,4423025030,충청남도,2026-01-13 13:17:42.466462,2026-01-13 13:17:42.466464,f
17548,채산리,4423025031,충청남도,2026-01-13 13:17:42.472639,2026-01-13 13:17:42.472643,f
17549,산양리,4423025032,충청남도,2026-01-13 13:17:42.477743,2026-01-13 13:17:42.477751,f
17550,채운리,4423025033,충청남도,2026-01-13 13:17:42.483149,2026-01-13 13:17:42.483152,f
17551,연무읍,4423025300,충청남도,2026-01-13 13:17:42.487648,2026-01-13 13:17:42.48765,f
17552,마산리,4423025321,충청남도,2026-01-13 13:17:42.493974,2026-01-13 13:17:42.493976,f
17553,죽평리,4423025322,충청남도,2026-01-13 13:17:42.500012,2026-01-13 13:17:42.500014,f
17554,금곡리,4423025323,충청남도,2026-01-13 13:17:42.505113,2026-01-13 13:17:42.505115,f
17555,동산리,4423025324,충청남도,2026-01-13 13:17:42.509723,2026-01-13 13:17:42.509726,f
17556,죽본리,4423025325,충청남도,2026-01-13 13:17:42.515565,2026-01-13 13:17:42.515568,f
17557,소룡리,4423025326,충청남도,2026-01-13 13:17:42.521442,2026-01-13 13:17:42.521444,f
17558,양지리,4423025327,충청남도,2026-01-13 13:17:42.527085,2026-01-13 13:17:42.527088,f
17559,마전리,4423025328,충청남도,2026-01-13 13:17:42.531661,2026-01-13 13:17:42.531662,f
17560,고내리,4423025329,충청남도,2026-01-13 13:17:42.537328,2026-01-13 13:17:42.537331,f
17561,황화정리,4423025330,충청남도,2026-01-13 13:17:42.542724,2026-01-13 13:17:42.542726,f
17562,안심리,4423025331,충청남도,2026-01-13 13:17:42.54752,2026-01-13 13:17:42.547523,f
17563,신화리,4423025332,충청남도,2026-01-13 13:17:42.55209,2026-01-13 13:17:42.552096,f
17564,봉동리,4423025333,충청남도,2026-01-13 13:17:42.558033,2026-01-13 13:17:42.558036,f
17565,성동면,4423031000,충청남도,2026-01-13 13:17:42.562669,2026-01-13 13:17:42.562671,f
17566,삼산리,4423031021,충청남도,2026-01-13 13:17:42.578263,2026-01-13 13:17:42.57827,f
17567,월성리,4423031022,충청남도,2026-01-13 13:17:42.591463,2026-01-13 13:17:42.591471,f
17568,병촌리,4423031023,충청남도,2026-01-13 13:17:42.60133,2026-01-13 13:17:42.601332,f
17569,개척리,4423031024,충청남도,2026-01-13 13:17:42.607955,2026-01-13 13:17:42.607964,f
17570,우곤리,4423031025,충청남도,2026-01-13 13:17:42.615349,2026-01-13 13:17:42.615352,f
17571,원남리,4423031026,충청남도,2026-01-13 13:17:42.621252,2026-01-13 13:17:42.621256,f
17572,원북리,4423031027,충청남도,2026-01-13 13:17:42.626655,2026-01-13 13:17:42.626657,f
17573,정지리,4423031028,충청남도,2026-01-13 13:17:42.631221,2026-01-13 13:17:42.631223,f
17574,원봉리,4423031029,충청남도,2026-01-13 13:17:42.635558,2026-01-13 13:17:42.635561,f
17575,화정리,4423031030,충청남도,2026-01-13 13:17:42.640674,2026-01-13 13:17:42.640677,f
17576,삼호리,4423031031,충청남도,2026-01-13 13:17:42.646341,2026-01-13 13:17:42.646345,f
17577,광석면,4423032000,충청남도,2026-01-13 13:17:42.65061,2026-01-13 13:17:42.650611,f
17578,신당리,4423032021,충청남도,2026-01-13 13:17:42.655219,2026-01-13 13:17:42.655221,f
17579,중리,4423032022,충청남도,2026-01-13 13:17:42.660347,2026-01-13 13:17:42.66035,f
17580,득윤리,4423032023,충청남도,2026-01-13 13:17:42.665284,2026-01-13 13:17:42.665287,f
17581,갈산리,4423032024,충청남도,2026-01-13 13:17:42.672095,2026-01-13 13:17:42.672097,f
17582,광리,4423032025,충청남도,2026-01-13 13:17:42.67714,2026-01-13 13:17:42.677143,f
17583,이사리,4423032026,충청남도,2026-01-13 13:17:42.681239,2026-01-13 13:17:42.681241,f
17584,산동리,4423032027,충청남도,2026-01-13 13:17:42.685254,2026-01-13 13:17:42.685256,f
17585,천동리,4423032028,충청남도,2026-01-13 13:17:42.689332,2026-01-13 13:17:42.689334,f
17586,왕전리,4423032029,충청남도,2026-01-13 13:17:42.693739,2026-01-13 13:17:42.693741,f
17587,항월리,4423032030,충청남도,2026-01-13 13:17:42.700795,2026-01-13 13:17:42.700797,f
17588,사월리,4423032031,충청남도,2026-01-13 13:17:42.705137,2026-01-13 13:17:42.70514,f
17589,율리,4423032032,충청남도,2026-01-13 13:17:42.70957,2026-01-13 13:17:42.709572,f
17590,오강리,4423032033,충청남도,2026-01-13 13:17:42.71448,2026-01-13 13:17:42.714483,f
17591,노성면,4423033000,충청남도,2026-01-13 13:17:42.719359,2026-01-13 13:17:42.719364,f
17592,읍내리,4423033021,충청남도,2026-01-13 13:17:42.728537,2026-01-13 13:17:42.728539,f
17593,두사리,4423033022,충청남도,2026-01-13 13:17:42.736233,2026-01-13 13:17:42.736238,f
17594,송당리,4423033023,충청남도,2026-01-13 13:17:42.743017,2026-01-13 13:17:42.74302,f
17595,교촌리,4423033024,충청남도,2026-01-13 13:17:42.746921,2026-01-13 13:17:42.746923,f
17596,하도리,4423033025,충청남도,2026-01-13 13:17:42.750864,2026-01-13 13:17:42.750866,f
17597,죽림리,4423033026,충청남도,2026-01-13 13:17:42.755459,2026-01-13 13:17:42.755462,f
17598,병사리,4423033027,충청남도,2026-01-13 13:17:42.76118,2026-01-13 13:17:42.761182,f
17599,가곡리,4423033028,충청남도,2026-01-13 13:17:42.765944,2026-01-13 13:17:42.765945,f
17600,장구리,4423033029,충청남도,2026-01-13 13:17:42.770472,2026-01-13 13:17:42.770474,f
17601,효죽리,4423033030,충청남도,2026-01-13 13:17:42.774696,2026-01-13 13:17:42.7747,f
17602,호암리,4423033031,충청남도,2026-01-13 13:17:42.781727,2026-01-13 13:17:42.781729,f
17603,노티리,4423033032,충청남도,2026-01-13 13:17:42.786,2026-01-13 13:17:42.786004,f
17604,구암리,4423033033,충청남도,2026-01-13 13:17:42.79083,2026-01-13 13:17:42.790834,f
17605,화곡리,4423033034,충청남도,2026-01-13 13:17:42.795422,2026-01-13 13:17:42.795425,f
17606,상월면,4423034000,충청남도,2026-01-13 13:17:42.800125,2026-01-13 13:17:42.800128,f
17607,신충리,4423034021,충청남도,2026-01-13 13:17:42.804358,2026-01-13 13:17:42.80436,f
17608,산성리,4423034022,충청남도,2026-01-13 13:17:42.810726,2026-01-13 13:17:42.810729,f
17609,월오리,4423034023,충청남도,2026-01-13 13:17:42.816269,2026-01-13 13:17:42.816272,f
17610,지경리,4423034024,충청남도,2026-01-13 13:17:42.821161,2026-01-13 13:17:42.821163,f
17611,석종리,4423034025,충청남도,2026-01-13 13:17:42.825734,2026-01-13 13:17:42.825737,f
17612,상도리,4423034026,충청남도,2026-01-13 13:17:42.830638,2026-01-13 13:17:42.830642,f
17613,대명리,4423034027,충청남도,2026-01-13 13:17:42.839182,2026-01-13 13:17:42.839185,f
17614,상금리,4471036022,충청남도,2026-01-13 13:17:42.853125,2026-01-13 13:17:42.853129,f
17615,건천리,4471036023,충청남도,2026-01-13 13:17:42.862441,2026-01-13 13:17:42.862444,f
17616,역평리,4471036024,충청남도,2026-01-13 13:17:42.867454,2026-01-13 13:17:42.867456,f
17617,대우리,4423034028,충청남도,2026-01-13 13:17:42.87186,2026-01-13 13:17:42.871862,f
17618,대촌리,4423034029,충청남도,2026-01-13 13:17:42.87736,2026-01-13 13:17:42.877363,f
17619,학당리,4423034030,충청남도,2026-01-13 13:17:42.882481,2026-01-13 13:17:42.882482,f
17620,주곡리,4423034031,충청남도,2026-01-13 13:17:42.887054,2026-01-13 13:17:42.887056,f
17621,한천리,4423034032,충청남도,2026-01-13 13:17:42.890839,2026-01-13 13:17:42.890841,f
17622,숙진리,4423034033,충청남도,2026-01-13 13:17:42.89505,2026-01-13 13:17:42.895052,f
17623,부적면,4423035000,충청남도,2026-01-13 13:17:42.899957,2026-01-13 13:17:42.899959,f
17624,마구평리,4423035021,충청남도,2026-01-13 13:17:42.905342,2026-01-13 13:17:42.905344,f
17625,덕평리,4423035022,충청남도,2026-01-13 13:17:42.910475,2026-01-13 13:17:42.910477,f
17626,부황리,4423035023,충청남도,2026-01-13 13:17:42.916661,2026-01-13 13:17:42.916664,f
17627,외성리,4423035024,충청남도,2026-01-13 13:17:42.921801,2026-01-13 13:17:42.921804,f
17628,감곡리,4423035025,충청남도,2026-01-13 13:17:42.926915,2026-01-13 13:17:42.926918,f
17629,충곡리,4423035026,충청남도,2026-01-13 13:17:42.931995,2026-01-13 13:17:42.931998,f
17630,신풍리,4423035027,충청남도,2026-01-13 13:17:42.936726,2026-01-13 13:17:42.936728,f
17631,안천리,4423035028,충청남도,2026-01-13 13:17:42.941066,2026-01-13 13:17:42.941068,f
17632,탑정리,4423035029,충청남도,2026-01-13 13:17:42.949537,2026-01-13 13:17:42.949538,f
17633,신교리,4423035030,충청남도,2026-01-13 13:17:42.955203,2026-01-13 13:17:42.955206,f
17634,반송리,4423035031,충청남도,2026-01-13 13:17:42.959634,2026-01-13 13:17:42.959636,f
17635,아호리,4423035032,충청남도,2026-01-13 13:17:42.963724,2026-01-13 13:17:42.963726,f
17636,부인리,4423035033,충청남도,2026-01-13 13:17:42.968696,2026-01-13 13:17:42.968699,f
17637,왕덕리,4423035034,충청남도,2026-01-13 13:17:42.974604,2026-01-13 13:17:42.97461,f
17638,연산면,4423036000,충청남도,2026-01-13 13:17:42.983426,2026-01-13 13:17:42.983431,f
17639,연산리,4423036021,충청남도,2026-01-13 13:17:42.991994,2026-01-13 13:17:42.992003,f
17640,화악리,4423036022,충청남도,2026-01-13 13:17:43.007926,2026-01-13 13:17:43.007934,f
17641,천호리,4423036023,충청남도,2026-01-13 13:17:43.019976,2026-01-13 13:17:43.019983,f
17642,송정리,4423036024,충청남도,2026-01-13 13:17:43.029824,2026-01-13 13:17:43.029827,f
17643,신암리,4423036025,충청남도,2026-01-13 13:17:43.034888,2026-01-13 13:17:43.03489,f
17644,청동리,4423036026,충청남도,2026-01-13 13:17:43.043693,2026-01-13 13:17:43.043695,f
17645,고정리,4423036027,충청남도,2026-01-13 13:17:43.048814,2026-01-13 13:17:43.048818,f
17646,한전리,4423036028,충청남도,2026-01-13 13:17:43.053002,2026-01-13 13:17:43.053004,f
17647,임리,4423036029,충청남도,2026-01-13 13:17:43.056881,2026-01-13 13:17:43.056883,f
17648,관동리,4423036030,충청남도,2026-01-13 13:17:43.061357,2026-01-13 13:17:43.061359,f
17649,고양리,4423036031,충청남도,2026-01-13 13:17:43.065843,2026-01-13 13:17:43.065846,f
17650,표정리,4423036032,충청남도,2026-01-13 13:17:43.069649,2026-01-13 13:17:43.069651,f
17651,덕암리,4423036033,충청남도,2026-01-13 13:17:43.073956,2026-01-13 13:17:43.073959,f
17652,장전리,4423036034,충청남도,2026-01-13 13:17:43.078517,2026-01-13 13:17:43.078519,f
17653,백석리,4423036035,충청남도,2026-01-13 13:17:43.082694,2026-01-13 13:17:43.082695,f
17654,어은리,4423036036,충청남도,2026-01-13 13:17:43.086654,2026-01-13 13:17:43.086657,f
17655,사포리,4423036037,충청남도,2026-01-13 13:17:43.094577,2026-01-13 13:17:43.09458,f
17656,송산리,4423036038,충청남도,2026-01-13 13:17:43.100839,2026-01-13 13:17:43.100842,f
17657,오산리,4423036039,충청남도,2026-01-13 13:17:43.105145,2026-01-13 13:17:43.105149,f
17658,신양리,4423036040,충청남도,2026-01-13 13:17:43.109427,2026-01-13 13:17:43.109429,f
17659,벌곡면,4423038000,충청남도,2026-01-13 13:17:43.114658,2026-01-13 13:17:43.114661,f
17660,한삼천리,4423038021,충청남도,2026-01-13 13:17:43.123032,2026-01-13 13:17:43.123034,f
17661,덕목리,4423038022,충청남도,2026-01-13 13:17:43.129515,2026-01-13 13:17:43.129518,f
17662,사정리,4423038023,충청남도,2026-01-13 13:17:43.133855,2026-01-13 13:17:43.133857,f
17663,대덕리,4423038024,충청남도,2026-01-13 13:17:43.138392,2026-01-13 13:17:43.138393,f
17664,검천리,4423038025,충청남도,2026-01-13 13:17:43.144222,2026-01-13 13:17:43.144224,f
17665,덕곡리,4423038026,충청남도,2026-01-13 13:17:43.148534,2026-01-13 13:17:43.148536,f
17666,수락리,4423038027,충청남도,2026-01-13 13:17:43.153689,2026-01-13 13:17:43.153692,f
17667,도산리,4423038028,충청남도,2026-01-13 13:17:43.159801,2026-01-13 13:17:43.159804,f
17668,남이면,4471036000,충청남도,2026-01-13 13:17:43.164781,2026-01-13 13:17:43.164784,f
17669,하금리,4471036021,충청남도,2026-01-13 13:17:43.169873,2026-01-13 13:17:43.169876,f
17670,교원리,4476036027,충청남도,2026-01-13 13:17:43.174582,2026-01-13 13:17:43.174585,f
17671,만목리,4423038029,충청남도,2026-01-13 13:17:43.183245,2026-01-13 13:17:43.183252,f
17672,어곡리,4423038030,충청남도,2026-01-13 13:17:43.188937,2026-01-13 13:17:43.188939,f
17673,조동리,4423038031,충청남도,2026-01-13 13:17:43.19335,2026-01-13 13:17:43.193352,f
17674,조령리,4423038032,충청남도,2026-01-13 13:17:43.199992,2026-01-13 13:17:43.199995,f
17675,신양리,4423038033,충청남도,2026-01-13 13:17:43.20515,2026-01-13 13:17:43.205152,f
17676,양산리,4423038034,충청남도,2026-01-13 13:17:43.20976,2026-01-13 13:17:43.209762,f
17677,양촌면,4423039000,충청남도,2026-01-13 13:17:43.213887,2026-01-13 13:17:43.213892,f
17678,인천리,4423039021,충청남도,2026-01-13 13:17:43.219593,2026-01-13 13:17:43.219597,f
17679,도평리,4423039022,충청남도,2026-01-13 13:17:43.227755,2026-01-13 13:17:43.227759,f
17680,임화리,4423039023,충청남도,2026-01-13 13:17:43.23613,2026-01-13 13:17:43.236134,f
17681,양촌리,4423039024,충청남도,2026-01-13 13:17:43.242421,2026-01-13 13:17:43.242423,f
17682,신기리,4423039025,충청남도,2026-01-13 13:17:43.248007,2026-01-13 13:17:43.24801,f
17683,오산리,4423039026,충청남도,2026-01-13 13:17:43.251983,2026-01-13 13:17:43.251985,f
17684,채광리,4423039027,충청남도,2026-01-13 13:17:43.256353,2026-01-13 13:17:43.256356,f
17685,남산리,4423039028,충청남도,2026-01-13 13:17:43.260849,2026-01-13 13:17:43.260851,f
17686,반암리,4423039029,충청남도,2026-01-13 13:17:43.265446,2026-01-13 13:17:43.265448,f
17687,산직리,4423039030,충청남도,2026-01-13 13:17:43.270592,2026-01-13 13:17:43.270594,f
17688,모촌리,4423039031,충청남도,2026-01-13 13:17:43.27575,2026-01-13 13:17:43.275757,f
17689,신흥리,4423039032,충청남도,2026-01-13 13:17:43.28184,2026-01-13 13:17:43.281843,f
17690,거사리,4423039033,충청남도,2026-01-13 13:17:43.285924,2026-01-13 13:17:43.285926,f
17691,반곡리,4423039034,충청남도,2026-01-13 13:17:43.294002,2026-01-13 13:17:43.294005,f
17692,명암리,4423039035,충청남도,2026-01-13 13:17:43.301255,2026-01-13 13:17:43.301258,f
17693,석서리,4423039036,충청남도,2026-01-13 13:17:43.306485,2026-01-13 13:17:43.306488,f
17694,중산리,4423039037,충청남도,2026-01-13 13:17:43.311027,2026-01-13 13:17:43.311029,f
17695,가야곡면,4423040000,충청남도,2026-01-13 13:17:43.317169,2026-01-13 13:17:43.317171,f
17696,육곡리,4423040021,충청남도,2026-01-13 13:17:43.32182,2026-01-13 13:17:43.321822,f
17697,강청리,4423040022,충청남도,2026-01-13 13:17:43.326029,2026-01-13 13:17:43.326031,f
17698,목곡리,4423040023,충청남도,2026-01-13 13:17:43.329635,2026-01-13 13:17:43.329636,f
17699,함적리,4423040024,충청남도,2026-01-13 13:17:43.333893,2026-01-13 13:17:43.333896,f
17700,산노리,4423040025,충청남도,2026-01-13 13:17:43.338267,2026-01-13 13:17:43.338269,f
17701,병암리,4423040026,충청남도,2026-01-13 13:17:43.343535,2026-01-13 13:17:43.343537,f
17702,조정리,4423040027,충청남도,2026-01-13 13:17:43.34762,2026-01-13 13:17:43.347622,f
17703,등리,4423040028,충청남도,2026-01-13 13:17:43.351397,2026-01-13 13:17:43.351398,f
17704,종연리,4423040029,충청남도,2026-01-13 13:17:43.355923,2026-01-13 13:17:43.355927,f
17705,두월리,4423040030,충청남도,2026-01-13 13:17:43.361121,2026-01-13 13:17:43.361127,f
17706,야촌리,4423040031,충청남도,2026-01-13 13:17:43.366192,2026-01-13 13:17:43.366194,f
17707,왕암리,4423040032,충청남도,2026-01-13 13:17:43.370395,2026-01-13 13:17:43.370397,f
17708,삼전리,4423040033,충청남도,2026-01-13 13:17:43.374276,2026-01-13 13:17:43.374278,f
17709,양촌리,4423040034,충청남도,2026-01-13 13:17:43.37828,2026-01-13 13:17:43.378282,f
17710,은진면,4423041000,충청남도,2026-01-13 13:17:43.383346,2026-01-13 13:17:43.383348,f
17711,연서리,4423041021,충청남도,2026-01-13 13:17:43.387775,2026-01-13 13:17:43.387777,f
17712,방축리,4423041022,충청남도,2026-01-13 13:17:43.393086,2026-01-13 13:17:43.393091,f
17713,토양리,4423041023,충청남도,2026-01-13 13:17:43.400311,2026-01-13 13:17:43.400314,f
17714,시묘리,4423041024,충청남도,2026-01-13 13:17:43.404908,2026-01-13 13:17:43.404909,f
17715,용산리,4423041025,충청남도,2026-01-13 13:17:43.409176,2026-01-13 13:17:43.409178,f
17716,교촌리,4423041026,충청남도,2026-01-13 13:17:43.412907,2026-01-13 13:17:43.412909,f
17717,와야리,4423041027,충청남도,2026-01-13 13:17:43.417114,2026-01-13 13:17:43.417116,f
17718,남산리,4423041028,충청남도,2026-01-13 13:17:43.422047,2026-01-13 13:17:43.42205,f
17719,성덕리,4423041029,충청남도,2026-01-13 13:17:43.426738,2026-01-13 13:17:43.42674,f
17720,성평리,4423041030,충청남도,2026-01-13 13:17:43.431278,2026-01-13 13:17:43.43128,f
17721,채운면,4423042000,충청남도,2026-01-13 13:17:43.435566,2026-01-13 13:17:43.435568,f
17722,화산리,4423042021,충청남도,2026-01-13 13:17:43.442272,2026-01-13 13:17:43.442277,f
17723,용화리,4423042022,충청남도,2026-01-13 13:17:43.44674,2026-01-13 13:17:43.446742,f
17724,우기리,4423042023,충청남도,2026-01-13 13:17:43.450625,2026-01-13 13:17:43.450628,f
17725,심암리,4423042024,충청남도,2026-01-13 13:17:43.454819,2026-01-13 13:17:43.454822,f
17726,화정리,4423042025,충청남도,2026-01-13 13:17:43.459239,2026-01-13 13:17:43.459242,f
17727,삼거리,4423042026,충청남도,2026-01-13 13:17:43.464049,2026-01-13 13:17:43.464052,f
17728,장화리,4423042027,충청남도,2026-01-13 13:17:43.468139,2026-01-13 13:17:43.468141,f
17729,야화리,4423042028,충청남도,2026-01-13 13:17:43.472358,2026-01-13 13:17:43.472361,f
17730,계룡시,4425000000,충청남도,2026-01-13 13:17:43.477427,2026-01-13 13:17:43.47743,f
17731,금암동,4425010100,충청남도,2026-01-13 13:17:43.481907,2026-01-13 13:17:43.481909,f
17732,두마면,4425031000,충청남도,2026-01-13 13:17:43.486441,2026-01-13 13:17:43.486444,f
17733,두계리,4425031021,충청남도,2026-01-13 13:17:43.490966,2026-01-13 13:17:43.490971,f
17734,왕대리,4425031022,충청남도,2026-01-13 13:17:43.496107,2026-01-13 13:17:43.496109,f
17735,입암리,4425031023,충청남도,2026-01-13 13:17:43.500682,2026-01-13 13:17:43.500684,f
17736,농소리,4425031024,충청남도,2026-01-13 13:17:43.505599,2026-01-13 13:17:43.505601,f
17737,음대리,4471035028,충청남도,2026-01-13 13:17:43.509801,2026-01-13 13:17:43.509803,f
17738,신천리,4471035029,충청남도,2026-01-13 13:17:43.514277,2026-01-13 13:17:43.51428,f
17739,엄사면,4425031500,충청남도,2026-01-13 13:17:43.523148,2026-01-13 13:17:43.52315,f
17740,엄사리,4425031521,충청남도,2026-01-13 13:17:43.527332,2026-01-13 13:17:43.527334,f
17741,유동리,4425031522,충청남도,2026-01-13 13:17:43.531434,2026-01-13 13:17:43.531436,f
17742,광석리,4425031523,충청남도,2026-01-13 13:17:43.535094,2026-01-13 13:17:43.535096,f
17743,도곡리,4425031524,충청남도,2026-01-13 13:17:43.539105,2026-01-13 13:17:43.539107,f
17744,향한리,4425031525,충청남도,2026-01-13 13:17:43.544578,2026-01-13 13:17:43.544581,f
17745,신도안면,4425033000,충청남도,2026-01-13 13:17:43.548877,2026-01-13 13:17:43.54888,f
17746,남선리,4425033021,충청남도,2026-01-13 13:17:43.552802,2026-01-13 13:17:43.552805,f
17747,정장리,4425033022,충청남도,2026-01-13 13:17:43.557186,2026-01-13 13:17:43.557188,f
17748,부남리,4425033023,충청남도,2026-01-13 13:17:43.561816,2026-01-13 13:17:43.561818,f
17749,석계리,4425033024,충청남도,2026-01-13 13:17:43.566049,2026-01-13 13:17:43.56605,f
17750,용동리,4425033025,충청남도,2026-01-13 13:17:43.570689,2026-01-13 13:17:43.570691,f
17751,당진시,4427000000,충청남도,2026-01-13 13:17:43.57476,2026-01-13 13:17:43.574763,f
17752,읍내동,4427010100,충청남도,2026-01-13 13:17:43.578909,2026-01-13 13:17:43.578911,f
17753,채운동,4427010200,충청남도,2026-01-13 13:17:43.583555,2026-01-13 13:17:43.583557,f
17754,우두동,4427010300,충청남도,2026-01-13 13:17:43.587791,2026-01-13 13:17:43.587793,f
17755,원당동,4427010400,충청남도,2026-01-13 13:17:43.591967,2026-01-13 13:17:43.591969,f
17756,시곡동,4427010500,충청남도,2026-01-13 13:17:43.596264,2026-01-13 13:17:43.596268,f
17757,수청동,4427010600,충청남도,2026-01-13 13:17:43.600799,2026-01-13 13:17:43.600803,f
17758,대덕동,4427010700,충청남도,2026-01-13 13:17:43.605051,2026-01-13 13:17:43.605053,f
17759,행정동,4427010800,충청남도,2026-01-13 13:17:43.609148,2026-01-13 13:17:43.609151,f
17760,용연동,4427010900,충청남도,2026-01-13 13:17:43.612753,2026-01-13 13:17:43.612754,f
17761,사기소동,4427011000,충청남도,2026-01-13 13:17:43.616784,2026-01-13 13:17:43.616786,f
17762,구룡동,4427011100,충청남도,2026-01-13 13:17:43.620854,2026-01-13 13:17:43.620856,f
17763,합덕읍,4427025000,충청남도,2026-01-13 13:17:43.625627,2026-01-13 13:17:43.625631,f
17764,운산리,4427025021,충청남도,2026-01-13 13:17:43.629358,2026-01-13 13:17:43.629359,f
17765,도곡리,4427025022,충청남도,2026-01-13 13:17:43.633766,2026-01-13 13:17:43.633769,f
17766,소소리,4427025023,충청남도,2026-01-13 13:17:43.63864,2026-01-13 13:17:43.638642,f
17767,석우리,4427025024,충청남도,2026-01-13 13:17:43.643618,2026-01-13 13:17:43.64362,f
17768,성동리,4427025025,충청남도,2026-01-13 13:17:43.648005,2026-01-13 13:17:43.648006,f
17769,대합덕리,4427025026,충청남도,2026-01-13 13:17:43.651609,2026-01-13 13:17:43.65161,f
17770,대전리,4427025027,충청남도,2026-01-13 13:17:43.655847,2026-01-13 13:17:43.655848,f
17771,도리,4427025028,충청남도,2026-01-13 13:17:43.660115,2026-01-13 13:17:43.660117,f
17772,신리,4427025029,충청남도,2026-01-13 13:17:43.664805,2026-01-13 13:17:43.664809,f
17773,옥금리,4427025030,충청남도,2026-01-13 13:17:43.668834,2026-01-13 13:17:43.668837,f
17774,합덕리,4427025031,충청남도,2026-01-13 13:17:43.673168,2026-01-13 13:17:43.673171,f
17775,점원리,4427025032,충청남도,2026-01-13 13:17:43.677754,2026-01-13 13:17:43.677757,f
17776,신흥리,4427025033,충청남도,2026-01-13 13:17:43.682316,2026-01-13 13:17:43.682327,f
17777,신석리,4427025034,충청남도,2026-01-13 13:17:43.68655,2026-01-13 13:17:43.686553,f
17778,송악읍,4427025300,충청남도,2026-01-13 13:17:43.69023,2026-01-13 13:17:43.690231,f
17779,기지시리,4427025321,충청남도,2026-01-13 13:17:43.694472,2026-01-13 13:17:43.694476,f
17780,가교리,4427025322,충청남도,2026-01-13 13:17:43.698857,2026-01-13 13:17:43.698859,f
17781,방계리,4427025323,충청남도,2026-01-13 13:17:43.704377,2026-01-13 13:17:43.704379,f
17782,본당리,4427025324,충청남도,2026-01-13 13:17:43.7086,2026-01-13 13:17:43.708602,f
17783,청금리,4427025325,충청남도,2026-01-13 13:17:43.712479,2026-01-13 13:17:43.712482,f
17784,봉교리,4427025326,충청남도,2026-01-13 13:17:43.718003,2026-01-13 13:17:43.718006,f
17785,광명리,4427025327,충청남도,2026-01-13 13:17:43.722734,2026-01-13 13:17:43.722736,f
17786,반촌리,4427025328,충청남도,2026-01-13 13:17:43.726808,2026-01-13 13:17:43.726809,f
17787,신정리,4471035026,충청남도,2026-01-13 13:17:43.730575,2026-01-13 13:17:43.730577,f
17788,신동리,4471035027,충청남도,2026-01-13 13:17:43.734212,2026-01-13 13:17:43.734214,f
17789,영천리,4427025329,충청남도,2026-01-13 13:17:43.738434,2026-01-13 13:17:43.738436,f
17790,금곡리,4427025330,충청남도,2026-01-13 13:17:43.743672,2026-01-13 13:17:43.743673,f
17791,전대리,4427025331,충청남도,2026-01-13 13:17:43.748104,2026-01-13 13:17:43.748106,f
17792,도원리,4427025332,충청남도,2026-01-13 13:17:43.751868,2026-01-13 13:17:43.751871,f
17793,복운리,4427025333,충청남도,2026-01-13 13:17:43.757226,2026-01-13 13:17:43.757229,f
17794,중흥리,4427025334,충청남도,2026-01-13 13:17:43.761787,2026-01-13 13:17:43.76179,f
17795,오곡리,4427025335,충청남도,2026-01-13 13:17:43.765825,2026-01-13 13:17:43.765828,f
17796,부곡리,4427025336,충청남도,2026-01-13 13:17:43.769904,2026-01-13 13:17:43.769905,f
17797,한진리,4427025337,충청남도,2026-01-13 13:17:43.773573,2026-01-13 13:17:43.773574,f
17798,고대리,4427025338,충청남도,2026-01-13 13:17:43.777529,2026-01-13 13:17:43.77753,f
17799,월곡리,4427025339,충청남도,2026-01-13 13:17:43.78313,2026-01-13 13:17:43.783133,f
17800,정곡리,4427025340,충청남도,2026-01-13 13:17:43.787461,2026-01-13 13:17:43.787463,f
17801,석포리,4427025341,충청남도,2026-01-13 13:17:43.791202,2026-01-13 13:17:43.791204,f
17802,가학리,4427025342,충청남도,2026-01-13 13:17:43.796002,2026-01-13 13:17:43.796004,f
17803,고대면,4427031000,충청남도,2026-01-13 13:17:43.800991,2026-01-13 13:17:43.800993,f
17804,용두리,4427031021,충청남도,2026-01-13 13:17:43.805649,2026-01-13 13:17:43.805651,f
17805,슬항리,4427031022,충청남도,2026-01-13 13:17:43.809648,2026-01-13 13:17:43.80965,f
17806,대촌리,4427031023,충청남도,2026-01-13 13:17:43.813625,2026-01-13 13:17:43.813629,f
17807,장항리,4427031024,충청남도,2026-01-13 13:17:43.81748,2026-01-13 13:17:43.817482,f
17808,성산리,4427031025,충청남도,2026-01-13 13:17:43.822887,2026-01-13 13:17:43.82289,f
17809,당진포리,4427031026,충청남도,2026-01-13 13:17:43.827849,2026-01-13 13:17:43.827851,f
17810,옥현리,4427031027,충청남도,2026-01-13 13:17:43.832363,2026-01-13 13:17:43.832381,f
17811,항곡리,4427031028,충청남도,2026-01-13 13:17:43.838216,2026-01-13 13:17:43.838218,f
17812,진관리,4427031029,충청남도,2026-01-13 13:17:43.844173,2026-01-13 13:17:43.844175,f
17813,석문면,4427032000,충청남도,2026-01-13 13:17:43.849577,2026-01-13 13:17:43.84958,f
17814,통정리,4427032021,충청남도,2026-01-13 13:17:43.854509,2026-01-13 13:17:43.854511,f
17815,삼화리,4427032022,충청남도,2026-01-13 13:17:43.858799,2026-01-13 13:17:43.858801,f
17816,삼봉리,4427032023,충청남도,2026-01-13 13:17:43.881522,2026-01-13 13:17:43.881528,f
17817,장고항리,4427032024,충청남도,2026-01-13 13:17:43.892798,2026-01-13 13:17:43.892805,f
17818,교로리,4427032025,충청남도,2026-01-13 13:17:43.899825,2026-01-13 13:17:43.899828,f
17819,난지도리,4427032026,충청남도,2026-01-13 13:17:43.90488,2026-01-13 13:17:43.904882,f
17820,초락도리,4427032027,충청남도,2026-01-13 13:17:43.909226,2026-01-13 13:17:43.909228,f
17821,대호지면,4427033000,충청남도,2026-01-13 13:17:43.912945,2026-01-13 13:17:43.912947,f
17822,조금리,4427033021,충청남도,2026-01-13 13:17:43.918748,2026-01-13 13:17:43.918756,f
17823,사성리,4427033022,충청남도,2026-01-13 13:17:43.924291,2026-01-13 13:17:43.924293,f
17824,적서리,4427033023,충청남도,2026-01-13 13:17:43.928454,2026-01-13 13:17:43.928456,f
17825,도이리,4427033024,충청남도,2026-01-13 13:17:43.932885,2026-01-13 13:17:43.932887,f
17826,두산리,4427033025,충청남도,2026-01-13 13:17:43.936831,2026-01-13 13:17:43.936833,f
17827,장정리,4427033026,충청남도,2026-01-13 13:17:43.940785,2026-01-13 13:17:43.940789,f
17828,마중리,4427033027,충청남도,2026-01-13 13:17:43.945633,2026-01-13 13:17:43.945635,f
17829,송전리,4427033028,충청남도,2026-01-13 13:17:43.949574,2026-01-13 13:17:43.949576,f
17830,출포리,4427033029,충청남도,2026-01-13 13:17:43.956187,2026-01-13 13:17:43.95619,f
17831,정미면,4427034000,충청남도,2026-01-13 13:17:43.961284,2026-01-13 13:17:43.961287,f
17832,천의리,4427034021,충청남도,2026-01-13 13:17:43.967027,2026-01-13 13:17:43.967029,f
17833,승산리,4427034022,충청남도,2026-01-13 13:17:43.971573,2026-01-13 13:17:43.971575,f
17834,대조리,4427034023,충청남도,2026-01-13 13:17:43.977019,2026-01-13 13:17:43.977021,f
17835,도산리,4427034024,충청남도,2026-01-13 13:17:43.982811,2026-01-13 13:17:43.982816,f
17836,매방리,4427034025,충청남도,2026-01-13 13:17:43.989098,2026-01-13 13:17:43.9891,f
17837,우산리,4427034026,충청남도,2026-01-13 13:17:43.996827,2026-01-13 13:17:43.996834,f
17838,하성리,4427034027,충청남도,2026-01-13 13:17:44.005143,2026-01-13 13:17:44.005145,f
17839,산성리,4427034028,충청남도,2026-01-13 13:17:44.009864,2026-01-13 13:17:44.009867,f
17840,덕삼리,4427034029,충청남도,2026-01-13 13:17:44.01427,2026-01-13 13:17:44.014273,f
17841,봉성리,4427034030,충청남도,2026-01-13 13:17:44.018353,2026-01-13 13:17:44.018356,f
17842,수당리,4427034031,충청남도,2026-01-13 13:17:44.023235,2026-01-13 13:17:44.023237,f
17843,사관리,4427034032,충청남도,2026-01-13 13:17:44.027274,2026-01-13 13:17:44.027276,f
17844,대운산리,4427034033,충청남도,2026-01-13 13:17:44.03149,2026-01-13 13:17:44.031493,f
17845,덕마리,4427034034,충청남도,2026-01-13 13:17:44.036299,2026-01-13 13:17:44.036302,f
17846,신시리,4427034035,충청남도,2026-01-13 13:17:44.040893,2026-01-13 13:17:44.040898,f
17847,모평리,4427034036,충청남도,2026-01-13 13:17:44.045397,2026-01-13 13:17:44.045399,f
17848,봉생리,4427034037,충청남도,2026-01-13 13:17:44.049453,2026-01-13 13:17:44.049455,f
17849,면천면,4427035000,충청남도,2026-01-13 13:17:44.053913,2026-01-13 13:17:44.053916,f
17850,성상리,4427035021,충청남도,2026-01-13 13:17:44.058504,2026-01-13 13:17:44.058511,f
17851,성하리,4427035022,충청남도,2026-01-13 13:17:44.068031,2026-01-13 13:17:44.068034,f
17852,원동리,4427035023,충청남도,2026-01-13 13:17:44.072795,2026-01-13 13:17:44.072798,f
17853,상동리,4471035023,충청남도,2026-01-13 13:17:44.078124,2026-01-13 13:17:44.078126,f
17854,초현리,4471035024,충청남도,2026-01-13 13:17:44.083574,2026-01-13 13:17:44.083576,f
17855,덕천리,4471035025,충청남도,2026-01-13 13:17:44.087908,2026-01-13 13:17:44.087911,f
17856,문봉리,4427035024,충청남도,2026-01-13 13:17:44.091748,2026-01-13 13:17:44.09175,f
17857,자개리,4427035025,충청남도,2026-01-13 13:17:44.095485,2026-01-13 13:17:44.095486,f
17858,율사리,4427035026,충청남도,2026-01-13 13:17:44.099359,2026-01-13 13:17:44.09936,f
17859,대치리,4427035027,충청남도,2026-01-13 13:17:44.105402,2026-01-13 13:17:44.105405,f
17860,삼웅리,4427035028,충청남도,2026-01-13 13:17:44.109691,2026-01-13 13:17:44.109693,f
17861,송학리,4427035029,충청남도,2026-01-13 13:17:44.115852,2026-01-13 13:17:44.115854,f
17862,죽동리,4427035030,충청남도,2026-01-13 13:17:44.121111,2026-01-13 13:17:44.121113,f
17863,사기소리,4427035031,충청남도,2026-01-13 13:17:44.125511,2026-01-13 13:17:44.125513,f
17864,순성면,4427036000,충청남도,2026-01-13 13:17:44.129263,2026-01-13 13:17:44.129265,f
17865,봉소리,4427036021,충청남도,2026-01-13 13:17:44.133082,2026-01-13 13:17:44.133084,f
17866,백석리,4427036022,충청남도,2026-01-13 13:17:44.138276,2026-01-13 13:17:44.138279,f
17867,양유리,4427036023,충청남도,2026-01-13 13:17:44.145951,2026-01-13 13:17:44.145956,f
17868,나산리,4427036024,충청남도,2026-01-13 13:17:44.1514,2026-01-13 13:17:44.151402,f
17869,광천리,4427036025,충청남도,2026-01-13 13:17:44.156939,2026-01-13 13:17:44.156942,f
17870,본리,4427036026,충청남도,2026-01-13 13:17:44.161775,2026-01-13 13:17:44.161777,f
17871,중방리,4427036027,충청남도,2026-01-13 13:17:44.166688,2026-01-13 13:17:44.16669,f
17872,아찬리,4427036028,충청남도,2026-01-13 13:17:44.171101,2026-01-13 13:17:44.171103,f
17873,옥호리,4427036029,충청남도,2026-01-13 13:17:44.17571,2026-01-13 13:17:44.175713,f
17874,성북리,4427036030,충청남도,2026-01-13 13:17:44.179942,2026-01-13 13:17:44.179945,f
17875,갈산리,4427036031,충청남도,2026-01-13 13:17:44.184895,2026-01-13 13:17:44.184897,f
17876,우강면,4427037000,충청남도,2026-01-13 13:17:44.189037,2026-01-13 13:17:44.189039,f
17877,창리,4427037021,충청남도,2026-01-13 13:17:44.193216,2026-01-13 13:17:44.193219,f
17878,송산리,4427037022,충청남도,2026-01-13 13:17:44.198455,2026-01-13 13:17:44.198457,f
17879,세류리,4427037023,충청남도,2026-01-13 13:17:44.203283,2026-01-13 13:17:44.203285,f
17880,원치리,4427037024,충청남도,2026-01-13 13:17:44.207774,2026-01-13 13:17:44.207779,f
17881,공포리,4427037025,충청남도,2026-01-13 13:17:44.212545,2026-01-13 13:17:44.212548,f
17882,부장리,4427037026,충청남도,2026-01-13 13:17:44.217131,2026-01-13 13:17:44.217133,f
17883,신촌리,4427037027,충청남도,2026-01-13 13:17:44.221678,2026-01-13 13:17:44.221681,f
17884,강문리,4427037028,충청남도,2026-01-13 13:17:44.226692,2026-01-13 13:17:44.226694,f
17885,소반리,4427037029,충청남도,2026-01-13 13:17:44.230947,2026-01-13 13:17:44.23095,f
17886,대포리,4427037030,충청남도,2026-01-13 13:17:44.235236,2026-01-13 13:17:44.23524,f
17887,내경리,4427037031,충청남도,2026-01-13 13:17:44.240686,2026-01-13 13:17:44.240689,f
17888,성원리,4427037032,충청남도,2026-01-13 13:17:44.245481,2026-01-13 13:17:44.245483,f
17889,신평면,4427038000,충청남도,2026-01-13 13:17:44.249456,2026-01-13 13:17:44.249458,f
17890,금천리,4427038021,충청남도,2026-01-13 13:17:44.25451,2026-01-13 13:17:44.254512,f
17891,초대리,4427038022,충청남도,2026-01-13 13:17:44.259255,2026-01-13 13:17:44.259257,f
17892,거산리,4427038023,충청남도,2026-01-13 13:17:44.264439,2026-01-13 13:17:44.264443,f
17893,상오리,4427038024,충청남도,2026-01-13 13:17:44.269066,2026-01-13 13:17:44.269069,f
17894,남산리,4427038025,충청남도,2026-01-13 13:17:44.27297,2026-01-13 13:17:44.272972,f
17895,신송리,4427038026,충청남도,2026-01-13 13:17:44.277578,2026-01-13 13:17:44.277581,f
17896,신흥리,4427038027,충청남도,2026-01-13 13:17:44.282897,2026-01-13 13:17:44.282899,f
17897,운정리,4427038028,충청남도,2026-01-13 13:17:44.28745,2026-01-13 13:17:44.287452,f
17898,신당리,4427038029,충청남도,2026-01-13 13:17:44.291564,2026-01-13 13:17:44.291571,f
17899,도성리,4427038030,충청남도,2026-01-13 13:17:44.297978,2026-01-13 13:17:44.297982,f
17900,부수리,4427038031,충청남도,2026-01-13 13:17:44.30367,2026-01-13 13:17:44.303672,f
17901,매산리,4427038032,충청남도,2026-01-13 13:17:44.307855,2026-01-13 13:17:44.307857,f
17902,한정리,4427038033,충청남도,2026-01-13 13:17:44.311996,2026-01-13 13:17:44.311998,f
17903,송산면,4427039000,충청남도,2026-01-13 13:17:44.317221,2026-01-13 13:17:44.317223,f
17904,상거리,4427039021,충청남도,2026-01-13 13:17:44.32251,2026-01-13 13:17:44.322512,f
17905,금암리,4427039022,충청남도,2026-01-13 13:17:44.327165,2026-01-13 13:17:44.327168,f
17906,당산리,4427039023,충청남도,2026-01-13 13:17:44.331421,2026-01-13 13:17:44.331423,f
17907,송석리,4427039024,충청남도,2026-01-13 13:17:44.335218,2026-01-13 13:17:44.33522,f
17908,매곡리,4427039025,충청남도,2026-01-13 13:17:44.33965,2026-01-13 13:17:44.339652,f
17909,부곡리,4427039026,충청남도,2026-01-13 13:17:44.346233,2026-01-13 13:17:44.346237,f
17910,명산리,4427039027,충청남도,2026-01-13 13:17:44.351042,2026-01-13 13:17:44.351044,f
17911,도문리,4427039028,충청남도,2026-01-13 13:17:44.356173,2026-01-13 13:17:44.356176,f
17912,삼월리,4427039029,충청남도,2026-01-13 13:17:44.361138,2026-01-13 13:17:44.36114,f
17913,무수리,4427039030,충청남도,2026-01-13 13:17:44.365905,2026-01-13 13:17:44.365907,f
17914,유곡리,4427039031,충청남도,2026-01-13 13:17:44.370081,2026-01-13 13:17:44.370083,f
17915,동곡리,4427039032,충청남도,2026-01-13 13:17:44.373813,2026-01-13 13:17:44.373815,f
17916,가곡리,4427039033,충청남도,2026-01-13 13:17:44.378545,2026-01-13 13:17:44.378548,f
17917,금산군,4471000000,충청남도,2026-01-13 13:17:44.383374,2026-01-13 13:17:44.383378,f
17918,금산읍,4471025000,충청남도,2026-01-13 13:17:44.387998,2026-01-13 13:17:44.388,f
17919,신대리,4471025021,충청남도,2026-01-13 13:17:44.392288,2026-01-13 13:17:44.39229,f
17920,중도리,4471025022,충청남도,2026-01-13 13:17:44.396856,2026-01-13 13:17:44.396862,f
17921,남일면,4471035000,충청남도,2026-01-13 13:17:44.404882,2026-01-13 13:17:44.404884,f
17922,황풍리,4471035021,충청남도,2026-01-13 13:17:44.410099,2026-01-13 13:17:44.410101,f
17923,마장리,4471035022,충청남도,2026-01-13 13:17:44.414649,2026-01-13 13:17:44.414652,f
17924,하옥리,4471025023,충청남도,2026-01-13 13:17:44.418865,2026-01-13 13:17:44.418867,f
17925,상리,4471025024,충청남도,2026-01-13 13:17:44.423605,2026-01-13 13:17:44.423607,f
17926,아인리,4471025025,충청남도,2026-01-13 13:17:44.427815,2026-01-13 13:17:44.427816,f
17927,상옥리,4471025026,충청남도,2026-01-13 13:17:44.431838,2026-01-13 13:17:44.431841,f
17928,계진리,4471025027,충청남도,2026-01-13 13:17:44.436245,2026-01-13 13:17:44.436247,f
17929,양지리,4471025028,충청남도,2026-01-13 13:17:44.440445,2026-01-13 13:17:44.440447,f
17930,음지리,4471025029,충청남도,2026-01-13 13:17:44.445459,2026-01-13 13:17:44.445461,f
17931,금성면,4471031000,충청남도,2026-01-13 13:17:44.449704,2026-01-13 13:17:44.449706,f
17932,양전리,4471031021,충청남도,2026-01-13 13:17:44.453885,2026-01-13 13:17:44.453887,f
17933,도곡리,4471031022,충청남도,2026-01-13 13:17:44.45774,2026-01-13 13:17:44.457743,f
17934,화림리,4471031023,충청남도,2026-01-13 13:17:44.462059,2026-01-13 13:17:44.462062,f
17935,상가리,4471031024,충청남도,2026-01-13 13:17:44.466957,2026-01-13 13:17:44.466959,f
17936,두곡리,4471031025,충청남도,2026-01-13 13:17:44.471094,2026-01-13 13:17:44.471096,f
17937,파초리,4471031026,충청남도,2026-01-13 13:17:44.475447,2026-01-13 13:17:44.475451,f
17938,하류리,4471031027,충청남도,2026-01-13 13:17:44.480372,2026-01-13 13:17:44.480376,f
17939,의총리,4471031028,충청남도,2026-01-13 13:17:44.4854,2026-01-13 13:17:44.485402,f
17940,마수리,4471031029,충청남도,2026-01-13 13:17:44.490003,2026-01-13 13:17:44.490005,f
17941,하신리,4471031030,충청남도,2026-01-13 13:17:44.495563,2026-01-13 13:17:44.495565,f
17942,대암리,4471031031,충청남도,2026-01-13 13:17:44.500208,2026-01-13 13:17:44.500211,f
17943,제원면,4471032000,충청남도,2026-01-13 13:17:44.507209,2026-01-13 13:17:44.507215,f
17944,제원리,4471032021,충청남도,2026-01-13 13:17:44.517846,2026-01-13 13:17:44.517851,f
17945,명암리,4471032022,충청남도,2026-01-13 13:17:44.525966,2026-01-13 13:17:44.525971,f
17946,수당리,4471032023,충청남도,2026-01-13 13:17:44.531717,2026-01-13 13:17:44.531719,f
17947,명곡리,4471032024,충청남도,2026-01-13 13:17:44.536008,2026-01-13 13:17:44.53601,f
17948,구억리,4471032025,충청남도,2026-01-13 13:17:44.539949,2026-01-13 13:17:44.539952,f
17949,동곡리,4471032026,충청남도,2026-01-13 13:17:44.545195,2026-01-13 13:17:44.545198,f
17950,길곡리,4471032027,충청남도,2026-01-13 13:17:44.550515,2026-01-13 13:17:44.550519,f
17951,신안리,4471032028,충청남도,2026-01-13 13:17:44.556169,2026-01-13 13:17:44.556172,f
17952,대산리,4471032029,충청남도,2026-01-13 13:17:44.56158,2026-01-13 13:17:44.561583,f
17953,저곡리,4471032030,충청남도,2026-01-13 13:17:44.566654,2026-01-13 13:17:44.566656,f
17954,금성리,4471032031,충청남도,2026-01-13 13:17:44.571792,2026-01-13 13:17:44.571794,f
17955,용화리,4471032032,충청남도,2026-01-13 13:17:44.577173,2026-01-13 13:17:44.577176,f
17956,천내리,4471032033,충청남도,2026-01-13 13:17:44.583495,2026-01-13 13:17:44.5835,f
17957,부리면,4471033000,충청남도,2026-01-13 13:17:44.589795,2026-01-13 13:17:44.589797,f
17958,창평리,4471033021,충청남도,2026-01-13 13:17:44.595132,2026-01-13 13:17:44.595134,f
17959,선원리,4471033022,충청남도,2026-01-13 13:17:44.600282,2026-01-13 13:17:44.600285,f
17960,관천리,4471033023,충청남도,2026-01-13 13:17:44.606309,2026-01-13 13:17:44.606312,f
17961,불이리,4471033024,충청남도,2026-01-13 13:17:44.610434,2026-01-13 13:17:44.610436,f
17962,양곡리,4471033025,충청남도,2026-01-13 13:17:44.615162,2026-01-13 13:17:44.615165,f
17963,평촌리,4471033026,충청남도,2026-01-13 13:17:44.618959,2026-01-13 13:17:44.618961,f
17964,신촌리,4471033027,충청남도,2026-01-13 13:17:44.624458,2026-01-13 13:17:44.624461,f
17965,어재리,4471033028,충청남도,2026-01-13 13:17:44.628983,2026-01-13 13:17:44.628985,f
17966,예미리,4471033029,충청남도,2026-01-13 13:17:44.63302,2026-01-13 13:17:44.633022,f
17967,수통리,4471033030,충청남도,2026-01-13 13:17:44.638774,2026-01-13 13:17:44.638777,f
17968,방우리,4471033031,충청남도,2026-01-13 13:17:44.644217,2026-01-13 13:17:44.64422,f
17969,현내리,4471033032,충청남도,2026-01-13 13:17:44.648401,2026-01-13 13:17:44.648403,f
17970,군북면,4471034000,충청남도,2026-01-13 13:17:44.652206,2026-01-13 13:17:44.652209,f
17971,호티리,4471034021,충청남도,2026-01-13 13:17:44.656636,2026-01-13 13:17:44.656638,f
17972,내부리,4471034022,충청남도,2026-01-13 13:17:44.661261,2026-01-13 13:17:44.661264,f
17973,외부리,4471034023,충청남도,2026-01-13 13:17:44.665873,2026-01-13 13:17:44.665875,f
17974,천을리,4471034024,충청남도,2026-01-13 13:17:44.670146,2026-01-13 13:17:44.67015,f
17975,두두리,4471034025,충청남도,2026-01-13 13:17:44.675254,2026-01-13 13:17:44.675257,f
17976,동편리,4471034026,충청남도,2026-01-13 13:17:44.682138,2026-01-13 13:17:44.682142,f
17977,조정리,4471034027,충청남도,2026-01-13 13:17:44.687924,2026-01-13 13:17:44.687926,f
17978,보광리,4471034028,충청남도,2026-01-13 13:17:44.692018,2026-01-13 13:17:44.69202,f
17979,상곡리,4471034029,충청남도,2026-01-13 13:17:44.695829,2026-01-13 13:17:44.69583,f
17980,산안리,4471034030,충청남도,2026-01-13 13:17:44.700804,2026-01-13 13:17:44.700806,f
17981,요광리,4471039027,충청남도,2026-01-13 13:17:44.705312,2026-01-13 13:17:44.705315,f
17982,신평리,4471039028,충청남도,2026-01-13 13:17:44.709698,2026-01-13 13:17:44.7097,f
17983,성당리,4471039029,충청남도,2026-01-13 13:17:44.71389,2026-01-13 13:17:44.713894,f
17984,서대리,4471039030,충청남도,2026-01-13 13:17:44.7183,2026-01-13 13:17:44.718303,f
17985,남촌리,4476036024,충청남도,2026-01-13 13:17:44.723337,2026-01-13 13:17:44.723339,f
17986,홍양리,4476036025,충청남도,2026-01-13 13:17:44.727513,2026-01-13 13:17:44.727515,f
17987,좌홍리,4476036026,충청남도,2026-01-13 13:17:44.731514,2026-01-13 13:17:44.731516,f
17988,토정리,4476036021,충청남도,2026-01-13 13:17:44.735276,2026-01-13 13:17:44.735278,f
17989,정동리,4476036022,충청남도,2026-01-13 13:17:44.739298,2026-01-13 13:17:44.7393,f
17990,북촌리,4476036023,충청남도,2026-01-13 13:17:44.745174,2026-01-13 13:17:44.745177,f
17991,용당리,4476035030,충청남도,2026-01-13 13:17:44.749535,2026-01-13 13:17:44.749537,f
17992,홍산면,4476036000,충청남도,2026-01-13 13:17:44.753673,2026-01-13 13:17:44.753675,f
17993,죽교리,4476035028,충청남도,2026-01-13 13:17:44.758002,2026-01-13 13:17:44.758005,f
17994,동방리,4476035029,충청남도,2026-01-13 13:17:44.762662,2026-01-13 13:17:44.762667,f
17995,논티리,4476035025,충청남도,2026-01-13 13:17:44.76769,2026-01-13 13:17:44.767691,f
17996,금사리,4476035026,충청남도,2026-01-13 13:17:44.771993,2026-01-13 13:17:44.771995,f
17997,현암리,4476035027,충청남도,2026-01-13 13:17:44.776582,2026-01-13 13:17:44.776584,f
17998,죽절리,4476035022,충청남도,2026-01-13 13:17:44.781157,2026-01-13 13:17:44.781161,f
17999,주정리,4476035023,충청남도,2026-01-13 13:17:44.786657,2026-01-13 13:17:44.78666,f
18000,태양리,4476035024,충청남도,2026-01-13 13:17:44.791547,2026-01-13 13:17:44.79155,f
18001,율암리,4476034030,충청남도,2026-01-13 13:17:44.796528,2026-01-13 13:17:44.796532,f
18002,구룡면,4476035000,충청남도,2026-01-13 13:17:44.801363,2026-01-13 13:17:44.801366,f
18003,구봉리,4476035021,충청남도,2026-01-13 13:17:44.80595,2026-01-13 13:17:44.805952,f
18004,마전리,4476034027,충청남도,2026-01-13 13:17:44.810108,2026-01-13 13:17:44.81011,f
18005,금지리,4476034028,충청남도,2026-01-13 13:17:44.814218,2026-01-13 13:17:44.81422,f
18006,묘원리,4476034029,충청남도,2026-01-13 13:17:44.818129,2026-01-13 13:17:44.818131,f
18007,온해리,4476034024,충청남도,2026-01-13 13:17:44.823073,2026-01-13 13:17:44.823075,f
18008,지티리,4476034025,충청남도,2026-01-13 13:17:44.82785,2026-01-13 13:17:44.827853,f
18009,주암리,4476034026,충청남도,2026-01-13 13:17:44.832488,2026-01-13 13:17:44.83249,f
18010,운치리,4476034021,충청남도,2026-01-13 13:17:44.838499,2026-01-13 13:17:44.838501,f
18011,천보리,4476034022,충청남도,2026-01-13 13:17:44.844862,2026-01-13 13:17:44.844864,f
18012,저동리,4476034023,충청남도,2026-01-13 13:17:44.849711,2026-01-13 13:17:44.849713,f
18013,화성리,4476033032,충청남도,2026-01-13 13:17:44.854396,2026-01-13 13:17:44.854399,f
18014,전장리,4476033033,충청남도,2026-01-13 13:17:44.85867,2026-01-13 13:17:44.858674,f
18015,내산면,4476034000,충청남도,2026-01-13 13:17:44.863848,2026-01-13 13:17:44.863851,f
18016,복덕리,4476033031,충청남도,2026-01-13 13:17:44.869513,2026-01-13 13:17:44.869517,f
18017,마교리,4481037035,충청남도,2026-01-13 13:17:44.876145,2026-01-13 13:17:44.876152,f
18018,궁평리,4481037032,충청남도,2026-01-13 13:17:44.886959,2026-01-13 13:17:44.886965,f
18019,금치리,4481037033,충청남도,2026-01-13 13:17:44.895686,2026-01-13 13:17:44.89569,f
18020,옹안리,4481037034,충청남도,2026-01-13 13:17:44.900419,2026-01-13 13:17:44.900421,f
18021,부여군,4476000000,충청남도,2026-01-13 13:17:44.905803,2026-01-13 13:17:44.905805,f
18022,효교리,4481037029,충청남도,2026-01-13 13:17:44.911041,2026-01-13 13:17:44.911045,f
18023,대지리,4481037030,충청남도,2026-01-13 13:17:44.916618,2026-01-13 13:17:44.916621,f
18024,화전리,4481037031,충청남도,2026-01-13 13:17:44.921044,2026-01-13 13:17:44.921046,f
18025,부여읍,4476025000,충청남도,2026-01-13 13:17:44.925835,2026-01-13 13:17:44.925837,f
18026,송곡리,4476025021,충청남도,2026-01-13 13:17:44.929668,2026-01-13 13:17:44.92967,f
18027,상금리,4476025022,충청남도,2026-01-13 13:17:44.933655,2026-01-13 13:17:44.933657,f
18028,염창리,4476025023,충청남도,2026-01-13 13:17:44.937912,2026-01-13 13:17:44.937914,f
18029,정동리,4476025024,충청남도,2026-01-13 13:17:44.943547,2026-01-13 13:17:44.94355,f
18030,석목리,4476025025,충청남도,2026-01-13 13:17:44.948033,2026-01-13 13:17:44.948035,f
18031,용정리,4476025026,충청남도,2026-01-13 13:17:44.951982,2026-01-13 13:17:44.951984,f
18032,가증리,4476025027,충청남도,2026-01-13 13:17:44.956873,2026-01-13 13:17:44.956876,f
18033,동남리,4476025028,충청남도,2026-01-13 13:17:44.961778,2026-01-13 13:17:44.961782,f
18034,구아리,4476025029,충청남도,2026-01-13 13:17:44.966062,2026-01-13 13:17:44.966064,f
18035,관북리,4476025030,충청남도,2026-01-13 13:17:44.970222,2026-01-13 13:17:44.970224,f
18036,쌍북리,4476025031,충청남도,2026-01-13 13:17:44.974043,2026-01-13 13:17:44.974045,f
18037,구교리,4476025032,충청남도,2026-01-13 13:17:44.978347,2026-01-13 13:17:44.978349,f
18038,가탑리,4476025033,충청남도,2026-01-13 13:17:44.983311,2026-01-13 13:17:44.983313,f
18039,중정리,4476025034,충청남도,2026-01-13 13:17:44.987595,2026-01-13 13:17:44.987597,f
18040,능산리,4476025035,충청남도,2026-01-13 13:17:44.995262,2026-01-13 13:17:44.995264,f
18041,자왕리,4476025036,충청남도,2026-01-13 13:17:45.000633,2026-01-13 13:17:45.000636,f
18042,저석리,4476025037,충청남도,2026-01-13 13:17:45.005483,2026-01-13 13:17:45.005486,f
18043,신정리,4476025038,충청남도,2026-01-13 13:17:45.0097,2026-01-13 13:17:45.009701,f
18044,송간리,4476025039,충청남도,2026-01-13 13:17:45.013766,2026-01-13 13:17:45.013768,f
18045,군수리,4476025040,충청남도,2026-01-13 13:17:45.018194,2026-01-13 13:17:45.018198,f
18046,왕포리,4476025041,충청남도,2026-01-13 13:17:45.023823,2026-01-13 13:17:45.023826,f
18047,현북리,4476025042,충청남도,2026-01-13 13:17:45.028196,2026-01-13 13:17:45.028198,f
18048,규암면,4476031000,충청남도,2026-01-13 13:17:45.03225,2026-01-13 13:17:45.032251,f
18049,반산리,4476031021,충청남도,2026-01-13 13:17:45.037622,2026-01-13 13:17:45.037624,f
18050,나복리,4476031022,충청남도,2026-01-13 13:17:45.04344,2026-01-13 13:17:45.043443,f
18051,모리,4476031023,충청남도,2026-01-13 13:17:45.048075,2026-01-13 13:17:45.048076,f
18052,함양리,4476031024,충청남도,2026-01-13 13:17:45.051964,2026-01-13 13:17:45.051966,f
18053,호암리,4476031025,충청남도,2026-01-13 13:17:45.056175,2026-01-13 13:17:45.056177,f
18054,합정리,4476031026,충청남도,2026-01-13 13:17:45.060373,2026-01-13 13:17:45.060378,f
18055,신성리,4476031027,충청남도,2026-01-13 13:17:45.065464,2026-01-13 13:17:45.065467,f
18056,금암리,4476031028,충청남도,2026-01-13 13:17:45.069612,2026-01-13 13:17:45.069614,f
18057,신리,4476031029,충청남도,2026-01-13 13:17:45.073578,2026-01-13 13:17:45.07358,f
18058,오수리,4476031030,충청남도,2026-01-13 13:17:45.078031,2026-01-13 13:17:45.078033,f
18059,진변리,4476031031,충청남도,2026-01-13 13:17:45.083343,2026-01-13 13:17:45.083345,f
18060,규암리,4476031032,충청남도,2026-01-13 13:17:45.087559,2026-01-13 13:17:45.087561,f
18061,외리,4476031033,충청남도,2026-01-13 13:17:45.091594,2026-01-13 13:17:45.091596,f
18062,내리,4476031034,충청남도,2026-01-13 13:17:45.095462,2026-01-13 13:17:45.095464,f
18063,합송리,4476031035,충청남도,2026-01-13 13:17:45.09954,2026-01-13 13:17:45.099543,f
18064,노화리,4476031036,충청남도,2026-01-13 13:17:45.10519,2026-01-13 13:17:45.105192,f
18065,수목리,4476031037,충청남도,2026-01-13 13:17:45.110006,2026-01-13 13:17:45.110009,f
18066,석우리,4476031038,충청남도,2026-01-13 13:17:45.116289,2026-01-13 13:17:45.116294,f
18067,부여두리,4476031039,충청남도,2026-01-13 13:17:45.133858,2026-01-13 13:17:45.133868,f
18068,은산면,4476032000,충청남도,2026-01-13 13:17:45.145901,2026-01-13 13:17:45.145904,f
18069,신대리,4476032021,충청남도,2026-01-13 13:17:45.153081,2026-01-13 13:17:45.153084,f
18070,홍산리,4476032022,충청남도,2026-01-13 13:17:45.157763,2026-01-13 13:17:45.157766,f
18071,오번리,4476032023,충청남도,2026-01-13 13:17:45.161804,2026-01-13 13:17:45.161806,f
18072,은산리,4476032024,충청남도,2026-01-13 13:17:45.166252,2026-01-13 13:17:45.166255,f
18073,회곡리,4476032025,충청남도,2026-01-13 13:17:45.171634,2026-01-13 13:17:45.171636,f
18074,대양리,4476032026,충청남도,2026-01-13 13:17:45.176519,2026-01-13 13:17:45.176521,f
18075,나령리,4476032027,충청남도,2026-01-13 13:17:45.181812,2026-01-13 13:17:45.181815,f
18076,가중리,4476032028,충청남도,2026-01-13 13:17:45.188185,2026-01-13 13:17:45.188187,f
18077,경둔리,4476032029,충청남도,2026-01-13 13:17:45.193341,2026-01-13 13:17:45.193344,f
18078,각대리,4476032030,충청남도,2026-01-13 13:17:45.200369,2026-01-13 13:17:45.200373,f
18079,거전리,4476032031,충청남도,2026-01-13 13:17:45.205102,2026-01-13 13:17:45.205105,f
18080,용두리,4476032032,충청남도,2026-01-13 13:17:45.209929,2026-01-13 13:17:45.209931,f
18081,내지리,4476032033,충청남도,2026-01-13 13:17:45.214879,2026-01-13 13:17:45.214884,f
18082,합수리,4476032034,충청남도,2026-01-13 13:17:45.219104,2026-01-13 13:17:45.219107,f
18083,금공리,4476032035,충청남도,2026-01-13 13:17:45.227449,2026-01-13 13:17:45.227454,f
18084,가곡리,4476032036,충청남도,2026-01-13 13:17:45.232527,2026-01-13 13:17:45.23253,f
18085,장벌리,4476032037,충청남도,2026-01-13 13:17:45.238886,2026-01-13 13:17:45.238889,f
18086,외산면,4476033000,충청남도,2026-01-13 13:17:45.244376,2026-01-13 13:17:45.244379,f
18087,옥전리,4481037026,충청남도,2026-01-13 13:17:45.24999,2026-01-13 13:17:45.249993,f
18088,당곡리,4481037027,충청남도,2026-01-13 13:17:45.255699,2026-01-13 13:17:45.255701,f
18089,시동리,4481037028,충청남도,2026-01-13 13:17:45.260019,2026-01-13 13:17:45.260021,f
18090,삼산리,4476033021,충청남도,2026-01-13 13:17:45.264045,2026-01-13 13:17:45.264049,f
18091,비암리,4476033022,충청남도,2026-01-13 13:17:45.268478,2026-01-13 13:17:45.268482,f
18092,지선리,4476033023,충청남도,2026-01-13 13:17:45.272721,2026-01-13 13:17:45.272722,f
18093,문신리,4476033024,충청남도,2026-01-13 13:17:45.27748,2026-01-13 13:17:45.277482,f
18094,가덕리,4476033025,충청남도,2026-01-13 13:17:45.283032,2026-01-13 13:17:45.283034,f
18095,반교리,4476033026,충청남도,2026-01-13 13:17:45.287673,2026-01-13 13:17:45.287675,f
18096,갈산리,4476033027,충청남도,2026-01-13 13:17:45.291673,2026-01-13 13:17:45.291675,f
18097,장항리,4476033028,충청남도,2026-01-13 13:17:45.295517,2026-01-13 13:17:45.295519,f
18098,수신리,4476033029,충청남도,2026-01-13 13:17:45.299579,2026-01-13 13:17:45.299581,f
18099,만수리,4476033030,충청남도,2026-01-13 13:17:45.304663,2026-01-13 13:17:45.304665,f
18100,조현리,4476036028,충청남도,2026-01-13 13:17:45.309729,2026-01-13 13:17:45.309731,f
18101,상천리,4476036029,충청남도,2026-01-13 13:17:45.313788,2026-01-13 13:17:45.31379,f
18102,무정리,4476036030,충청남도,2026-01-13 13:17:45.319009,2026-01-13 13:17:45.319013,f
18103,옥산면,4476037000,충청남도,2026-01-13 13:17:45.324573,2026-01-13 13:17:45.324578,f
18104,상기리,4476037021,충청남도,2026-01-13 13:17:45.329665,2026-01-13 13:17:45.32967,f
18105,학산리,4476037022,충청남도,2026-01-13 13:17:45.334736,2026-01-13 13:17:45.33474,f
18106,홍연리,4476037023,충청남도,2026-01-13 13:17:45.339055,2026-01-13 13:17:45.339058,f
18107,수암리,4476037024,충청남도,2026-01-13 13:17:45.343194,2026-01-13 13:17:45.343195,f
18108,봉산리,4476037025,충청남도,2026-01-13 13:17:45.348435,2026-01-13 13:17:45.348438,f
18109,중양리,4476037026,충청남도,2026-01-13 13:17:45.352678,2026-01-13 13:17:45.35268,f
18110,신안리,4476037027,충청남도,2026-01-13 13:17:45.356926,2026-01-13 13:17:45.356928,f
18111,대덕리,4476037028,충청남도,2026-01-13 13:17:45.362079,2026-01-13 13:17:45.362081,f
18112,안서리,4476037029,충청남도,2026-01-13 13:17:45.366984,2026-01-13 13:17:45.366987,f
18113,내대리,4476037030,충청남도,2026-01-13 13:17:45.371172,2026-01-13 13:17:45.371175,f
18114,가덕리,4476037031,충청남도,2026-01-13 13:17:45.374916,2026-01-13 13:17:45.374918,f
18115,남면,4476038000,충청남도,2026-01-13 13:17:45.378559,2026-01-13 13:17:45.378561,f
18116,송학리,4476038021,충청남도,2026-01-13 13:17:45.383123,2026-01-13 13:17:45.383126,f
18117,마정리,4476038022,충청남도,2026-01-13 13:17:45.38816,2026-01-13 13:17:45.388162,f
18118,송암리,4476038023,충청남도,2026-01-13 13:17:45.39431,2026-01-13 13:17:45.394313,f
18119,대선리,4476038024,충청남도,2026-01-13 13:17:45.399565,2026-01-13 13:17:45.399568,f
18120,회동리,4476038025,충청남도,2026-01-13 13:17:45.406231,2026-01-13 13:17:45.406232,f
18121,내곡리,4476038026,충청남도,2026-01-13 13:17:45.410736,2026-01-13 13:17:45.410739,f
18122,신홍리,4476038027,충청남도,2026-01-13 13:17:45.414881,2026-01-13 13:17:45.414884,f
18123,금천리,4476038028,충청남도,2026-01-13 13:17:45.418537,2026-01-13 13:17:45.418539,f
18124,삼용리,4476038029,충청남도,2026-01-13 13:17:45.422407,2026-01-13 13:17:45.42241,f
18125,충화면,4476039000,충청남도,2026-01-13 13:17:45.428488,2026-01-13 13:17:45.42849,f
18126,천당리,4476039021,충청남도,2026-01-13 13:17:45.432566,2026-01-13 13:17:45.432568,f
18127,복금리,4476039022,충청남도,2026-01-13 13:17:45.437919,2026-01-13 13:17:45.437921,f
18128,오덕리,4476039023,충청남도,2026-01-13 13:17:45.444948,2026-01-13 13:17:45.44495,f
18129,현미리,4476039024,충청남도,2026-01-13 13:17:45.450313,2026-01-13 13:17:45.450315,f
18130,지석리,4476039025,충청남도,2026-01-13 13:17:45.454694,2026-01-13 13:17:45.454697,f
18131,가화리,4476039026,충청남도,2026-01-13 13:17:45.458587,2026-01-13 13:17:45.458589,f
18132,팔충리,4476039027,충청남도,2026-01-13 13:17:45.462414,2026-01-13 13:17:45.462417,f
18133,만지리,4476039028,충청남도,2026-01-13 13:17:45.467742,2026-01-13 13:17:45.467745,f
18134,청남리,4476039029,충청남도,2026-01-13 13:17:45.472075,2026-01-13 13:17:45.472079,f
18135,양화면,4476040000,충청남도,2026-01-13 13:17:45.476381,2026-01-13 13:17:45.476383,f
18136,송정리,4476040021,충청남도,2026-01-13 13:17:45.480866,2026-01-13 13:17:45.480869,f
18137,내성리,4476040022,충청남도,2026-01-13 13:17:45.485263,2026-01-13 13:17:45.485266,f
18138,입포리,4476040023,충청남도,2026-01-13 13:17:45.490035,2026-01-13 13:17:45.490037,f
18139,오량리,4476040024,충청남도,2026-01-13 13:17:45.494953,2026-01-13 13:17:45.494954,f
18140,원당리,4476040025,충청남도,2026-01-13 13:17:45.499149,2026-01-13 13:17:45.499151,f
18141,족교리,4476040026,충청남도,2026-01-13 13:17:45.503257,2026-01-13 13:17:45.503259,f
18142,상촌리,4476040027,충청남도,2026-01-13 13:17:45.507552,2026-01-13 13:17:45.507555,f
18143,암수리,4476040028,충청남도,2026-01-13 13:17:45.511953,2026-01-13 13:17:45.511956,f
18144,초왕리,4476040029,충청남도,2026-01-13 13:17:45.516097,2026-01-13 13:17:45.5161,f
18145,벽용리,4476040030,충청남도,2026-01-13 13:17:45.521653,2026-01-13 13:17:45.521656,f
18146,수원리,4476040031,충청남도,2026-01-13 13:17:45.526625,2026-01-13 13:17:45.526628,f
18147,시음리,4476040032,충청남도,2026-01-13 13:17:45.530789,2026-01-13 13:17:45.530791,f
18148,임천면,4476041000,충청남도,2026-01-13 13:17:45.534684,2026-01-13 13:17:45.534686,f
18149,군사리,4476041021,충청남도,2026-01-13 13:17:45.538826,2026-01-13 13:17:45.538828,f
18150,가신리,4476041022,충청남도,2026-01-13 13:17:45.542825,2026-01-13 13:17:45.542828,f
18151,구교리,4476041023,충청남도,2026-01-13 13:17:45.547053,2026-01-13 13:17:45.547056,f
18152,칠산리,4476041024,충청남도,2026-01-13 13:17:45.551234,2026-01-13 13:17:45.551237,f
18153,비정리,4476041025,충청남도,2026-01-13 13:17:45.556171,2026-01-13 13:17:45.556175,f
18154,발산리,4476041026,충청남도,2026-01-13 13:17:45.561369,2026-01-13 13:17:45.561371,f
18155,만사리,4476041027,충청남도,2026-01-13 13:17:45.56648,2026-01-13 13:17:45.566482,f
18156,점리,4476041028,충청남도,2026-01-13 13:17:45.570613,2026-01-13 13:17:45.570614,f
18157,두곡리,4476041029,충청남도,2026-01-13 13:17:45.574728,2026-01-13 13:17:45.574732,f
18158,탑산리,4476041030,충청남도,2026-01-13 13:17:45.579113,2026-01-13 13:17:45.579115,f
18159,사석리,4481037024,충청남도,2026-01-13 13:17:45.583389,2026-01-13 13:17:45.583391,f
18160,하평리,4481037025,충청남도,2026-01-13 13:17:45.588541,2026-01-13 13:17:45.588543,f
18161,옥곡리,4476041031,충청남도,2026-01-13 13:17:45.592715,2026-01-13 13:17:45.592717,f
18162,장암면,4476042000,충청남도,2026-01-13 13:17:45.596874,2026-01-13 13:17:45.596877,f
18163,점상리,4476042021,충청남도,2026-01-13 13:17:45.601796,2026-01-13 13:17:45.601799,f
18164,상황리,4476042022,충청남도,2026-01-13 13:17:45.606362,2026-01-13 13:17:45.606364,f
18165,하황리,4476042023,충청남도,2026-01-13 13:17:45.6106,2026-01-13 13:17:45.610602,f
18166,장하리,4476042024,충청남도,2026-01-13 13:17:45.614795,2026-01-13 13:17:45.614798,f
18167,정암리,4476042025,충청남도,2026-01-13 13:17:45.618924,2026-01-13 13:17:45.618927,f
18168,원문리,4476042026,충청남도,2026-01-13 13:17:45.622918,2026-01-13 13:17:45.622919,f
18169,석동리,4476042027,충청남도,2026-01-13 13:17:45.628139,2026-01-13 13:17:45.628141,f
18170,지토리,4476042028,충청남도,2026-01-13 13:17:45.632334,2026-01-13 13:17:45.632336,f
18171,합곡리,4476042029,충청남도,2026-01-13 13:17:45.636717,2026-01-13 13:17:45.63672,f
18172,북고리,4476042030,충청남도,2026-01-13 13:17:45.641102,2026-01-13 13:17:45.641107,f
18173,세도면,4476043000,충청남도,2026-01-13 13:17:45.645923,2026-01-13 13:17:45.645925,f
18174,귀덕리,4476043021,충청남도,2026-01-13 13:17:45.650213,2026-01-13 13:17:45.650216,f
18175,장산리,4476043022,충청남도,2026-01-13 13:17:45.654523,2026-01-13 13:17:45.654526,f
18176,가회리,4476043023,충청남도,2026-01-13 13:17:45.659736,2026-01-13 13:17:45.65974,f
18177,청송리,4476043024,충청남도,2026-01-13 13:17:45.664038,2026-01-13 13:17:45.66404,f
18178,동사리,4476043025,충청남도,2026-01-13 13:17:45.668896,2026-01-13 13:17:45.6689,f
18179,간대리,4476043026,충청남도,2026-01-13 13:17:45.672985,2026-01-13 13:17:45.672987,f
18180,수고리,4476043027,충청남도,2026-01-13 13:17:45.677333,2026-01-13 13:17:45.677334,f
18181,청포리,4476043028,충청남도,2026-01-13 13:17:45.682656,2026-01-13 13:17:45.682658,f
18182,반조원리,4476043029,충청남도,2026-01-13 13:17:45.688537,2026-01-13 13:17:45.68854,f
18183,화수리,4476043030,충청남도,2026-01-13 13:17:45.69309,2026-01-13 13:17:45.693092,f
18184,사산리,4476043031,충청남도,2026-01-13 13:17:45.697122,2026-01-13 13:17:45.697125,f
18185,석성면,4476044000,충청남도,2026-01-13 13:17:45.701241,2026-01-13 13:17:45.701244,f
18186,석성리,4476044021,충청남도,2026-01-13 13:17:45.706521,2026-01-13 13:17:45.706524,f
18187,봉정리,4476044022,충청남도,2026-01-13 13:17:45.710923,2026-01-13 13:17:45.710925,f
18188,비당리,4476044023,충청남도,2026-01-13 13:17:45.715335,2026-01-13 13:17:45.715338,f
18189,증산리,4476044024,충청남도,2026-01-13 13:17:45.719775,2026-01-13 13:17:45.719779,f
18190,정각리,4476044025,충청남도,2026-01-13 13:17:45.725309,2026-01-13 13:17:45.725312,f
18191,현내리,4476044026,충청남도,2026-01-13 13:17:45.729529,2026-01-13 13:17:45.729531,f
18192,초촌면,4476045000,충청남도,2026-01-13 13:17:45.738337,2026-01-13 13:17:45.738341,f
18193,신암리,4476045021,충청남도,2026-01-13 13:17:45.74615,2026-01-13 13:17:45.746158,f
18194,소사리,4476045022,충청남도,2026-01-13 13:17:45.753782,2026-01-13 13:17:45.753785,f
18195,산직리,4476045023,충청남도,2026-01-13 13:17:45.758069,2026-01-13 13:17:45.758071,f
18196,응평리,4476045024,충청남도,2026-01-13 13:17:45.762771,2026-01-13 13:17:45.762774,f
18197,연화리,4476045025,충청남도,2026-01-13 13:17:45.767961,2026-01-13 13:17:45.767963,f
18198,추양리,4476045026,충청남도,2026-01-13 13:17:45.776046,2026-01-13 13:17:45.776052,f
18199,송국리,4476045027,충청남도,2026-01-13 13:17:45.789408,2026-01-13 13:17:45.789413,f
18200,세탑리,4476045028,충청남도,2026-01-13 13:17:45.800142,2026-01-13 13:17:45.800146,f
18201,송정리,4476045029,충청남도,2026-01-13 13:17:45.807116,2026-01-13 13:17:45.80712,f
18202,진호리,4476045030,충청남도,2026-01-13 13:17:45.817715,2026-01-13 13:17:45.81772,f
18203,초평리,4476045031,충청남도,2026-01-13 13:17:45.826897,2026-01-13 13:17:45.826908,f
18204,서천군,4477000000,충청남도,2026-01-13 13:17:45.835525,2026-01-13 13:17:45.835532,f
18205,고도리,4481037021,충청남도,2026-01-13 13:17:45.843409,2026-01-13 13:17:45.843411,f
18206,구암리,4481037022,충청남도,2026-01-13 13:17:45.848544,2026-01-13 13:17:45.848546,f
18207,봉림리,4481037023,충청남도,2026-01-13 13:17:45.854,2026-01-13 13:17:45.854002,f
18208,장항읍,4477025000,충청남도,2026-01-13 13:17:45.857892,2026-01-13 13:17:45.857894,f
18209,창선1리,4477025021,충청남도,2026-01-13 13:17:45.861872,2026-01-13 13:17:45.861873,f
18210,창선2리,4477025022,충청남도,2026-01-13 13:17:45.866638,2026-01-13 13:17:45.866641,f
18211,성주리,4477025023,충청남도,2026-01-13 13:17:45.870786,2026-01-13 13:17:45.870788,f
18212,신창리,4477025024,충청남도,2026-01-13 13:17:45.875395,2026-01-13 13:17:45.875398,f
18213,장암리,4477025025,충청남도,2026-01-13 13:17:45.879273,2026-01-13 13:17:45.879275,f
18214,화천리,4477025026,충청남도,2026-01-13 13:17:45.884409,2026-01-13 13:17:45.884416,f
18215,송림리,4477025027,충청남도,2026-01-13 13:17:45.88878,2026-01-13 13:17:45.888782,f
18216,옥남리,4477025028,충청남도,2026-01-13 13:17:45.89293,2026-01-13 13:17:45.892931,f
18217,옥산리,4477025029,충청남도,2026-01-13 13:17:45.896867,2026-01-13 13:17:45.896869,f
18218,원수리,4477025030,충청남도,2026-01-13 13:17:45.900739,2026-01-13 13:17:45.900741,f
18219,서천읍,4477025300,충청남도,2026-01-13 13:17:45.905237,2026-01-13 13:17:45.90524,f
18220,군사리,4477025321,충청남도,2026-01-13 13:17:45.910591,2026-01-13 13:17:45.910595,f
18221,사곡리,4477025322,충청남도,2026-01-13 13:17:45.916704,2026-01-13 13:17:45.916708,f
18222,오석리,4477025323,충청남도,2026-01-13 13:17:45.923247,2026-01-13 13:17:45.923252,f
18223,화성리,4477025324,충청남도,2026-01-13 13:17:45.928237,2026-01-13 13:17:45.928239,f
18224,태월리,4477025325,충청남도,2026-01-13 13:17:45.932436,2026-01-13 13:17:45.932439,f
18225,둔덕리,4477025326,충청남도,2026-01-13 13:17:45.93673,2026-01-13 13:17:45.936732,f
18226,동산리,4477025327,충청남도,2026-01-13 13:17:45.94077,2026-01-13 13:17:45.940773,f
18227,삼산리,4477025328,충청남도,2026-01-13 13:17:45.945894,2026-01-13 13:17:45.945897,f
18228,신송리,4477025329,충청남도,2026-01-13 13:17:45.950368,2026-01-13 13:17:45.95037,f
18229,화금리,4477025330,충청남도,2026-01-13 13:17:45.954842,2026-01-13 13:17:45.954845,f
18230,구암리,4477025331,충청남도,2026-01-13 13:17:45.958791,2026-01-13 13:17:45.958793,f
18231,두왕리,4477025332,충청남도,2026-01-13 13:17:45.962899,2026-01-13 13:17:45.962902,f
18232,남산리,4477025333,충청남도,2026-01-13 13:17:45.968864,2026-01-13 13:17:45.968868,f
18233,마서면,4477031000,충청남도,2026-01-13 13:17:45.9733,2026-01-13 13:17:45.973302,f
18234,계동리,4477031021,충청남도,2026-01-13 13:17:45.977522,2026-01-13 13:17:45.977524,f
18235,봉남리,4477031022,충청남도,2026-01-13 13:17:45.981903,2026-01-13 13:17:45.981906,f
18236,옥산리,4477031023,충청남도,2026-01-13 13:17:45.987533,2026-01-13 13:17:45.987536,f
18237,한성리,4477031024,충청남도,2026-01-13 13:17:45.993749,2026-01-13 13:17:45.993752,f
18238,송석리,4477031025,충청남도,2026-01-13 13:17:45.999697,2026-01-13 13:17:45.9997,f
18239,죽산리,4477031026,충청남도,2026-01-13 13:17:46.004641,2026-01-13 13:17:46.004643,f
18240,월포리,4477031027,충청남도,2026-01-13 13:17:46.008688,2026-01-13 13:17:46.00869,f
18241,남전리,4477031028,충청남도,2026-01-13 13:17:46.012439,2026-01-13 13:17:46.01244,f
18242,옥북리,4477031029,충청남도,2026-01-13 13:17:46.016772,2026-01-13 13:17:46.016774,f
18243,덕암리,4477031030,충청남도,2026-01-13 13:17:46.02137,2026-01-13 13:17:46.021372,f
18244,송내리,4477031031,충청남도,2026-01-13 13:17:46.027036,2026-01-13 13:17:46.027039,f
18245,장선리,4477031032,충청남도,2026-01-13 13:17:46.031528,2026-01-13 13:17:46.03153,f
18246,도삼리,4477031033,충청남도,2026-01-13 13:17:46.035479,2026-01-13 13:17:46.035482,f
18247,신포리,4477031034,충청남도,2026-01-13 13:17:46.039274,2026-01-13 13:17:46.039275,f
18248,산내리,4477031035,충청남도,2026-01-13 13:17:46.043917,2026-01-13 13:17:46.04392,f
18249,당선리,4477031036,충청남도,2026-01-13 13:17:46.049335,2026-01-13 13:17:46.049338,f
18250,어리,4477031037,충청남도,2026-01-13 13:17:46.053867,2026-01-13 13:17:46.053869,f
18251,화양면,4477032000,충청남도,2026-01-13 13:17:46.057611,2026-01-13 13:17:46.057613,f
18252,옥포리,4477032021,충청남도,2026-01-13 13:17:46.06141,2026-01-13 13:17:46.061411,f
18253,보현리,4477032022,충청남도,2026-01-13 13:17:46.066655,2026-01-13 13:17:46.06666,f
18254,와초리,4477032023,충청남도,2026-01-13 13:17:46.070968,2026-01-13 13:17:46.07097,f
18255,완포리,4477032024,충청남도,2026-01-13 13:17:46.074782,2026-01-13 13:17:46.074785,f
18256,화촌리,4477032025,충청남도,2026-01-13 13:17:46.07897,2026-01-13 13:17:46.078972,f
18257,죽산리,4477032026,충청남도,2026-01-13 13:17:46.083649,2026-01-13 13:17:46.083651,f
18258,월산리,4477032027,충청남도,2026-01-13 13:17:46.088432,2026-01-13 13:17:46.088434,f
18259,남성리,4477032028,충청남도,2026-01-13 13:17:46.092818,2026-01-13 13:17:46.09282,f
18260,대등리,4477032029,충청남도,2026-01-13 13:17:46.096814,2026-01-13 13:17:46.096816,f
18261,활동리,4477032030,충청남도,2026-01-13 13:17:46.100953,2026-01-13 13:17:46.100955,f
18262,대하리,4477032031,충청남도,2026-01-13 13:17:46.106153,2026-01-13 13:17:46.106156,f
18263,기복리,4477032032,충청남도,2026-01-13 13:17:46.111031,2026-01-13 13:17:46.111034,f
18264,추동리,4477032033,충청남도,2026-01-13 13:17:46.11636,2026-01-13 13:17:46.116364,f
18265,금당리,4477032034,충청남도,2026-01-13 13:17:46.122928,2026-01-13 13:17:46.122934,f
18266,창외리,4477032035,충청남도,2026-01-13 13:17:46.130598,2026-01-13 13:17:46.130605,f
18267,고마리,4477032036,충청남도,2026-01-13 13:17:46.137206,2026-01-13 13:17:46.137208,f
18268,장상리,4477032037,충청남도,2026-01-13 13:17:46.143464,2026-01-13 13:17:46.14347,f
18269,낙상리,4481036035,충청남도,2026-01-13 13:17:46.15044,2026-01-13 13:17:46.150447,f
18270,대동리,4481036036,충청남도,2026-01-13 13:17:46.156894,2026-01-13 13:17:46.156897,f
18271,봉산면,4481037000,충청남도,2026-01-13 13:17:46.161273,2026-01-13 13:17:46.161276,f
18272,망월리,4477032038,충청남도,2026-01-13 13:17:46.16685,2026-01-13 13:17:46.166853,f
18273,봉명리,4477032039,충청남도,2026-01-13 13:17:46.172732,2026-01-13 13:17:46.172734,f
18274,기산면,4477033000,충청남도,2026-01-13 13:17:46.176966,2026-01-13 13:17:46.176968,f
18275,화산리,4477033021,충청남도,2026-01-13 13:17:46.180767,2026-01-13 13:17:46.180769,f
18276,신산리,4477033022,충청남도,2026-01-13 13:17:46.185212,2026-01-13 13:17:46.185215,f
18277,내동리,4477033023,충청남도,2026-01-13 13:17:46.190166,2026-01-13 13:17:46.190168,f
18278,두남리,4477033024,충청남도,2026-01-13 13:17:46.194417,2026-01-13 13:17:46.194419,f
18279,두북리,4477033025,충청남도,2026-01-13 13:17:46.200511,2026-01-13 13:17:46.200512,f
18280,원길리,4477033026,충청남도,2026-01-13 13:17:46.205385,2026-01-13 13:17:46.205387,f
18281,산정리,4477033027,충청남도,2026-01-13 13:17:46.20981,2026-01-13 13:17:46.209812,f
18282,막동리,4477033028,충청남도,2026-01-13 13:17:46.215988,2026-01-13 13:17:46.215994,f
18283,월기리,4477033029,충청남도,2026-01-13 13:17:46.221367,2026-01-13 13:17:46.221369,f
18284,가공리,4477033030,충청남도,2026-01-13 13:17:46.227101,2026-01-13 13:17:46.227105,f
18285,영모리,4477033031,충청남도,2026-01-13 13:17:46.231701,2026-01-13 13:17:46.231703,f
18286,광암리,4477033032,충청남도,2026-01-13 13:17:46.236013,2026-01-13 13:17:46.236016,f
18287,황사리,4477033033,충청남도,2026-01-13 13:17:46.240192,2026-01-13 13:17:46.240195,f
18288,한산면,4477034000,충청남도,2026-01-13 13:17:46.244969,2026-01-13 13:17:46.244977,f
18289,지현리,4477034021,충청남도,2026-01-13 13:17:46.249527,2026-01-13 13:17:46.24953,f
18290,동산리,4477034022,충청남도,2026-01-13 13:17:46.253587,2026-01-13 13:17:46.25359,f
18291,성외리,4477034023,충청남도,2026-01-13 13:17:46.257217,2026-01-13 13:17:46.257218,f
18292,호암리,4477034024,충청남도,2026-01-13 13:17:46.26093,2026-01-13 13:17:46.260933,f
18293,죽촌리,4477034025,충청남도,2026-01-13 13:17:46.26567,2026-01-13 13:17:46.265675,f
18294,종지리,4477034026,충청남도,2026-01-13 13:17:46.270147,2026-01-13 13:17:46.270149,f
18295,송곡리,4477034027,충청남도,2026-01-13 13:17:46.274143,2026-01-13 13:17:46.274145,f
18296,축동리,4477034028,충청남도,2026-01-13 13:17:46.278797,2026-01-13 13:17:46.278801,f
18297,송산리,4477034029,충청남도,2026-01-13 13:17:46.283204,2026-01-13 13:17:46.283206,f
18298,원산리,4477034030,충청남도,2026-01-13 13:17:46.287632,2026-01-13 13:17:46.287634,f
18299,여사리,4477034031,충청남도,2026-01-13 13:17:46.291558,2026-01-13 13:17:46.291561,f
18300,나교리,4477034032,충청남도,2026-01-13 13:17:46.295511,2026-01-13 13:17:46.295512,f
18301,동지리,4477034033,충청남도,2026-01-13 13:17:46.299692,2026-01-13 13:17:46.299694,f
18302,단상리,4477034034,충청남도,2026-01-13 13:17:46.304005,2026-01-13 13:17:46.304007,f
18303,단하리,4477034035,충청남도,2026-01-13 13:17:46.308866,2026-01-13 13:17:46.308869,f
18304,마양리,4477034036,충청남도,2026-01-13 13:17:46.312581,2026-01-13 13:17:46.312582,f
18305,온동리,4477034037,충청남도,2026-01-13 13:17:46.316958,2026-01-13 13:17:46.31696,f
18306,연봉리,4477034038,충청남도,2026-01-13 13:17:46.322977,2026-01-13 13:17:46.32298,f
18307,용산리,4477034039,충청남도,2026-01-13 13:17:46.327663,2026-01-13 13:17:46.327665,f
18308,신성리,4477034040,충청남도,2026-01-13 13:17:46.331806,2026-01-13 13:17:46.331808,f
18309,구동리,4477034041,충청남도,2026-01-13 13:17:46.335865,2026-01-13 13:17:46.335869,f
18310,마산면,4477035000,충청남도,2026-01-13 13:17:46.339867,2026-01-13 13:17:46.339869,f
18311,안당리,4477035021,충청남도,2026-01-13 13:17:46.344334,2026-01-13 13:17:46.344336,f
18312,소야리,4477035022,충청남도,2026-01-13 13:17:46.348866,2026-01-13 13:17:46.348868,f
18313,신장리,4477035023,충청남도,2026-01-13 13:17:46.35395,2026-01-13 13:17:46.353955,f
18314,지산리,4477035024,충청남도,2026-01-13 13:17:46.362067,2026-01-13 13:17:46.362074,f
18315,가양리,4477035025,충청남도,2026-01-13 13:17:46.368885,2026-01-13 13:17:46.36889,f
18316,요곡리,4477035026,충청남도,2026-01-13 13:17:46.374954,2026-01-13 13:17:46.374961,f
18317,관포리,4477035027,충청남도,2026-01-13 13:17:46.379891,2026-01-13 13:17:46.379893,f
18318,신봉리,4477035028,충청남도,2026-01-13 13:17:46.384542,2026-01-13 13:17:46.384545,f
18319,삼월리,4477035029,충청남도,2026-01-13 13:17:46.389986,2026-01-13 13:17:46.389989,f
18320,군간리,4477035030,충청남도,2026-01-13 13:17:46.394078,2026-01-13 13:17:46.394081,f
18321,시선리,4477035031,충청남도,2026-01-13 13:17:46.398867,2026-01-13 13:17:46.398869,f
18322,벽오리,4477035032,충청남도,2026-01-13 13:17:46.404722,2026-01-13 13:17:46.404725,f
18323,마명리,4477035033,충청남도,2026-01-13 13:17:46.409487,2026-01-13 13:17:46.40949,f
18324,이사리,4477035034,충청남도,2026-01-13 13:17:46.416614,2026-01-13 13:17:46.416617,f
18325,나궁리,4477035035,충청남도,2026-01-13 13:17:46.420986,2026-01-13 13:17:46.420988,f
18326,송림리,4477035036,충청남도,2026-01-13 13:17:46.428423,2026-01-13 13:17:46.428428,f
18327,시초면,4477036000,충청남도,2026-01-13 13:17:46.435295,2026-01-13 13:17:46.435298,f
18328,초현리,4477036021,충청남도,2026-01-13 13:17:46.439266,2026-01-13 13:17:46.439267,f
18329,선동리,4477036022,충청남도,2026-01-13 13:17:46.44496,2026-01-13 13:17:46.444963,f
18330,선암리,4477036023,충청남도,2026-01-13 13:17:46.450512,2026-01-13 13:17:46.450514,f
18331,신흥리,4477036024,충청남도,2026-01-13 13:17:46.455153,2026-01-13 13:17:46.455156,f
18332,용곡리,4477036025,충청남도,2026-01-13 13:17:46.46038,2026-01-13 13:17:46.460383,f
18333,신곡리,4477036026,충청남도,2026-01-13 13:17:46.465969,2026-01-13 13:17:46.465974,f
18334,태성리,4477036027,충청남도,2026-01-13 13:17:46.473602,2026-01-13 13:17:46.473604,f
18335,봉선리,4477036028,충청남도,2026-01-13 13:17:46.478384,2026-01-13 13:17:46.478388,f
18336,풍정리,4477036029,충청남도,2026-01-13 13:17:46.485875,2026-01-13 13:17:46.485879,f
18337,후암리,4477036030,충청남도,2026-01-13 13:17:46.493164,2026-01-13 13:17:46.493167,f
18338,문산면,4477037000,충청남도,2026-01-13 13:17:46.497573,2026-01-13 13:17:46.497576,f
18339,외라리,4481036032,충청남도,2026-01-13 13:17:46.501736,2026-01-13 13:17:46.501738,f
18340,내라리,4481036033,충청남도,2026-01-13 13:17:46.506562,2026-01-13 13:17:46.506564,f
18341,복당리,4481036034,충청남도,2026-01-13 13:17:46.511189,2026-01-13 13:17:46.511192,f
18342,신농리,4477037021,충청남도,2026-01-13 13:17:46.515921,2026-01-13 13:17:46.515924,f
18343,문장리,4477037022,충청남도,2026-01-13 13:17:46.521089,2026-01-13 13:17:46.521092,f
18344,북산리,4477037023,충청남도,2026-01-13 13:17:46.526144,2026-01-13 13:17:46.526147,f
18345,금복리,4477037024,충청남도,2026-01-13 13:17:46.530317,2026-01-13 13:17:46.530331,f
18346,수암리,4477037025,충청남도,2026-01-13 13:17:46.53486,2026-01-13 13:17:46.534862,f
18347,지원리,4477037026,충청남도,2026-01-13 13:17:46.539406,2026-01-13 13:17:46.539408,f
18348,구동리,4477037027,충청남도,2026-01-13 13:17:46.544189,2026-01-13 13:17:46.544191,f
18349,은곡리,4477037028,충청남도,2026-01-13 13:17:46.549892,2026-01-13 13:17:46.549895,f
18350,판교면,4477038000,충청남도,2026-01-13 13:17:46.553848,2026-01-13 13:17:46.55385,f
18351,판교리,4477038021,충청남도,2026-01-13 13:17:46.557897,2026-01-13 13:17:46.5579,f
18352,마대리,4477038022,충청남도,2026-01-13 13:17:46.562824,2026-01-13 13:17:46.562827,f
18353,심동리,4477038023,충청남도,2026-01-13 13:17:46.56748,2026-01-13 13:17:46.567481,f
18354,상좌리,4477038024,충청남도,2026-01-13 13:17:46.571455,2026-01-13 13:17:46.571456,f
18355,우라리,4477038025,충청남도,2026-01-13 13:17:46.575867,2026-01-13 13:17:46.575871,f
18356,문곡리,4477038026,충청남도,2026-01-13 13:17:46.579885,2026-01-13 13:17:46.579887,f
18357,후동리,4477038027,충청남도,2026-01-13 13:17:46.584405,2026-01-13 13:17:46.584407,f
18358,만덕리,4477038028,충청남도,2026-01-13 13:17:46.589367,2026-01-13 13:17:46.589368,f
18359,현암리,4477038029,충청남도,2026-01-13 13:17:46.59356,2026-01-13 13:17:46.593562,f
18360,저산리,4477038030,충청남도,2026-01-13 13:17:46.598925,2026-01-13 13:17:46.598929,f
18361,수성리,4477038031,충청남도,2026-01-13 13:17:46.606017,2026-01-13 13:17:46.60602,f
18362,복대리,4477038032,충청남도,2026-01-13 13:17:46.610208,2026-01-13 13:17:46.61021,f
18363,흥림리,4477038033,충청남도,2026-01-13 13:17:46.613958,2026-01-13 13:17:46.61396,f
18364,등고리,4477038034,충청남도,2026-01-13 13:17:46.618246,2026-01-13 13:17:46.618249,f
18365,금덕리,4477038035,충청남도,2026-01-13 13:17:46.622505,2026-01-13 13:17:46.622508,f
18366,종천면,4477039000,충청남도,2026-01-13 13:17:46.627806,2026-01-13 13:17:46.627808,f
18367,신검리,4477039021,충청남도,2026-01-13 13:17:46.632039,2026-01-13 13:17:46.632041,f
18368,랑평리,4477039022,충청남도,2026-01-13 13:17:46.635932,2026-01-13 13:17:46.635936,f
18369,종천리,4477039023,충청남도,2026-01-13 13:17:46.643754,2026-01-13 13:17:46.643759,f
18370,당정리,4477039024,충청남도,2026-01-13 13:17:46.648707,2026-01-13 13:17:46.648709,f
18371,장구리,4477039025,충청남도,2026-01-13 13:17:46.653066,2026-01-13 13:17:46.65307,f
18372,화산리,4477039026,충청남도,2026-01-13 13:17:46.657519,2026-01-13 13:17:46.657521,f
18373,산천리,4477039027,충청남도,2026-01-13 13:17:46.661861,2026-01-13 13:17:46.661864,f
18374,도만리,4477039028,충청남도,2026-01-13 13:17:46.66667,2026-01-13 13:17:46.666672,f
18375,석촌리,4477039029,충청남도,2026-01-13 13:17:46.67104,2026-01-13 13:17:46.671043,f
18376,지석리,4477039030,충청남도,2026-01-13 13:17:46.674963,2026-01-13 13:17:46.674966,f
18377,비인면,4477040000,충청남도,2026-01-13 13:17:46.679595,2026-01-13 13:17:46.679597,f
18378,성내리,4477040021,충청남도,2026-01-13 13:17:46.684225,2026-01-13 13:17:46.684227,f
18379,성북리,4477040022,충청남도,2026-01-13 13:17:46.689003,2026-01-13 13:17:46.689005,f
18380,선도리,4477040023,충청남도,2026-01-13 13:17:46.693331,2026-01-13 13:17:46.693333,f
18381,칠지리,4477040024,충청남도,2026-01-13 13:17:46.697378,2026-01-13 13:17:46.697381,f
18382,구복리,4477040025,충청남도,2026-01-13 13:17:46.702491,2026-01-13 13:17:46.702494,f
18383,남당리,4477040026,충청남도,2026-01-13 13:17:46.707707,2026-01-13 13:17:46.707711,f
18384,율리,4477040027,충청남도,2026-01-13 13:17:46.712115,2026-01-13 13:17:46.712117,f
18385,성산리,4477040028,충청남도,2026-01-13 13:17:46.716247,2026-01-13 13:17:46.716249,f
18386,관리,4477040029,충청남도,2026-01-13 13:17:46.720744,2026-01-13 13:17:46.720746,f
18387,다사리,4477040030,충청남도,2026-01-13 13:17:46.726723,2026-01-13 13:17:46.726726,f
18388,장포리,4477040031,충청남도,2026-01-13 13:17:46.73093,2026-01-13 13:17:46.730933,f
18389,서면,4477041000,충청남도,2026-01-13 13:17:46.735275,2026-01-13 13:17:46.735277,f
18390,개야리,4477041021,충청남도,2026-01-13 13:17:46.739365,2026-01-13 13:17:46.739367,f
18391,마량리,4477041022,충청남도,2026-01-13 13:17:46.743635,2026-01-13 13:17:46.743637,f
18392,월리,4477041023,충청남도,2026-01-13 13:17:46.749376,2026-01-13 13:17:46.749378,f
18393,부사리,4477041024,충청남도,2026-01-13 13:17:46.753682,2026-01-13 13:17:46.753684,f
18394,원두리,4477041025,충청남도,2026-01-13 13:17:46.758253,2026-01-13 13:17:46.758256,f
18395,신합리,4477041026,충청남도,2026-01-13 13:17:46.762599,2026-01-13 13:17:46.762602,f
18396,월호리,4477041027,충청남도,2026-01-13 13:17:46.768354,2026-01-13 13:17:46.768358,f
18397,도둔리,4477041028,충청남도,2026-01-13 13:17:46.772877,2026-01-13 13:17:46.772879,f
18398,주항리,4477041029,충청남도,2026-01-13 13:17:46.777033,2026-01-13 13:17:46.777035,f
18399,대치리,4481036029,충청남도,2026-01-13 13:17:46.780991,2026-01-13 13:17:46.780992,f
18400,광천리,4481036030,충청남도,2026-01-13 13:17:46.784838,2026-01-13 13:17:46.78484,f
18401,사천리,4481036031,충청남도,2026-01-13 13:17:46.789737,2026-01-13 13:17:46.789739,f
18402,시량리,4481036027,충청남도,2026-01-13 13:17:46.793793,2026-01-13 13:17:46.793795,f
18403,둔리,4481036028,충청남도,2026-01-13 13:17:46.798082,2026-01-13 13:17:46.798084,f
18404,청양군,4479000000,충청남도,2026-01-13 13:17:46.801981,2026-01-13 13:17:46.801984,f
18405,청양읍,4479025000,충청남도,2026-01-13 13:17:46.806958,2026-01-13 13:17:46.806961,f
18406,읍내리,4479025021,충청남도,2026-01-13 13:17:46.811872,2026-01-13 13:17:46.811875,f
18407,백천리,4479025022,충청남도,2026-01-13 13:17:46.816233,2026-01-13 13:17:46.816236,f
18408,교월리,4479025023,충청남도,2026-01-13 13:17:46.821861,2026-01-13 13:17:46.821864,f
18409,벽천리,4479025024,충청남도,2026-01-13 13:17:46.827254,2026-01-13 13:17:46.827258,f
18410,적누리,4479025025,충청남도,2026-01-13 13:17:46.83244,2026-01-13 13:17:46.832443,f
18411,정좌리,4479025026,충청남도,2026-01-13 13:17:46.83724,2026-01-13 13:17:46.837246,f
18412,군량리,4479025027,충청남도,2026-01-13 13:17:46.843999,2026-01-13 13:17:46.844003,f
18413,장승리,4479025028,충청남도,2026-01-13 13:17:46.849746,2026-01-13 13:17:46.849748,f
18414,송방리,4479025029,충청남도,2026-01-13 13:17:46.856743,2026-01-13 13:17:46.856745,f
18415,청수리,4479025030,충청남도,2026-01-13 13:17:46.861263,2026-01-13 13:17:46.861264,f
18416,학당리,4479025031,충청남도,2026-01-13 13:17:46.865114,2026-01-13 13:17:46.865116,f
18417,운곡면,4479031000,충청남도,2026-01-13 13:17:46.869752,2026-01-13 13:17:46.869755,f
18418,위라리,4479031021,충청남도,2026-01-13 13:17:46.873864,2026-01-13 13:17:46.873868,f
18419,효제리,4479031022,충청남도,2026-01-13 13:17:46.878469,2026-01-13 13:17:46.878471,f
18420,후덕리,4479031023,충청남도,2026-01-13 13:17:46.884007,2026-01-13 13:17:46.884009,f
18421,모곡리,4479031024,충청남도,2026-01-13 13:17:46.888517,2026-01-13 13:17:46.888519,f
18422,신대리,4479031025,충청남도,2026-01-13 13:17:46.892401,2026-01-13 13:17:46.892405,f
18423,영양리,4479031026,충청남도,2026-01-13 13:17:46.896141,2026-01-13 13:17:46.896143,f
18424,미량리,4479031027,충청남도,2026-01-13 13:17:46.90009,2026-01-13 13:17:46.900093,f
18425,광암리,4479031028,충청남도,2026-01-13 13:17:46.904719,2026-01-13 13:17:46.904722,f
18426,추광리,4479031029,충청남도,2026-01-13 13:17:46.909249,2026-01-13 13:17:46.909251,f
18427,대치면,4479032000,충청남도,2026-01-13 13:17:46.912901,2026-01-13 13:17:46.912904,f
18428,주정리,4479032021,충청남도,2026-01-13 13:17:46.917299,2026-01-13 13:17:46.917301,f
18429,탄정리,4479032022,충청남도,2026-01-13 13:17:46.921893,2026-01-13 13:17:46.921896,f
18430,광금리,4479032023,충청남도,2026-01-13 13:17:46.926563,2026-01-13 13:17:46.926565,f
18431,구치리,4479032024,충청남도,2026-01-13 13:17:46.930302,2026-01-13 13:17:46.930304,f
18432,장곡리,4479032025,충청남도,2026-01-13 13:17:46.933905,2026-01-13 13:17:46.933908,f
18433,개곡리,4479032026,충청남도,2026-01-13 13:17:46.938028,2026-01-13 13:17:46.938031,f
18434,작천리,4479032027,충청남도,2026-01-13 13:17:46.942535,2026-01-13 13:17:46.942538,f
18435,광대리,4479032028,충청남도,2026-01-13 13:17:46.947463,2026-01-13 13:17:46.947465,f
18436,대치리,4479032029,충청남도,2026-01-13 13:17:46.951557,2026-01-13 13:17:46.951559,f
18437,오룡리,4479032030,충청남도,2026-01-13 13:17:46.955277,2026-01-13 13:17:46.955279,f
18438,형산리,4479032031,충청남도,2026-01-13 13:17:46.960993,2026-01-13 13:17:46.960998,f
18439,이화리,4479032032,충청남도,2026-01-13 13:17:46.966959,2026-01-13 13:17:46.966961,f
18440,시전리,4479032033,충청남도,2026-01-13 13:17:46.970969,2026-01-13 13:17:46.970971,f
18441,상갑리,4479032034,충청남도,2026-01-13 13:17:46.975179,2026-01-13 13:17:46.975182,f
18442,농소리,4479032035,충청남도,2026-01-13 13:17:46.980006,2026-01-13 13:17:46.980009,f
18443,수석리,4479032036,충청남도,2026-01-13 13:17:46.993803,2026-01-13 13:17:46.993812,f
18444,정산면,4479033000,충청남도,2026-01-13 13:17:47.011551,2026-01-13 13:17:47.011557,f
18445,서정리,4479033021,충청남도,2026-01-13 13:17:47.021817,2026-01-13 13:17:47.021823,f
18446,역촌리,4479033022,충청남도,2026-01-13 13:17:47.029449,2026-01-13 13:17:47.029451,f
18447,백곡리,4479033023,충청남도,2026-01-13 13:17:47.036137,2026-01-13 13:17:47.036147,f
18448,해남리,4479033024,충청남도,2026-01-13 13:17:47.042518,2026-01-13 13:17:47.042522,f
18449,남천리,4479033025,충청남도,2026-01-13 13:17:47.046751,2026-01-13 13:17:47.046754,f
18450,송학리,4479033026,충청남도,2026-01-13 13:17:47.050747,2026-01-13 13:17:47.050749,f
18451,대박리,4479033027,충청남도,2026-01-13 13:17:47.054772,2026-01-13 13:17:47.054774,f
18452,용두리,4479033028,충청남도,2026-01-13 13:17:47.059731,2026-01-13 13:17:47.059734,f
18453,마치리,4479033029,충청남도,2026-01-13 13:17:47.064704,2026-01-13 13:17:47.064706,f
18454,천장리,4479033030,충청남도,2026-01-13 13:17:47.068652,2026-01-13 13:17:47.068654,f
18455,내초리,4479033031,충청남도,2026-01-13 13:17:47.072979,2026-01-13 13:17:47.072981,f
18456,신덕리,4479033032,충청남도,2026-01-13 13:17:47.077431,2026-01-13 13:17:47.077433,f
18457,와촌리,4479033033,충청남도,2026-01-13 13:17:47.081478,2026-01-13 13:17:47.08148,f
18458,학암리,4479033034,충청남도,2026-01-13 13:17:47.085849,2026-01-13 13:17:47.085853,f
18459,덕성리,4479033035,충청남도,2026-01-13 13:17:47.09011,2026-01-13 13:17:47.090112,f
18460,광생리,4479033036,충청남도,2026-01-13 13:17:47.094165,2026-01-13 13:17:47.094167,f
18461,목면,4479034000,충청남도,2026-01-13 13:17:47.098145,2026-01-13 13:17:47.098147,f
18462,지곡리,4479034021,충청남도,2026-01-13 13:17:47.101647,2026-01-13 13:17:47.101649,f
18463,화양리,4479034022,충청남도,2026-01-13 13:17:47.105827,2026-01-13 13:17:47.105829,f
18464,신흥리,4479034023,충청남도,2026-01-13 13:17:47.111541,2026-01-13 13:17:47.111543,f
18465,안심리,4479034024,충청남도,2026-01-13 13:17:47.115764,2026-01-13 13:17:47.115766,f
18466,송암리,4479034025,충청남도,2026-01-13 13:17:47.119814,2026-01-13 13:17:47.119816,f
18467,본의리,4479034026,충청남도,2026-01-13 13:17:47.123883,2026-01-13 13:17:47.123885,f
18468,대평리,4479034027,충청남도,2026-01-13 13:17:47.128251,2026-01-13 13:17:47.128253,f
18469,청남면,4479035000,충청남도,2026-01-13 13:17:47.133879,2026-01-13 13:17:47.133882,f
18470,청소리,4479035021,충청남도,2026-01-13 13:17:47.138243,2026-01-13 13:17:47.138246,f
18471,지곡리,4479035022,충청남도,2026-01-13 13:17:47.142221,2026-01-13 13:17:47.142223,f
18472,내직리,4479035023,충청남도,2026-01-13 13:17:47.145854,2026-01-13 13:17:47.145856,f
18473,천내리,4479035024,충청남도,2026-01-13 13:17:47.150289,2026-01-13 13:17:47.150291,f
18474,동강리,4479035025,충청남도,2026-01-13 13:17:47.154508,2026-01-13 13:17:47.154511,f
18475,중산리,4479035026,충청남도,2026-01-13 13:17:47.158217,2026-01-13 13:17:47.15822,f
18476,왕진리,4479035027,충청남도,2026-01-13 13:17:47.162372,2026-01-13 13:17:47.162375,f
18477,인양리,4479035028,충청남도,2026-01-13 13:17:47.167025,2026-01-13 13:17:47.167027,f
18478,대흥리,4479035029,충청남도,2026-01-13 13:17:47.171514,2026-01-13 13:17:47.171518,f
18479,아산리,4479035030,충청남도,2026-01-13 13:17:47.176404,2026-01-13 13:17:47.176405,f
18480,상장리,4479035031,충청남도,2026-01-13 13:17:47.18024,2026-01-13 13:17:47.180242,f
18481,장평면,4479036000,충청남도,2026-01-13 13:17:47.18395,2026-01-13 13:17:47.183951,f
18482,중추리,4479036021,충청남도,2026-01-13 13:17:47.188273,2026-01-13 13:17:47.188277,f
18483,은곡리,4479036022,충청남도,2026-01-13 13:17:47.192853,2026-01-13 13:17:47.192855,f
18484,미당리,4479036023,충청남도,2026-01-13 13:17:47.197798,2026-01-13 13:17:47.197802,f
18485,적곡리,4479036024,충청남도,2026-01-13 13:17:47.202428,2026-01-13 13:17:47.202432,f
18486,락지리,4479036025,충청남도,2026-01-13 13:17:47.206768,2026-01-13 13:17:47.206769,f
18487,지천리,4479036026,충청남도,2026-01-13 13:17:47.211083,2026-01-13 13:17:47.211086,f
18488,죽림리,4479036027,충청남도,2026-01-13 13:17:47.215168,2026-01-13 13:17:47.21517,f
18489,화산리,4479036028,충청남도,2026-01-13 13:17:47.218771,2026-01-13 13:17:47.218774,f
18490,구룡리,4479036029,충청남도,2026-01-13 13:17:47.222914,2026-01-13 13:17:47.222916,f
18491,관현리,4479036030,충청남도,2026-01-13 13:17:47.226852,2026-01-13 13:17:47.226853,f
18492,분향리,4479036031,충청남도,2026-01-13 13:17:47.231463,2026-01-13 13:17:47.231466,f
18493,남양면,4479037000,충청남도,2026-01-13 13:17:47.235251,2026-01-13 13:17:47.235253,f
18494,구룡리,4479037021,충청남도,2026-01-13 13:17:47.239491,2026-01-13 13:17:47.239494,f
18495,신왕리,4479037022,충청남도,2026-01-13 13:17:47.243961,2026-01-13 13:17:47.243966,f
18496,백금리,4479037023,충청남도,2026-01-13 13:17:47.249391,2026-01-13 13:17:47.249394,f
18497,용마리,4479037024,충청남도,2026-01-13 13:17:47.254692,2026-01-13 13:17:47.254694,f
18498,대봉리,4479037025,충청남도,2026-01-13 13:17:47.258908,2026-01-13 13:17:47.258912,f
18499,흥산리,4479037026,충청남도,2026-01-13 13:17:47.262739,2026-01-13 13:17:47.262741,f
18500,매곡리,4479037027,충청남도,2026-01-13 13:17:47.267217,2026-01-13 13:17:47.267219,f
18501,온암리,4479037028,충청남도,2026-01-13 13:17:47.272292,2026-01-13 13:17:47.272294,f
18502,온직리,4479037029,충청남도,2026-01-13 13:17:47.277082,2026-01-13 13:17:47.277084,f
18503,용두리,4479037030,충청남도,2026-01-13 13:17:47.283704,2026-01-13 13:17:47.283708,f
18504,금정리,4479037031,충청남도,2026-01-13 13:17:47.290411,2026-01-13 13:17:47.290414,f
18505,봉암리,4479037032,충청남도,2026-01-13 13:17:47.295525,2026-01-13 13:17:47.295528,f
18506,화성면,4479038000,충청남도,2026-01-13 13:17:47.299869,2026-01-13 13:17:47.299871,f
18507,산정리,4479038021,충청남도,2026-01-13 13:17:47.304208,2026-01-13 13:17:47.30421,f
18508,장계리,4479038022,충청남도,2026-01-13 13:17:47.309472,2026-01-13 13:17:47.309479,f
18509,화강리,4479038023,충청남도,2026-01-13 13:17:47.315648,2026-01-13 13:17:47.31565,f
18510,농암리,4479038024,충청남도,2026-01-13 13:17:47.320259,2026-01-13 13:17:47.320262,f
18511,화암리,4479038025,충청남도,2026-01-13 13:17:47.326372,2026-01-13 13:17:47.326374,f
18512,기덕리,4479038026,충청남도,2026-01-13 13:17:47.330971,2026-01-13 13:17:47.330973,f
18513,수정리,4479038027,충청남도,2026-01-13 13:17:47.334916,2026-01-13 13:17:47.334918,f
18514,용당리,4479038028,충청남도,2026-01-13 13:17:47.338965,2026-01-13 13:17:47.338967,f
18515,신정리,4479038029,충청남도,2026-01-13 13:17:47.343067,2026-01-13 13:17:47.343071,f
18516,광평리,4479038030,충청남도,2026-01-13 13:17:47.347469,2026-01-13 13:17:47.347473,f
18517,매산리,4479038031,충청남도,2026-01-13 13:17:47.352567,2026-01-13 13:17:47.352572,f
18518,구재리,4479038032,충청남도,2026-01-13 13:17:47.356945,2026-01-13 13:17:47.356946,f
18519,비봉면,4479039000,충청남도,2026-01-13 13:17:47.361029,2026-01-13 13:17:47.361032,f
18520,록평리,4479039021,충청남도,2026-01-13 13:17:47.365286,2026-01-13 13:17:47.365288,f
18521,신원리,4479039022,충청남도,2026-01-13 13:17:47.371852,2026-01-13 13:17:47.371857,f
18522,중묵리,4479039023,충청남도,2026-01-13 13:17:47.377029,2026-01-13 13:17:47.377031,f
18523,사점리,4479039024,충청남도,2026-01-13 13:17:47.381221,2026-01-13 13:17:47.381223,f
18524,관산리,4479039025,충청남도,2026-01-13 13:17:47.385523,2026-01-13 13:17:47.385525,f
18525,장재리,4479039026,충청남도,2026-01-13 13:17:47.390317,2026-01-13 13:17:47.390331,f
18526,강정리,4479039027,충청남도,2026-01-13 13:17:47.395142,2026-01-13 13:17:47.395143,f
18527,양사리,4479039028,충청남도,2026-01-13 13:17:47.399272,2026-01-13 13:17:47.399274,f
18528,용천리,4479039029,충청남도,2026-01-13 13:17:47.40354,2026-01-13 13:17:47.403543,f
18529,방한리,4479039030,충청남도,2026-01-13 13:17:47.408317,2026-01-13 13:17:47.408358,f
18530,홍성군,4480000000,충청남도,2026-01-13 13:17:47.412926,2026-01-13 13:17:47.412929,f
18531,홍성읍,4480025000,충청남도,2026-01-13 13:17:47.417602,2026-01-13 13:17:47.417604,f
18532,오관리,4480025021,충청남도,2026-01-13 13:17:47.422037,2026-01-13 13:17:47.42204,f
18533,대교리,4480025022,충청남도,2026-01-13 13:17:47.426506,2026-01-13 13:17:47.426509,f
18534,소향리,4480025023,충청남도,2026-01-13 13:17:47.431742,2026-01-13 13:17:47.431745,f
18535,월산리,4480025024,충청남도,2026-01-13 13:17:47.436108,2026-01-13 13:17:47.436113,f
18536,옥암리,4480025025,충청남도,2026-01-13 13:17:47.440838,2026-01-13 13:17:47.440841,f
18537,남장리,4480025026,충청남도,2026-01-13 13:17:47.446125,2026-01-13 13:17:47.446127,f
18538,학계리,4480025027,충청남도,2026-01-13 13:17:47.451047,2026-01-13 13:17:47.451049,f
18539,신성리,4480025028,충청남도,2026-01-13 13:17:47.456202,2026-01-13 13:17:47.456204,f
18540,송월리,4480025029,충청남도,2026-01-13 13:17:47.460578,2026-01-13 13:17:47.46058,f
18541,고암리,4480025030,충청남도,2026-01-13 13:17:47.4649,2026-01-13 13:17:47.464902,f
18542,내법리,4480025031,충청남도,2026-01-13 13:17:47.470132,2026-01-13 13:17:47.470139,f
18543,구룡리,4480025032,충청남도,2026-01-13 13:17:47.474858,2026-01-13 13:17:47.474861,f
18544,광천읍,4480025300,충청남도,2026-01-13 13:17:47.478832,2026-01-13 13:17:47.478835,f
18545,신진리,4480025321,충청남도,2026-01-13 13:17:47.483382,2026-01-13 13:17:47.483384,f
18546,광천리,4480025322,충청남도,2026-01-13 13:17:47.489248,2026-01-13 13:17:47.489251,f
18547,담산리,4480025323,충청남도,2026-01-13 13:17:47.495226,2026-01-13 13:17:47.495228,f
18548,가정리,4480025324,충청남도,2026-01-13 13:17:47.500425,2026-01-13 13:17:47.500428,f
18549,내죽리,4480025325,충청남도,2026-01-13 13:17:47.50477,2026-01-13 13:17:47.504772,f
18550,소암리,4480025326,충청남도,2026-01-13 13:17:47.509623,2026-01-13 13:17:47.509625,f
18551,매현리,4480025327,충청남도,2026-01-13 13:17:47.513554,2026-01-13 13:17:47.513556,f
18552,벽계리,4480025328,충청남도,2026-01-13 13:17:47.518002,2026-01-13 13:17:47.518004,f
18553,상정리,4480025329,충청남도,2026-01-13 13:17:47.522593,2026-01-13 13:17:47.522597,f
18554,옹암리,4480025330,충청남도,2026-01-13 13:17:47.527481,2026-01-13 13:17:47.527483,f
18555,운용리,4480025331,충청남도,2026-01-13 13:17:47.532821,2026-01-13 13:17:47.532823,f
18556,대평리,4480025332,충청남도,2026-01-13 13:17:47.537288,2026-01-13 13:17:47.537291,f
18557,월림리,4480025333,충청남도,2026-01-13 13:17:47.541251,2026-01-13 13:17:47.541253,f
18558,홍북읍,4480025600,충청남도,2026-01-13 13:17:47.54577,2026-01-13 13:17:47.545773,f
18559,중계리,4480025621,충청남도,2026-01-13 13:17:47.552049,2026-01-13 13:17:47.552053,f
18560,상하리,4480025622,충청남도,2026-01-13 13:17:47.557471,2026-01-13 13:17:47.557474,f
18561,봉신리,4480025623,충청남도,2026-01-13 13:17:47.563167,2026-01-13 13:17:47.563173,f
18562,내덕리,4480025624,충청남도,2026-01-13 13:17:47.569613,2026-01-13 13:17:47.569616,f
18563,신경리,4480025625,충청남도,2026-01-13 13:17:47.576048,2026-01-13 13:17:47.576051,f
18564,대동리,4480025626,충청남도,2026-01-13 13:17:47.581261,2026-01-13 13:17:47.581265,f
18565,석택리,4480025627,충청남도,2026-01-13 13:17:47.586511,2026-01-13 13:17:47.586514,f
18566,용산리,4480025628,충청남도,2026-01-13 13:17:47.591131,2026-01-13 13:17:47.591133,f
18567,갈산리,4480025629,충청남도,2026-01-13 13:17:47.595922,2026-01-13 13:17:47.595925,f
18568,신정리,4480025630,충청남도,2026-01-13 13:17:47.600165,2026-01-13 13:17:47.600168,f
18569,산수리,4480025631,충청남도,2026-01-13 13:17:47.606267,2026-01-13 13:17:47.606271,f
18570,노은리,4480025632,충청남도,2026-01-13 13:17:47.610801,2026-01-13 13:17:47.610804,f
18571,대인리,4480025633,충청남도,2026-01-13 13:17:47.614748,2026-01-13 13:17:47.614752,f
18572,금마면,4480032000,충청남도,2026-01-13 13:17:47.619411,2026-01-13 13:17:47.619413,f
18573,월암리,4480032021,충청남도,2026-01-13 13:17:47.623538,2026-01-13 13:17:47.62354,f
18574,봉서리,4480032022,충청남도,2026-01-13 13:17:47.629535,2026-01-13 13:17:47.629541,f
18575,인산리,4480032023,충청남도,2026-01-13 13:17:47.634812,2026-01-13 13:17:47.634814,f
18576,가산리,4480032024,충청남도,2026-01-13 13:17:47.640929,2026-01-13 13:17:47.640931,f
18577,부평리,4480032025,충청남도,2026-01-13 13:17:47.645391,2026-01-13 13:17:47.645392,f
18578,덕정리,4480032026,충청남도,2026-01-13 13:17:47.65139,2026-01-13 13:17:47.651392,f
18579,용흥리,4480032027,충청남도,2026-01-13 13:17:47.660156,2026-01-13 13:17:47.660162,f
18580,송암리,4480032028,충청남도,2026-01-13 13:17:47.668974,2026-01-13 13:17:47.668977,f
18581,장성리,4480032029,충청남도,2026-01-13 13:17:47.677747,2026-01-13 13:17:47.677749,f
18582,신곡리,4480032030,충청남도,2026-01-13 13:17:47.683931,2026-01-13 13:17:47.683933,f
18583,죽림리,4480032031,충청남도,2026-01-13 13:17:47.688644,2026-01-13 13:17:47.688646,f
18584,화양리,4480032032,충청남도,2026-01-13 13:17:47.695049,2026-01-13 13:17:47.695055,f
18585,송강리,4480032033,충청남도,2026-01-13 13:17:47.701043,2026-01-13 13:17:47.701046,f
18586,홍동면,4480033000,충청남도,2026-01-13 13:17:47.70662,2026-01-13 13:17:47.706623,f
18587,운월리,4480033021,충청남도,2026-01-13 13:17:47.711371,2026-01-13 13:17:47.711373,f
18588,월현리,4480033022,충청남도,2026-01-13 13:17:47.716879,2026-01-13 13:17:47.716881,f
18589,원천리,4480033023,충청남도,2026-01-13 13:17:47.72154,2026-01-13 13:17:47.721543,f
18590,홍원리,4480033024,충청남도,2026-01-13 13:17:47.72739,2026-01-13 13:17:47.727394,f
18591,화신리,4480033025,충청남도,2026-01-13 13:17:47.732784,2026-01-13 13:17:47.732786,f
18592,문당리,4480033026,충청남도,2026-01-13 13:17:47.737141,2026-01-13 13:17:47.737144,f
18593,금평리,4480033027,충청남도,2026-01-13 13:17:47.742041,2026-01-13 13:17:47.742045,f
18594,구정리,4480033028,충청남도,2026-01-13 13:17:47.746127,2026-01-13 13:17:47.746129,f
18595,신기리,4480033029,충청남도,2026-01-13 13:17:47.751542,2026-01-13 13:17:47.751545,f
18596,수란리,4480033030,충청남도,2026-01-13 13:17:47.755896,2026-01-13 13:17:47.755898,f
18597,금당리,4480033031,충청남도,2026-01-13 13:17:47.761385,2026-01-13 13:17:47.761388,f
18598,효학리,4480033032,충청남도,2026-01-13 13:17:47.766196,2026-01-13 13:17:47.766199,f
18599,대영리,4480033033,충청남도,2026-01-13 13:17:47.772511,2026-01-13 13:17:47.772516,f
18600,팔괘리,4480033034,충청남도,2026-01-13 13:17:47.777679,2026-01-13 13:17:47.777681,f
18601,장곡면,4480034000,충청남도,2026-01-13 13:17:47.783658,2026-01-13 13:17:47.78366,f
18602,도산리,4480034021,충청남도,2026-01-13 13:17:47.788117,2026-01-13 13:17:47.788119,f
18603,신풍리,4480034022,충청남도,2026-01-13 13:17:47.793883,2026-01-13 13:17:47.79389,f
18604,화계리,4480034023,충청남도,2026-01-13 13:17:47.801834,2026-01-13 13:17:47.801838,f
18605,광성리,4480034024,충청남도,2026-01-13 13:17:47.807291,2026-01-13 13:17:47.807294,f
18606,오성리,4480034025,충청남도,2026-01-13 13:17:47.812054,2026-01-13 13:17:47.812056,f
18607,죽전리,4480034026,충청남도,2026-01-13 13:17:47.816614,2026-01-13 13:17:47.816618,f
18608,가송리,4480034027,충청남도,2026-01-13 13:17:47.821044,2026-01-13 13:17:47.821046,f
18609,신동리,4480034028,충청남도,2026-01-13 13:17:47.825184,2026-01-13 13:17:47.825187,f
18610,지정리,4480034029,충청남도,2026-01-13 13:17:47.831642,2026-01-13 13:17:47.831644,f
18611,월계리,4480034030,충청남도,2026-01-13 13:17:47.840137,2026-01-13 13:17:47.840139,f
18612,행정리,4480034031,충청남도,2026-01-13 13:17:47.846873,2026-01-13 13:17:47.846875,f
18613,천태리,4480034032,충청남도,2026-01-13 13:17:47.852875,2026-01-13 13:17:47.852877,f
18614,산성리,4480034033,충청남도,2026-01-13 13:17:47.857315,2026-01-13 13:17:47.857317,f
18615,옥계리,4480034034,충청남도,2026-01-13 13:17:47.861264,2026-01-13 13:17:47.861265,f
18616,대현리,4480034035,충청남도,2026-01-13 13:17:47.865084,2026-01-13 13:17:47.865087,f
18617,상송리,4480034036,충청남도,2026-01-13 13:17:47.872606,2026-01-13 13:17:47.872613,f
18618,은하면,4480035000,충청남도,2026-01-13 13:17:47.8772,2026-01-13 13:17:47.877202,f
18619,대천리,4480035021,충청남도,2026-01-13 13:17:47.882152,2026-01-13 13:17:47.882157,f
18620,유송리,4480035022,충청남도,2026-01-13 13:17:47.887832,2026-01-13 13:17:47.887837,f
18621,장곡리,4480035023,충청남도,2026-01-13 13:17:47.893714,2026-01-13 13:17:47.893716,f
18622,대율리,4480035024,충청남도,2026-01-13 13:17:47.89812,2026-01-13 13:17:47.898122,f
18623,금국리,4480035025,충청남도,2026-01-13 13:17:47.902567,2026-01-13 13:17:47.90257,f
18624,학산리,4480035026,충청남도,2026-01-13 13:17:47.906802,2026-01-13 13:17:47.906804,f
18625,목현리,4480035027,충청남도,2026-01-13 13:17:47.911521,2026-01-13 13:17:47.911523,f
18626,대판리,4480035028,충청남도,2026-01-13 13:17:47.91669,2026-01-13 13:17:47.916692,f
18627,덕실리,4480035029,충청남도,2026-01-13 13:17:47.923355,2026-01-13 13:17:47.923357,f
18628,화봉리,4480035030,충청남도,2026-01-13 13:17:47.9284,2026-01-13 13:17:47.928402,f
18629,장척리,4480035031,충청남도,2026-01-13 13:17:47.93349,2026-01-13 13:17:47.933492,f
18630,결성면,4480036000,충청남도,2026-01-13 13:17:47.937716,2026-01-13 13:17:47.937718,f
18631,읍내리,4480036021,충청남도,2026-01-13 13:17:47.942274,2026-01-13 13:17:47.942277,f
18632,성호리,4480036022,충청남도,2026-01-13 13:17:47.94652,2026-01-13 13:17:47.946522,f
18633,성남리,4480036023,충청남도,2026-01-13 13:17:47.951308,2026-01-13 13:17:47.95131,f
18634,금곡리,4480036024,충청남도,2026-01-13 13:17:47.955502,2026-01-13 13:17:47.955504,f
18635,성곡리,4480036025,충청남도,2026-01-13 13:17:47.959526,2026-01-13 13:17:47.959528,f
18636,무량리,4480036026,충청남도,2026-01-13 13:17:47.963446,2026-01-13 13:17:47.963451,f
18637,교항리,4480036027,충청남도,2026-01-13 13:17:47.96812,2026-01-13 13:17:47.968123,f
18638,용호리,4480036028,충청남도,2026-01-13 13:17:47.972451,2026-01-13 13:17:47.972453,f
18639,형산리,4480036029,충청남도,2026-01-13 13:17:47.977738,2026-01-13 13:17:47.97774,f
18640,서부면,4480037000,충청남도,2026-01-13 13:17:47.981801,2026-01-13 13:17:47.981802,f
18641,이호리,4480037021,충청남도,2026-01-13 13:17:47.990652,2026-01-13 13:17:47.990658,f
18642,광리,4480037022,충청남도,2026-01-13 13:17:48.004791,2026-01-13 13:17:48.004798,f
18643,궁리,4480037023,충청남도,2026-01-13 13:17:48.013452,2026-01-13 13:17:48.013455,f
18644,상황리,4480037024,충청남도,2026-01-13 13:17:48.018931,2026-01-13 13:17:48.018935,f
18645,거차리,4480037025,충청남도,2026-01-13 13:17:48.025299,2026-01-13 13:17:48.025303,f
18646,어사리,4480037026,충청남도,2026-01-13 13:17:48.033403,2026-01-13 13:17:48.033407,f
18647,남당리,4480037027,충청남도,2026-01-13 13:17:48.038009,2026-01-13 13:17:48.038011,f
18648,신리,4480037028,충청남도,2026-01-13 13:17:48.042584,2026-01-13 13:17:48.042585,f
18649,양곡리,4480037029,충청남도,2026-01-13 13:17:48.047915,2026-01-13 13:17:48.047919,f
18650,판교리,4480037030,충청남도,2026-01-13 13:17:48.053556,2026-01-13 13:17:48.053558,f
18651,중리,4480037031,충청남도,2026-01-13 13:17:48.057654,2026-01-13 13:17:48.057656,f
18652,죽도리,4480037032,충청남도,2026-01-13 13:17:48.061551,2026-01-13 13:17:48.061553,f
18653,갈산면,4480038000,충청남도,2026-01-13 13:17:48.065739,2026-01-13 13:17:48.065741,f
18654,상촌리,4480038021,충청남도,2026-01-13 13:17:48.071031,2026-01-13 13:17:48.071034,f
18655,내갈리,4480038022,충청남도,2026-01-13 13:17:48.075468,2026-01-13 13:17:48.075471,f
18656,신안리,4480038023,충청남도,2026-01-13 13:17:48.079677,2026-01-13 13:17:48.07968,f
18657,가곡리,4480038024,충청남도,2026-01-13 13:17:48.084206,2026-01-13 13:17:48.084209,f
18658,갈오리,4480038025,충청남도,2026-01-13 13:17:48.08865,2026-01-13 13:17:48.088652,f
18659,동산리,4480038026,충청남도,2026-01-13 13:17:48.093702,2026-01-13 13:17:48.093704,f
18660,쌍천리,4480038027,충청남도,2026-01-13 13:17:48.097845,2026-01-13 13:17:48.097847,f
18661,행산리,4480038028,충청남도,2026-01-13 13:17:48.101495,2026-01-13 13:17:48.101496,f
18662,오두리,4480038029,충청남도,2026-01-13 13:17:48.105831,2026-01-13 13:17:48.105833,f
18663,부기리,4480038030,충청남도,2026-01-13 13:17:48.110836,2026-01-13 13:17:48.110839,f
18664,기산리,4480038031,충청남도,2026-01-13 13:17:48.114967,2026-01-13 13:17:48.114968,f
18665,동성리,4480038032,충청남도,2026-01-13 13:17:48.11881,2026-01-13 13:17:48.118812,f
18666,취생리,4480038033,충청남도,2026-01-13 13:17:48.123707,2026-01-13 13:17:48.12371,f
18667,운곡리,4480038034,충청남도,2026-01-13 13:17:48.129291,2026-01-13 13:17:48.129293,f
18668,와리,4480038035,충청남도,2026-01-13 13:17:48.134231,2026-01-13 13:17:48.134233,f
18669,대사리,4480038036,충청남도,2026-01-13 13:17:48.1385,2026-01-13 13:17:48.138502,f
18670,구항면,4480039000,충청남도,2026-01-13 13:17:48.142621,2026-01-13 13:17:48.142623,f
18671,황곡리,4480039021,충청남도,2026-01-13 13:17:48.146954,2026-01-13 13:17:48.146956,f
18672,오봉리,4480039022,충청남도,2026-01-13 13:17:48.151774,2026-01-13 13:17:48.151777,f
18673,공리,4480039023,충청남도,2026-01-13 13:17:48.156628,2026-01-13 13:17:48.15663,f
18674,남산리,4480039024,충청남도,2026-01-13 13:17:48.160998,2026-01-13 13:17:48.161002,f
18675,장양리,4480039025,충청남도,2026-01-13 13:17:48.166601,2026-01-13 13:17:48.166604,f
18676,태봉리,4480039026,충청남도,2026-01-13 13:17:48.171241,2026-01-13 13:17:48.171245,f
18677,내현리,4480039027,충청남도,2026-01-13 13:17:48.175305,2026-01-13 13:17:48.175307,f
18678,지정리,4480039028,충청남도,2026-01-13 13:17:48.178919,2026-01-13 13:17:48.178921,f
18679,대정리,4480039029,충청남도,2026-01-13 13:17:48.18322,2026-01-13 13:17:48.183222,f
18680,신곡리,4480039030,충청남도,2026-01-13 13:17:48.187397,2026-01-13 13:17:48.187399,f
18681,청광리,4480039031,충청남도,2026-01-13 13:17:48.192198,2026-01-13 13:17:48.1922,f
18682,마온리,4480039032,충청남도,2026-01-13 13:17:48.19647,2026-01-13 13:17:48.196473,f
18683,예산군,4481000000,충청남도,2026-01-13 13:17:48.201273,2026-01-13 13:17:48.201275,f
18684,예산읍,4481025000,충청남도,2026-01-13 13:17:48.206131,2026-01-13 13:17:48.206133,f
18685,예산리,4481025021,충청남도,2026-01-13 13:17:48.210268,2026-01-13 13:17:48.21027,f
18686,향천리,4481025022,충청남도,2026-01-13 13:17:48.215567,2026-01-13 13:17:48.215569,f
18687,대회리,4481025023,충청남도,2026-01-13 13:17:48.219979,2026-01-13 13:17:48.219982,f
18688,주교리,4481025024,충청남도,2026-01-13 13:17:48.224096,2026-01-13 13:17:48.224099,f
18689,산성리,4481025025,충청남도,2026-01-13 13:17:48.228858,2026-01-13 13:17:48.22886,f
18690,발연리,4481025026,충청남도,2026-01-13 13:17:48.233542,2026-01-13 13:17:48.233545,f
18691,석양리,4481025027,충청남도,2026-01-13 13:17:48.238142,2026-01-13 13:17:48.238144,f
18692,관작리,4481025028,충청남도,2026-01-13 13:17:48.243901,2026-01-13 13:17:48.243904,f
18693,창소리,4481025029,충청남도,2026-01-13 13:17:48.249103,2026-01-13 13:17:48.249106,f
18694,신례원리,4481025030,충청남도,2026-01-13 13:17:48.253643,2026-01-13 13:17:48.253645,f
18695,간양리,4481025031,충청남도,2026-01-13 13:17:48.257747,2026-01-13 13:17:48.257749,f
18696,궁평리,4481025032,충청남도,2026-01-13 13:17:48.261804,2026-01-13 13:17:48.261806,f
18697,수철리,4481025033,충청남도,2026-01-13 13:17:48.265832,2026-01-13 13:17:48.265834,f
18698,삽교읍,4481025300,충청남도,2026-01-13 13:17:48.270841,2026-01-13 13:17:48.270845,f
18699,두리,4481025321,충청남도,2026-01-13 13:17:48.275213,2026-01-13 13:17:48.275215,f
18700,삽교리,4481025322,충청남도,2026-01-13 13:17:48.279018,2026-01-13 13:17:48.279019,f
18701,평촌리,4481025323,충청남도,2026-01-13 13:17:48.284035,2026-01-13 13:17:48.284039,f
18702,수촌리,4481025324,충청남도,2026-01-13 13:17:48.288832,2026-01-13 13:17:48.288834,f
18703,이리,4481025325,충청남도,2026-01-13 13:17:48.29451,2026-01-13 13:17:48.294515,f
18704,목리,4481025326,충청남도,2026-01-13 13:17:48.301587,2026-01-13 13:17:48.30159,f
18705,신리,4481025327,충청남도,2026-01-13 13:17:48.308229,2026-01-13 13:17:48.308234,f
18706,안치리,4481025328,충청남도,2026-01-13 13:17:48.313306,2026-01-13 13:17:48.313308,f
18707,송산리,4481025329,충청남도,2026-01-13 13:17:48.317427,2026-01-13 13:17:48.317429,f
18708,역리,4481025330,충청남도,2026-01-13 13:17:48.321543,2026-01-13 13:17:48.321546,f
18709,상하리,4481025331,충청남도,2026-01-13 13:17:48.326265,2026-01-13 13:17:48.326268,f
18710,창정리,4481025332,충청남도,2026-01-13 13:17:48.330748,2026-01-13 13:17:48.330751,f
18711,가리,4481025333,충청남도,2026-01-13 13:17:48.334829,2026-01-13 13:17:48.334831,f
18712,상성리,4481025334,충청남도,2026-01-13 13:17:48.339099,2026-01-13 13:17:48.339101,f
18713,용동리,4481025335,충청남도,2026-01-13 13:17:48.34414,2026-01-13 13:17:48.344142,f
18714,하포리,4481025336,충청남도,2026-01-13 13:17:48.350256,2026-01-13 13:17:48.350258,f
18715,성리,4481025337,충청남도,2026-01-13 13:17:48.355387,2026-01-13 13:17:48.35539,f
18716,신가리,4481025338,충청남도,2026-01-13 13:17:48.359552,2026-01-13 13:17:48.359554,f
18717,방아리,4481025339,충청남도,2026-01-13 13:17:48.363947,2026-01-13 13:17:48.363955,f
18718,효림리,4481025340,충청남도,2026-01-13 13:17:48.369515,2026-01-13 13:17:48.369518,f
18719,월산리,4481025341,충청남도,2026-01-13 13:17:48.373737,2026-01-13 13:17:48.373738,f
18720,대술면,4481031000,충청남도,2026-01-13 13:17:48.377827,2026-01-13 13:17:48.377829,f
18721,화천리,4481031021,충청남도,2026-01-13 13:17:48.381576,2026-01-13 13:17:48.381579,f
18722,농리,4481031022,충청남도,2026-01-13 13:17:48.387756,2026-01-13 13:17:48.38776,f
18723,상항리,4481031023,충청남도,2026-01-13 13:17:48.395544,2026-01-13 13:17:48.395546,f
18724,방산리,4481031024,충청남도,2026-01-13 13:17:48.40102,2026-01-13 13:17:48.401023,f
18725,장복리,4481031025,충청남도,2026-01-13 13:17:48.405551,2026-01-13 13:17:48.405554,f
18726,송석리,4481031026,충청남도,2026-01-13 13:17:48.410292,2026-01-13 13:17:48.410295,f
18727,화산리,4481031027,충청남도,2026-01-13 13:17:48.414966,2026-01-13 13:17:48.414968,f
18728,궐곡리,4481031028,충청남도,2026-01-13 13:17:48.418724,2026-01-13 13:17:48.418726,f
18729,시산리,4481031029,충청남도,2026-01-13 13:17:48.422678,2026-01-13 13:17:48.42268,f
18730,산정리,4481031030,충청남도,2026-01-13 13:17:48.426891,2026-01-13 13:17:48.426893,f
18731,마전리,4481031031,충청남도,2026-01-13 13:17:48.432451,2026-01-13 13:17:48.432456,f
18732,이티리,4481031032,충청남도,2026-01-13 13:17:48.438448,2026-01-13 13:17:48.438451,f
18733,신양면,4481032000,충청남도,2026-01-13 13:17:48.444277,2026-01-13 13:17:48.44428,f
18734,신양리,4481032021,충청남도,2026-01-13 13:17:48.450179,2026-01-13 13:17:48.450182,f
18735,황계리,4481032022,충청남도,2026-01-13 13:17:48.456184,2026-01-13 13:17:48.456186,f
18736,무봉리,4481032023,충청남도,2026-01-13 13:17:48.460588,2026-01-13 13:17:48.46059,f
18737,녹문리,4481032024,충청남도,2026-01-13 13:17:48.464817,2026-01-13 13:17:48.46482,f
18738,서계양리,4481032025,충청남도,2026-01-13 13:17:48.46986,2026-01-13 13:17:48.469865,f
18739,불원리,4481032026,충청남도,2026-01-13 13:17:48.474579,2026-01-13 13:17:48.474581,f
18740,시왕리,4481032027,충청남도,2026-01-13 13:17:48.478886,2026-01-13 13:17:48.478887,f
18741,연리,4481032028,충청남도,2026-01-13 13:17:48.485275,2026-01-13 13:17:48.485278,f
18742,귀곡리,4481032029,충청남도,2026-01-13 13:17:48.4916,2026-01-13 13:17:48.491606,f
18743,하천리,4481032030,충청남도,2026-01-13 13:17:48.497793,2026-01-13 13:17:48.497795,f
18744,죽천리,4481032031,충청남도,2026-01-13 13:17:48.501754,2026-01-13 13:17:48.501756,f
18745,가지리,4481032032,충청남도,2026-01-13 13:17:48.506543,2026-01-13 13:17:48.506545,f
18746,만사리,4481032033,충청남도,2026-01-13 13:17:48.511951,2026-01-13 13:17:48.511953,f
18747,여래미리,4481032034,충청남도,2026-01-13 13:17:48.517014,2026-01-13 13:17:48.517018,f
18748,대덕리,4481032035,충청남도,2026-01-13 13:17:48.521811,2026-01-13 13:17:48.521815,f
18749,차동리,4481032036,충청남도,2026-01-13 13:17:48.526788,2026-01-13 13:17:48.526791,f
18750,광시면,4481033000,충청남도,2026-01-13 13:17:48.531227,2026-01-13 13:17:48.531231,f
18751,광시리,4481033021,충청남도,2026-01-13 13:17:48.535226,2026-01-13 13:17:48.535228,f
18752,노전리,4481033022,충청남도,2026-01-13 13:17:48.539812,2026-01-13 13:17:48.539814,f
18753,운산리,4481033023,충청남도,2026-01-13 13:17:48.543934,2026-01-13 13:17:48.543937,f
18754,하장대리,4481033024,충청남도,2026-01-13 13:17:48.548757,2026-01-13 13:17:48.54876,f
18755,은사리,4481033025,충청남도,2026-01-13 13:17:48.553702,2026-01-13 13:17:48.553705,f
18756,구례리,4481033026,충청남도,2026-01-13 13:17:48.558017,2026-01-13 13:17:48.558019,f
18757,마사리,4481033027,충청남도,2026-01-13 13:17:48.563241,2026-01-13 13:17:48.563245,f
18758,신대리,4481033028,충청남도,2026-01-13 13:17:48.568508,2026-01-13 13:17:48.568514,f
18759,관음리,4481033029,충청남도,2026-01-13 13:17:48.573637,2026-01-13 13:17:48.573639,f
18760,동산리,4481033030,충청남도,2026-01-13 13:17:48.578084,2026-01-13 13:17:48.578086,f
18761,장전리,4481033031,충청남도,2026-01-13 13:17:48.58273,2026-01-13 13:17:48.582732,f
18762,월송리,4481033032,충청남도,2026-01-13 13:17:48.587862,2026-01-13 13:17:48.587865,f
18763,서초정리,4481033033,충청남도,2026-01-13 13:17:48.592932,2026-01-13 13:17:48.592934,f
18764,신흥리,4481033034,충청남도,2026-01-13 13:17:48.597542,2026-01-13 13:17:48.597545,f
18765,장신리,4481033035,충청남도,2026-01-13 13:17:48.6066,2026-01-13 13:17:48.606603,f
18766,용두리,4481033036,충청남도,2026-01-13 13:17:48.611395,2026-01-13 13:17:48.611396,f
18767,미곡리,4481033037,충청남도,2026-01-13 13:17:48.615952,2026-01-13 13:17:48.615955,f
18768,시목리,4481033038,충청남도,2026-01-13 13:17:48.620096,2026-01-13 13:17:48.620098,f
18769,가덕리,4481033039,충청남도,2026-01-13 13:17:48.62416,2026-01-13 13:17:48.624162,f
18770,대리,4481033040,충청남도,2026-01-13 13:17:48.62967,2026-01-13 13:17:48.629683,f
18771,대흥면,4481034000,충청남도,2026-01-13 13:17:48.635277,2026-01-13 13:17:48.635281,f
18772,동서리,4481034021,충청남도,2026-01-13 13:17:48.641026,2026-01-13 13:17:48.641029,f
18773,상중리,4481034022,충청남도,2026-01-13 13:17:48.646972,2026-01-13 13:17:48.646975,f
18774,교촌리,4481034023,충청남도,2026-01-13 13:17:48.651896,2026-01-13 13:17:48.651901,f
18775,송지리,4481034024,충청남도,2026-01-13 13:17:48.656594,2026-01-13 13:17:48.656597,f
18776,대야리,4481034025,충청남도,2026-01-13 13:17:48.660868,2026-01-13 13:17:48.660869,f
18777,신속리,4481034026,충청남도,2026-01-13 13:17:48.665291,2026-01-13 13:17:48.665293,f
18778,노동리,4481034027,충청남도,2026-01-13 13:17:48.671432,2026-01-13 13:17:48.671434,f
18779,지곡리,4481034028,충청남도,2026-01-13 13:17:48.677045,2026-01-13 13:17:48.677048,f
18780,하탄방리,4481034029,충청남도,2026-01-13 13:17:48.683017,2026-01-13 13:17:48.683019,f
18781,탄방리,4481034030,충청남도,2026-01-13 13:17:48.689221,2026-01-13 13:17:48.689224,f
18782,금곡리,4481034031,충청남도,2026-01-13 13:17:48.694119,2026-01-13 13:17:48.694122,f
18783,대률리,4481034032,충청남도,2026-01-13 13:17:48.698779,2026-01-13 13:17:48.698781,f
18784,갈신리,4481034033,충청남도,2026-01-13 13:17:48.703171,2026-01-13 13:17:48.703174,f
18785,손지리,4481034034,충청남도,2026-01-13 13:17:48.707816,2026-01-13 13:17:48.70782,f
18786,응봉면,4481035000,충청남도,2026-01-13 13:17:48.712965,2026-01-13 13:17:48.712968,f
18787,노화리,4481035021,충청남도,2026-01-13 13:17:48.717931,2026-01-13 13:17:48.717934,f
18788,지석리,4481035022,충청남도,2026-01-13 13:17:48.72262,2026-01-13 13:17:48.722622,f
18789,건지화리,4481035023,충청남도,2026-01-13 13:17:48.727756,2026-01-13 13:17:48.727758,f
18790,신리,4481035024,충청남도,2026-01-13 13:17:48.733639,2026-01-13 13:17:48.733642,f
18791,평촌리,4481035025,충청남도,2026-01-13 13:17:48.738978,2026-01-13 13:17:48.738982,f
18792,등촌리,4481035026,충청남도,2026-01-13 13:17:48.744501,2026-01-13 13:17:48.744504,f
18793,후사리,4481035027,충청남도,2026-01-13 13:17:48.7501,2026-01-13 13:17:48.750103,f
18794,입침리,4481035028,충청남도,2026-01-13 13:17:48.755108,2026-01-13 13:17:48.755111,f
18795,운곡리,4481035029,충청남도,2026-01-13 13:17:48.75959,2026-01-13 13:17:48.759593,f
18796,증곡리,4481035030,충청남도,2026-01-13 13:17:48.765386,2026-01-13 13:17:48.765389,f
18797,송석리,4481035031,충청남도,2026-01-13 13:17:48.771051,2026-01-13 13:17:48.771053,f
18798,주령리,4481035032,충청남도,2026-01-13 13:17:48.775519,2026-01-13 13:17:48.775522,f
18799,계정리,4481035033,충청남도,2026-01-13 13:17:48.779472,2026-01-13 13:17:48.779474,f
18800,덕산면,4481036000,충청남도,2026-01-13 13:17:48.783729,2026-01-13 13:17:48.783731,f
18801,읍내리,4481036021,충청남도,2026-01-13 13:17:48.788363,2026-01-13 13:17:48.788367,f
18802,북문리,4481036022,충청남도,2026-01-13 13:17:48.793116,2026-01-13 13:17:48.793118,f
18803,옥계리,4481036023,충청남도,2026-01-13 13:17:48.798365,2026-01-13 13:17:48.798367,f
18804,상가리,4481036024,충청남도,2026-01-13 13:17:48.803915,2026-01-13 13:17:48.803917,f
18805,사동리,4481036025,충청남도,2026-01-13 13:17:48.808558,2026-01-13 13:17:48.808563,f
18806,신평리,4481036026,충청남도,2026-01-13 13:17:48.813278,2026-01-13 13:17:48.813281,f
18807,고덕면,4481038000,충청남도,2026-01-13 13:17:48.817976,2026-01-13 13:17:48.817978,f
18808,대천리,4481038021,충청남도,2026-01-13 13:17:48.823116,2026-01-13 13:17:48.823119,f
18809,몽곡리,4481038022,충청남도,2026-01-13 13:17:48.829831,2026-01-13 13:17:48.829839,f
18810,상몽리,4481038023,충청남도,2026-01-13 13:17:48.836403,2026-01-13 13:17:48.836406,f
18811,호음리,4481038024,충청남도,2026-01-13 13:17:48.841793,2026-01-13 13:17:48.841798,f
18812,오추리,4481038025,충청남도,2026-01-13 13:17:48.849793,2026-01-13 13:17:48.849796,f
18813,지곡리,4481038026,충청남도,2026-01-13 13:17:48.856692,2026-01-13 13:17:48.856694,f
18814,상장리,4481038027,충청남도,2026-01-13 13:17:48.86181,2026-01-13 13:17:48.861812,f
18815,상궁리,4481038028,충청남도,2026-01-13 13:17:48.86712,2026-01-13 13:17:48.867123,f
18816,구만리,4481038029,충청남도,2026-01-13 13:17:48.871951,2026-01-13 13:17:48.871953,f
18817,용리,4481038030,충청남도,2026-01-13 13:17:48.876651,2026-01-13 13:17:48.876653,f
18818,사리,4481038031,충청남도,2026-01-13 13:17:48.881873,2026-01-13 13:17:48.881879,f
18819,석곡리,4481038032,충청남도,2026-01-13 13:17:48.887998,2026-01-13 13:17:48.888,f
18820,신암면,4481039000,충청남도,2026-01-13 13:17:48.893246,2026-01-13 13:17:48.89325,f
18821,종경리,4481039021,충청남도,2026-01-13 13:17:48.897084,2026-01-13 13:17:48.897086,f
18822,계촌리,4481039022,충청남도,2026-01-13 13:17:48.901026,2026-01-13 13:17:48.901029,f
18823,두곡리,4481039023,충청남도,2026-01-13 13:17:48.905279,2026-01-13 13:17:48.905281,f
18824,신종리,4481039024,충청남도,2026-01-13 13:17:48.91055,2026-01-13 13:17:48.910552,f
18825,하평리,4481039025,충청남도,2026-01-13 13:17:48.915441,2026-01-13 13:17:48.915443,f
18826,신택리,4481039026,충청남도,2026-01-13 13:17:48.919553,2026-01-13 13:17:48.919556,f
18827,용궁리,4481039027,충청남도,2026-01-13 13:17:48.932917,2026-01-13 13:17:48.932926,f
18828,예림리,4481039028,충청남도,2026-01-13 13:17:48.944704,2026-01-13 13:17:48.944713,f
18829,중예리,4481039029,충청남도,2026-01-13 13:17:48.95168,2026-01-13 13:17:48.951684,f
18830,조곡리,4481039030,충청남도,2026-01-13 13:17:48.958077,2026-01-13 13:17:48.95808,f
18831,별리,4481039031,충청남도,2026-01-13 13:17:48.963215,2026-01-13 13:17:48.963218,f
18832,오산리,4481039032,충청남도,2026-01-13 13:17:48.968025,2026-01-13 13:17:48.968028,f
18833,탄중리,4481039033,충청남도,2026-01-13 13:17:48.972484,2026-01-13 13:17:48.972488,f
18834,오가면,4481040000,충청남도,2026-01-13 13:17:48.977678,2026-01-13 13:17:48.97768,f
18835,역탑리,4481040021,충청남도,2026-01-13 13:17:48.982214,2026-01-13 13:17:48.982216,f
18836,원평리,4481040022,충청남도,2026-01-13 13:17:48.986739,2026-01-13 13:17:48.986742,f
18837,신장리,4481040023,충청남도,2026-01-13 13:17:48.994117,2026-01-13 13:17:48.994126,f
18838,신석리,4481040024,충청남도,2026-01-13 13:17:49.001164,2026-01-13 13:17:49.001167,f
18839,월곡리,4481040025,충청남도,2026-01-13 13:17:49.006054,2026-01-13 13:17:49.006056,f
18840,좌방리,4481040026,충청남도,2026-01-13 13:17:49.011249,2026-01-13 13:17:49.011251,f
18841,분천리,4481040027,충청남도,2026-01-13 13:17:49.01671,2026-01-13 13:17:49.016713,f
18842,양막리,4481040028,충청남도,2026-01-13 13:17:49.021185,2026-01-13 13:17:49.021187,f
18843,내량리,4481040029,충청남도,2026-01-13 13:17:49.026222,2026-01-13 13:17:49.026225,f
18844,원천리,4481040030,충청남도,2026-01-13 13:17:49.031195,2026-01-13 13:17:49.031198,f
18845,신원리,4481040031,충청남도,2026-01-13 13:17:49.036051,2026-01-13 13:17:49.036057,f
18846,오촌리,4481040032,충청남도,2026-01-13 13:17:49.040231,2026-01-13 13:17:49.040233,f
18847,태안군,4482500000,충청남도,2026-01-13 13:17:49.044565,2026-01-13 13:17:49.044568,f
18848,태안읍,4482525000,충청남도,2026-01-13 13:17:49.049168,2026-01-13 13:17:49.04917,f
18849,동문리,4482525021,충청남도,2026-01-13 13:17:49.055595,2026-01-13 13:17:49.055597,f
18850,남문리,4482525022,충청남도,2026-01-13 13:17:49.059674,2026-01-13 13:17:49.059675,f
18851,장산리,4482525023,충청남도,2026-01-13 13:17:49.063529,2026-01-13 13:17:49.063531,f
18852,남산리,4482525024,충청남도,2026-01-13 13:17:49.067283,2026-01-13 13:17:49.067284,f
18853,송암리,4482525025,충청남도,2026-01-13 13:17:49.071176,2026-01-13 13:17:49.071177,f
18854,반곡리,4482525026,충청남도,2026-01-13 13:17:49.075733,2026-01-13 13:17:49.075735,f
18855,평천리,4482525027,충청남도,2026-01-13 13:17:49.07938,2026-01-13 13:17:49.079383,f
18856,상옥리,4482525028,충청남도,2026-01-13 13:17:49.083348,2026-01-13 13:17:49.08335,f
18857,인평리,4482525029,충청남도,2026-01-13 13:17:49.087997,2026-01-13 13:17:49.087999,f
18858,도내리,4482525030,충청남도,2026-01-13 13:17:49.093004,2026-01-13 13:17:49.093012,f
18859,어은리,4482525031,충청남도,2026-01-13 13:17:49.098422,2026-01-13 13:17:49.098424,f
18860,산후리,4482525032,충청남도,2026-01-13 13:17:49.10264,2026-01-13 13:17:49.102642,f
18861,삭선리,4482525033,충청남도,2026-01-13 13:17:49.107173,2026-01-13 13:17:49.107176,f
18862,안면읍,4482525300,충청남도,2026-01-13 13:17:49.111661,2026-01-13 13:17:49.111664,f
18863,승언리,4482525321,충청남도,2026-01-13 13:17:49.118905,2026-01-13 13:17:49.118908,f
18864,정당리,4482525322,충청남도,2026-01-13 13:17:49.124653,2026-01-13 13:17:49.124655,f
18865,창기리,4482525323,충청남도,2026-01-13 13:17:49.12986,2026-01-13 13:17:49.129865,f
18866,중장리,4482525324,충청남도,2026-01-13 13:17:49.135935,2026-01-13 13:17:49.135937,f
18867,신야리,4482525325,충청남도,2026-01-13 13:17:49.140377,2026-01-13 13:17:49.14038,f
18868,황도리,4482525326,충청남도,2026-01-13 13:17:49.144629,2026-01-13 13:17:49.14463,f
18869,고남면,4482531000,충청남도,2026-01-13 13:17:49.148679,2026-01-13 13:17:49.148681,f
18870,장곡리,4482531021,충청남도,2026-01-13 13:17:49.152966,2026-01-13 13:17:49.152969,f
18871,누동리,4482531022,충청남도,2026-01-13 13:17:49.16038,2026-01-13 13:17:49.160382,f
18872,고남리,4482531023,충청남도,2026-01-13 13:17:49.165309,2026-01-13 13:17:49.165312,f
18873,남면,4482532000,충청남도,2026-01-13 13:17:49.16952,2026-01-13 13:17:49.169525,f
18874,진산리,4482532021,충청남도,2026-01-13 13:17:49.173753,2026-01-13 13:17:49.173755,f
18875,몽산리,4482532022,충청남도,2026-01-13 13:17:49.178793,2026-01-13 13:17:49.178795,f
18876,신장리,4482532023,충청남도,2026-01-13 13:17:49.182974,2026-01-13 13:17:49.182976,f
18877,달산리,4482532024,충청남도,2026-01-13 13:17:49.187185,2026-01-13 13:17:49.187187,f
18878,양잠리,4482532025,충청남도,2026-01-13 13:17:49.19083,2026-01-13 13:17:49.190832,f
18879,원청리,4482532026,충청남도,2026-01-13 13:17:49.195255,2026-01-13 13:17:49.195257,f
18880,당암리,4482532027,충청남도,2026-01-13 13:17:49.199476,2026-01-13 13:17:49.19948,f
18881,신온리,4482532028,충청남도,2026-01-13 13:17:49.203912,2026-01-13 13:17:49.203914,f
18882,거아도리,4482532029,충청남도,2026-01-13 13:17:49.208198,2026-01-13 13:17:49.2082,f
18883,근흥면,4482533000,충청남도,2026-01-13 13:17:49.212246,2026-01-13 13:17:49.212249,f
18884,두야리,4482533021,충청남도,2026-01-13 13:17:49.216591,2026-01-13 13:17:49.216593,f
18885,수룡리,4482533022,충청남도,2026-01-13 13:17:49.220771,2026-01-13 13:17:49.220773,f
18886,마금리,4482533023,충청남도,2026-01-13 13:17:49.225073,2026-01-13 13:17:49.225077,f
18887,안기리,4482533024,충청남도,2026-01-13 13:17:49.229422,2026-01-13 13:17:49.229425,f
18888,용신리,4482533025,충청남도,2026-01-13 13:17:49.238904,2026-01-13 13:17:49.238908,f
18889,도황리,4482533026,충청남도,2026-01-13 13:17:49.245663,2026-01-13 13:17:49.245666,f
18890,정죽리,4482533027,충청남도,2026-01-13 13:17:49.25219,2026-01-13 13:17:49.252192,f
18891,신진도리,4482533028,충청남도,2026-01-13 13:17:49.257463,2026-01-13 13:17:49.257467,f
18892,가의도리,4482533029,충청남도,2026-01-13 13:17:49.261712,2026-01-13 13:17:49.261714,f
18893,소원면,4482534000,충청남도,2026-01-13 13:17:49.26614,2026-01-13 13:17:49.266144,f
18894,시목리,4482534021,충청남도,2026-01-13 13:17:49.270285,2026-01-13 13:17:49.270289,f
18895,법산리,4482534022,충청남도,2026-01-13 13:17:49.275213,2026-01-13 13:17:49.275218,f
18896,신덕리,4482534023,충청남도,2026-01-13 13:17:49.280037,2026-01-13 13:17:49.28004,f
18897,영전리,4482534024,충청남도,2026-01-13 13:17:49.284243,2026-01-13 13:17:49.284245,f
18898,소근리,4482534025,충청남도,2026-01-13 13:17:49.288852,2026-01-13 13:17:49.288855,f
18899,의항리,4482534026,충청남도,2026-01-13 13:17:49.29343,2026-01-13 13:17:49.293432,f
18900,모항리,4482534027,충청남도,2026-01-13 13:17:49.29782,2026-01-13 13:17:49.297823,f
18901,파도리,4482534028,충청남도,2026-01-13 13:17:49.301812,2026-01-13 13:17:49.301814,f
18902,송현리,4482534029,충청남도,2026-01-13 13:17:49.305799,2026-01-13 13:17:49.305801,f
18903,원북면,4482535000,충청남도,2026-01-13 13:17:49.309918,2026-01-13 13:17:49.309922,f
18904,반계리,4482535021,충청남도,2026-01-13 13:17:49.314828,2026-01-13 13:17:49.314831,f
18905,이곡리,4482535022,충청남도,2026-01-13 13:17:49.318566,2026-01-13 13:17:49.318568,f
18906,황촌리,4482535023,충청남도,2026-01-13 13:17:49.322476,2026-01-13 13:17:49.322477,f
18907,방갈리,4482535024,충청남도,2026-01-13 13:17:49.326689,2026-01-13 13:17:49.326691,f
18908,신두리,4482535025,충청남도,2026-01-13 13:17:49.331039,2026-01-13 13:17:49.331041,f
18909,동해리,4482535026,충청남도,2026-01-13 13:17:49.335353,2026-01-13 13:17:49.335356,f
18910,대기리,4482535027,충청남도,2026-01-13 13:17:49.339082,2026-01-13 13:17:49.339083,f
18911,장대리,4482535028,충청남도,2026-01-13 13:17:49.342637,2026-01-13 13:17:49.342639,f
18912,청산리,4482535029,충청남도,2026-01-13 13:17:49.34655,2026-01-13 13:17:49.346552,f
18913,양산리,4482535030,충청남도,2026-01-13 13:17:49.350509,2026-01-13 13:17:49.35051,f
18914,마산리,4482535031,충청남도,2026-01-13 13:17:49.354873,2026-01-13 13:17:49.354875,f
18915,이원면,4482536000,충청남도,2026-01-13 13:17:49.358858,2026-01-13 13:17:49.35886,f
18916,내리,4482536021,충청남도,2026-01-13 13:17:49.362577,2026-01-13 13:17:49.362579,f
18917,관리,4482536022,충청남도,2026-01-13 13:17:49.366718,2026-01-13 13:17:49.36672,f
18918,당산리,4482536023,충청남도,2026-01-13 13:17:49.370826,2026-01-13 13:17:49.370829,f
18919,포지리,4482536024,충청남도,2026-01-13 13:17:49.374863,2026-01-13 13:17:49.374866,f
18920,사창리,4482536025,충청남도,2026-01-13 13:17:49.378655,2026-01-13 13:17:49.378656,f
18921,문화동,4311110700,충청북도,2026-01-13 13:17:49.382418,2026-01-13 13:17:49.382422,f
18922,남문로1가,4311110500,충청북도,2026-01-13 13:17:49.386388,2026-01-13 13:17:49.38639,f
18923,남문로2가,4311110600,충청북도,2026-01-13 13:17:49.390369,2026-01-13 13:17:49.390371,f
18924,북문로1가,4311110200,충청북도,2026-01-13 13:17:49.3963,2026-01-13 13:17:49.396302,f
18925,북문로2가,4311110300,충청북도,2026-01-13 13:17:49.400663,2026-01-13 13:17:49.400665,f
18926,북문로3가,4311110400,충청북도,2026-01-13 13:17:49.40454,2026-01-13 13:17:49.404542,f
18927,상당구,4311100000,충청북도,2026-01-13 13:17:49.408423,2026-01-13 13:17:49.408424,f
18928,상당구영동,4311110100,충청북도,2026-01-13 13:17:49.414377,2026-01-13 13:17:49.414383,f
18929,충청북도,4300000000,충청북도,2026-01-13 13:17:49.419409,2026-01-13 13:17:49.419412,f
18930,청주시,4311000000,충청북도,2026-01-13 13:17:49.423606,2026-01-13 13:17:49.423608,f
18931,서운동,4311110800,충청북도,2026-01-13 13:17:49.427503,2026-01-13 13:17:49.427504,f
18932,서문동,4311110900,충청북도,2026-01-13 13:17:49.431221,2026-01-13 13:17:49.431223,f
18933,남주동,4311111000,충청북도,2026-01-13 13:17:49.435636,2026-01-13 13:17:49.435639,f
18934,석교동,4311111100,충청북도,2026-01-13 13:17:49.439651,2026-01-13 13:17:49.439652,f
18935,수동,4311111200,충청북도,2026-01-13 13:17:49.443722,2026-01-13 13:17:49.443724,f
18936,탑동,4311111700,충청북도,2026-01-13 13:17:49.448022,2026-01-13 13:17:49.448025,f
18937,대성동,4311111800,충청북도,2026-01-13 13:17:49.452247,2026-01-13 13:17:49.452249,f
18938,영운동,4311111900,충청북도,2026-01-13 13:17:49.4574,2026-01-13 13:17:49.457404,f
18939,금천동,4311112000,충청북도,2026-01-13 13:17:49.461388,2026-01-13 13:17:49.46139,f
18940,용담동,4311112100,충청북도,2026-01-13 13:17:49.46525,2026-01-13 13:17:49.465251,f
18941,명암동,4311112200,충청북도,2026-01-13 13:17:49.468866,2026-01-13 13:17:49.468868,f
18942,산성동,4311112300,충청북도,2026-01-13 13:17:49.472937,2026-01-13 13:17:49.472941,f
18943,용암동,4311112400,충청북도,2026-01-13 13:17:49.478009,2026-01-13 13:17:49.478012,f
18944,용정동,4311112500,충청북도,2026-01-13 13:17:49.482563,2026-01-13 13:17:49.482565,f
18945,방서동,4311112600,충청북도,2026-01-13 13:17:49.488119,2026-01-13 13:17:49.488122,f
18946,평촌동,4311112700,충청북도,2026-01-13 13:17:49.493507,2026-01-13 13:17:49.493511,f
18947,지북동,4311112800,충청북도,2026-01-13 13:17:49.498707,2026-01-13 13:17:49.49871,f
18948,운동동,4311112900,충청북도,2026-01-13 13:17:49.503285,2026-01-13 13:17:49.503287,f
18949,월오동,4311113000,충청북도,2026-01-13 13:17:49.507198,2026-01-13 13:17:49.5072,f
18950,낭성면,4311131000,충청북도,2026-01-13 13:17:49.512234,2026-01-13 13:17:49.512238,f
18951,관정리,4311131021,충청북도,2026-01-13 13:17:49.517139,2026-01-13 13:17:49.517141,f
18952,귀래리,4311131022,충청북도,2026-01-13 13:17:49.521689,2026-01-13 13:17:49.521691,f
18953,추정리,4311131023,충청북도,2026-01-13 13:17:49.525657,2026-01-13 13:17:49.525659,f
18954,호정리,4311131024,충청북도,2026-01-13 13:17:49.529561,2026-01-13 13:17:49.529562,f
18955,이목리,4311131025,충청북도,2026-01-13 13:17:49.534677,2026-01-13 13:17:49.534679,f
18956,문박리,4311131026,충청북도,2026-01-13 13:17:49.538624,2026-01-13 13:17:49.538626,f
18957,인경리,4311131027,충청북도,2026-01-13 13:17:49.543141,2026-01-13 13:17:49.543143,f
18958,지산리,4311131028,충청북도,2026-01-13 13:17:49.547674,2026-01-13 13:17:49.547677,f
18959,갈산리,4311131029,충청북도,2026-01-13 13:17:49.552946,2026-01-13 13:17:49.55295,f
18960,삼산리,4311131030,충청북도,2026-01-13 13:17:49.55883,2026-01-13 13:17:49.558833,f
18961,현암리,4311131031,충청북도,2026-01-13 13:17:49.568574,2026-01-13 13:17:49.568579,f
18962,무성리,4311131032,충청북도,2026-01-13 13:17:49.577048,2026-01-13 13:17:49.577054,f
18963,미원면,4311132000,충청북도,2026-01-13 13:17:49.58339,2026-01-13 13:17:49.583392,f
18964,미원리,4311132021,충청북도,2026-01-13 13:17:49.587851,2026-01-13 13:17:49.587853,f
18965,쌍이리,4311132022,충청북도,2026-01-13 13:17:49.592055,2026-01-13 13:17:49.592058,f
18966,중리,4311132023,충청북도,2026-01-13 13:17:49.596651,2026-01-13 13:17:49.596653,f
18967,내산리,4311132024,충청북도,2026-01-13 13:17:49.600992,2026-01-13 13:17:49.600995,f
18968,구방리,4311132025,충청북도,2026-01-13 13:17:49.60675,2026-01-13 13:17:49.606753,f
18969,기암리(岐岩),4311132026,충청북도,2026-01-13 13:17:49.612529,2026-01-13 13:17:49.612531,f
18970,운교리,4311132027,충청북도,2026-01-13 13:17:49.616761,2026-01-13 13:17:49.616762,f
18971,대덕리,4311132028,충청북도,2026-01-13 13:17:49.621484,2026-01-13 13:17:49.621486,f
18972,운용리,4311132029,충청북도,2026-01-13 13:17:49.625725,2026-01-13 13:17:49.625728,f
18973,화원리,4311132030,충청북도,2026-01-13 13:17:49.630025,2026-01-13 13:17:49.630028,f
18974,용곡리,4311132031,충청북도,2026-01-13 13:17:49.635889,2026-01-13 13:17:49.635895,f
18975,수산리,4311132032,충청북도,2026-01-13 13:17:49.641229,2026-01-13 13:17:49.641232,f
18976,기암리(基岩),4311132033,충청북도,2026-01-13 13:17:49.6459,2026-01-13 13:17:49.645902,f
18977,가양리,4311132034,충청북도,2026-01-13 13:17:49.650528,2026-01-13 13:17:49.65053,f
18978,화창리,4311132035,충청북도,2026-01-13 13:17:49.655282,2026-01-13 13:17:49.655286,f
18979,종암리,4311132036,충청북도,2026-01-13 13:17:49.65946,2026-01-13 13:17:49.659462,f
18980,대신리,4311132037,충청북도,2026-01-13 13:17:49.663256,2026-01-13 13:17:49.663258,f
18981,운암리,4311132038,충청북도,2026-01-13 13:17:49.66779,2026-01-13 13:17:49.667793,f
18982,옥화리,4311132039,충청북도,2026-01-13 13:17:49.672057,2026-01-13 13:17:49.672061,f
18983,월용리,4311132040,충청북도,2026-01-13 13:17:49.67715,2026-01-13 13:17:49.677152,f
18984,금관리,4311132041,충청북도,2026-01-13 13:17:49.68102,2026-01-13 13:17:49.681023,f
18985,어암리,4311132042,충청북도,2026-01-13 13:17:49.685503,2026-01-13 13:17:49.685507,f
18986,계원리,4311132043,충청북도,2026-01-13 13:17:49.690433,2026-01-13 13:17:49.690438,f
18987,성대리,4311132044,충청북도,2026-01-13 13:17:49.695472,2026-01-13 13:17:49.695473,f
18988,가덕면,4311133000,충청북도,2026-01-13 13:17:49.699795,2026-01-13 13:17:49.699798,f
18989,청용리,4311133021,충청북도,2026-01-13 13:17:49.704754,2026-01-13 13:17:49.704757,f
18990,행정리,4311133022,충청북도,2026-01-13 13:17:49.710739,2026-01-13 13:17:49.710743,f
18991,삼항리,4311133023,충청북도,2026-01-13 13:17:49.716524,2026-01-13 13:17:49.716527,f
18992,국전리,4311133024,충청북도,2026-01-13 13:17:49.720715,2026-01-13 13:17:49.720717,f
18993,상대리,4311133025,충청북도,2026-01-13 13:17:49.724582,2026-01-13 13:17:49.724584,f
18994,노동리,4311133026,충청북도,2026-01-13 13:17:49.729436,2026-01-13 13:17:49.729438,f
18995,인차리,4311133027,충청북도,2026-01-13 13:17:49.735533,2026-01-13 13:17:49.735536,f
18996,계산리,4311133028,충청북도,2026-01-13 13:17:49.74013,2026-01-13 13:17:49.740133,f
18997,수곡리,4311133029,충청북도,2026-01-13 13:17:49.74599,2026-01-13 13:17:49.745994,f
18998,시동리,4311133030,충청북도,2026-01-13 13:17:49.750681,2026-01-13 13:17:49.750684,f
18999,병암리,4311133031,충청북도,2026-01-13 13:17:49.758024,2026-01-13 13:17:49.758026,f
19000,금거리,4311133032,충청북도,2026-01-13 13:17:49.762408,2026-01-13 13:17:49.762411,f
19001,상야리,4311133033,충청북도,2026-01-13 13:17:49.767786,2026-01-13 13:17:49.767788,f
19002,한계리,4311133034,충청북도,2026-01-13 13:17:49.772867,2026-01-13 13:17:49.772869,f
19003,내암리,4311133035,충청북도,2026-01-13 13:17:49.777843,2026-01-13 13:17:49.777845,f
19004,남일면,4311134000,충청북도,2026-01-13 13:17:49.781738,2026-01-13 13:17:49.78174,f
19005,송암리,4311134021,충청북도,2026-01-13 13:17:49.785626,2026-01-13 13:17:49.785628,f
19006,효촌리,4311134022,충청북도,2026-01-13 13:17:49.789748,2026-01-13 13:17:49.78975,f
19007,문주리,4311134023,충청북도,2026-01-13 13:17:49.794472,2026-01-13 13:17:49.794475,f
19008,황청리,4311134024,충청북도,2026-01-13 13:17:49.799023,2026-01-13 13:17:49.799026,f
19009,은행리,4311134025,충청북도,2026-01-13 13:17:49.802721,2026-01-13 13:17:49.802723,f
19010,두산리,4311134026,충청북도,2026-01-13 13:17:49.807056,2026-01-13 13:17:49.807058,f
19011,쌍수리,4311134027,충청북도,2026-01-13 13:17:49.81125,2026-01-13 13:17:49.811253,f
19012,고은리,4311134028,충청북도,2026-01-13 13:17:49.816343,2026-01-13 13:17:49.816345,f
19013,화당리,4311134029,충청북도,2026-01-13 13:17:49.820396,2026-01-13 13:17:49.820398,f
19014,가산리,4311134030,충청북도,2026-01-13 13:17:49.823986,2026-01-13 13:17:49.823988,f
19015,신송리,4311134031,충청북도,2026-01-13 13:17:49.828187,2026-01-13 13:17:49.828189,f
19016,가중리,4311134032,충청북도,2026-01-13 13:17:49.832628,2026-01-13 13:17:49.832631,f
19017,문의면,4311135000,충청북도,2026-01-13 13:17:49.837748,2026-01-13 13:17:49.83775,f
19018,문산리,4311135021,충청북도,2026-01-13 13:17:49.842986,2026-01-13 13:17:49.842989,f
19019,미천리,4311135022,충청북도,2026-01-13 13:17:49.847656,2026-01-13 13:17:49.847658,f
19020,남계리,4311135023,충청북도,2026-01-13 13:17:49.85182,2026-01-13 13:17:49.851824,f
19021,상장리,4311135024,충청북도,2026-01-13 13:17:49.856487,2026-01-13 13:17:49.85649,f
19022,산덕리,4311135025,충청북도,2026-01-13 13:17:49.860496,2026-01-13 13:17:49.860498,f
19023,구룡리,4311135026,충청북도,2026-01-13 13:17:49.865072,2026-01-13 13:17:49.865074,f
19024,괴곡리,4311135027,충청북도,2026-01-13 13:17:49.868975,2026-01-13 13:17:49.868976,f
19025,문덕리,4311135028,충청북도,2026-01-13 13:17:49.873728,2026-01-13 13:17:49.873731,f
19026,소전리,4311135029,충청북도,2026-01-13 13:17:49.877933,2026-01-13 13:17:49.877935,f
19027,후곡리,4311135030,충청북도,2026-01-13 13:17:49.881989,2026-01-13 13:17:49.881991,f
19028,가호리,4311135031,충청북도,2026-01-13 13:17:49.886463,2026-01-13 13:17:49.886466,f
19029,신대리,4311135032,충청북도,2026-01-13 13:17:49.891236,2026-01-13 13:17:49.89124,f
19030,덕유리,4311135033,충청북도,2026-01-13 13:17:49.895857,2026-01-13 13:17:49.895858,f
19031,품곡리,4311135034,충청북도,2026-01-13 13:17:49.899951,2026-01-13 13:17:49.899953,f
19032,두모리,4311135035,충청북도,2026-01-13 13:17:49.904272,2026-01-13 13:17:49.904274,f
19033,도원리,4311135036,충청북도,2026-01-13 13:17:49.908186,2026-01-13 13:17:49.908188,f
19034,등동리,4311135037,충청북도,2026-01-13 13:17:49.91205,2026-01-13 13:17:49.912052,f
19035,묘암리,4311135038,충청북도,2026-01-13 13:17:49.916431,2026-01-13 13:17:49.916433,f
19036,마구리,4311135039,충청북도,2026-01-13 13:17:49.920514,2026-01-13 13:17:49.920516,f
19037,마동리,4311135040,충청북도,2026-01-13 13:17:49.924265,2026-01-13 13:17:49.924268,f
19038,염티리,4311135041,충청북도,2026-01-13 13:17:49.928886,2026-01-13 13:17:49.928888,f
19039,노현리,4311135042,충청북도,2026-01-13 13:17:49.934099,2026-01-13 13:17:49.934101,f
19040,서원구,4311200000,충청북도,2026-01-13 13:17:49.938394,2026-01-13 13:17:49.938396,f
19041,사직동,4311210100,충청북도,2026-01-13 13:17:49.942459,2026-01-13 13:17:49.942462,f
19042,사창동,4311210200,충청북도,2026-01-13 13:17:49.946364,2026-01-13 13:17:49.946366,f
19043,모충동,4311210300,충청북도,2026-01-13 13:17:49.950284,2026-01-13 13:17:49.950285,f
19044,산남동,4311210400,충청북도,2026-01-13 13:17:49.956013,2026-01-13 13:17:49.956016,f
19045,미평동,4311210500,충청북도,2026-01-13 13:17:49.96005,2026-01-13 13:17:49.960052,f
19046,분평동,4311210600,충청북도,2026-01-13 13:17:49.963664,2026-01-13 13:17:49.963666,f
19047,수곡동,4311210700,충청북도,2026-01-13 13:17:49.969162,2026-01-13 13:17:49.969165,f
19048,성화동,4311210800,충청북도,2026-01-13 13:17:49.974189,2026-01-13 13:17:49.974191,f
19049,개신동,4311210900,충청북도,2026-01-13 13:17:49.978431,2026-01-13 13:17:49.978434,f
19050,죽림동,4311211000,충청북도,2026-01-13 13:17:49.982488,2026-01-13 13:17:49.98249,f
19051,장성동,4311211100,충청북도,2026-01-13 13:17:49.986848,2026-01-13 13:17:49.98685,f
19052,장암동,4311211200,충청북도,2026-01-13 13:17:49.993751,2026-01-13 13:17:49.993756,f
19053,남이면,4311231000,충청북도,2026-01-13 13:17:49.99924,2026-01-13 13:17:49.999242,f
19054,척산리,4311231021,충청북도,2026-01-13 13:17:50.003362,2026-01-13 13:17:50.003364,f
19055,외천리,4311231022,충청북도,2026-01-13 13:17:50.007448,2026-01-13 13:17:50.00745,f
19056,문동리,4311231023,충청북도,2026-01-13 13:17:50.01329,2026-01-13 13:17:50.013294,f
19057,척북리,4311231024,충청북도,2026-01-13 13:17:50.017543,2026-01-13 13:17:50.017545,f
19058,산막리,4311231025,충청북도,2026-01-13 13:17:50.021603,2026-01-13 13:17:50.021605,f
19059,비룡리,4311231026,충청북도,2026-01-13 13:17:50.025535,2026-01-13 13:17:50.025536,f
19060,구미리,4311231027,충청북도,2026-01-13 13:17:50.029477,2026-01-13 13:17:50.02948,f
19061,사동리,4311231028,충청북도,2026-01-13 13:17:50.034401,2026-01-13 13:17:50.034404,f
19062,갈원리,4311231029,충청북도,2026-01-13 13:17:50.038636,2026-01-13 13:17:50.038638,f
19063,팔봉리,4311231030,충청북도,2026-01-13 13:17:50.042335,2026-01-13 13:17:50.042337,f
19064,상발리,4311231031,충청북도,2026-01-13 13:17:50.046555,2026-01-13 13:17:50.046557,f
19065,구암리,4311231032,충청북도,2026-01-13 13:17:50.051097,2026-01-13 13:17:50.051099,f
19066,석실리,4311231033,충청북도,2026-01-13 13:17:50.055924,2026-01-13 13:17:50.055926,f
19067,석판리,4311231034,충청북도,2026-01-13 13:17:50.060109,2026-01-13 13:17:50.060111,f
19068,대련리,4311231035,충청북도,2026-01-13 13:17:50.063842,2026-01-13 13:17:50.063844,f
19069,가좌리,4311231036,충청북도,2026-01-13 13:17:50.067721,2026-01-13 13:17:50.067722,f
19070,양촌리,4311231037,충청북도,2026-01-13 13:17:50.071846,2026-01-13 13:17:50.071848,f
19071,가마리,4311231038,충청북도,2026-01-13 13:17:50.077276,2026-01-13 13:17:50.077277,f
19072,수대리,4311231039,충청북도,2026-01-13 13:17:50.081161,2026-01-13 13:17:50.081164,f
19073,부용외천리,4311231040,충청북도,2026-01-13 13:17:50.085264,2026-01-13 13:17:50.085267,f
19074,현도면,4311232000,충청북도,2026-01-13 13:17:50.089886,2026-01-13 13:17:50.089892,f
19075,상삼리,4311232021,충청북도,2026-01-13 13:17:50.094607,2026-01-13 13:17:50.09461,f
19076,중삼리,4311232022,충청북도,2026-01-13 13:17:50.098471,2026-01-13 13:17:50.098472,f
19077,죽전리,4311232023,충청북도,2026-01-13 13:17:50.102082,2026-01-13 13:17:50.102084,f
19078,우록리,4311232024,충청북도,2026-01-13 13:17:50.106271,2026-01-13 13:17:50.106273,f
19079,시동리,4311232025,충청북도,2026-01-13 13:17:50.110913,2026-01-13 13:17:50.110915,f
19080,선동리,4311232026,충청북도,2026-01-13 13:17:50.116521,2026-01-13 13:17:50.116526,f
19081,시목리,4311232027,충청북도,2026-01-13 13:17:50.122048,2026-01-13 13:17:50.122051,f
19082,중척리,4311232028,충청북도,2026-01-13 13:17:50.129378,2026-01-13 13:17:50.129384,f
19083,하석리,4311232029,충청북도,2026-01-13 13:17:50.136653,2026-01-13 13:17:50.136656,f
19084,노산리,4311232030,충청북도,2026-01-13 13:17:50.141373,2026-01-13 13:17:50.141376,f
19085,달계리,4311232031,충청북도,2026-01-13 13:17:50.146638,2026-01-13 13:17:50.146641,f
19086,매봉리,4311232032,충청북도,2026-01-13 13:17:50.151931,2026-01-13 13:17:50.151934,f
19087,양지리,4311232033,충청북도,2026-01-13 13:17:50.157294,2026-01-13 13:17:50.157297,f
19088,죽암리,4311232034,충청북도,2026-01-13 13:17:50.16523,2026-01-13 13:17:50.165233,f
19089,흥덕구,4311300000,충청북도,2026-01-13 13:17:50.170437,2026-01-13 13:17:50.170442,f
19090,운천동,4311310400,충청북도,2026-01-13 13:17:50.175952,2026-01-13 13:17:50.175955,f
19091,신봉동,4311310500,충청북도,2026-01-13 13:17:50.180565,2026-01-13 13:17:50.180567,f
19092,가경동,4311311300,충청북도,2026-01-13 13:17:50.185116,2026-01-13 13:17:50.185119,f
19093,복대동,4311311400,충청북도,2026-01-13 13:17:50.189563,2026-01-13 13:17:50.189564,f
19094,봉명동,4311311500,충청북도,2026-01-13 13:17:50.195257,2026-01-13 13:17:50.195258,f
19095,송정동,4311311600,충청북도,2026-01-13 13:17:50.209023,2026-01-13 13:17:50.209032,f
19096,강서동,4311311700,충청북도,2026-01-13 13:17:50.219392,2026-01-13 13:17:50.219397,f
19097,석곡동,4311311800,충청북도,2026-01-13 13:17:50.224723,2026-01-13 13:17:50.224725,f
19098,휴암동,4311311900,충청북도,2026-01-13 13:17:50.228607,2026-01-13 13:17:50.228609,f
19099,신전동,4311312000,충청북도,2026-01-13 13:17:50.23341,2026-01-13 13:17:50.233412,f
19100,현암동,4311312100,충청북도,2026-01-13 13:17:50.237753,2026-01-13 13:17:50.237755,f
19101,동막동,4311312200,충청북도,2026-01-13 13:17:50.241796,2026-01-13 13:17:50.241799,f
19102,수의동,4311312300,충청북도,2026-01-13 13:17:50.246444,2026-01-13 13:17:50.246446,f
19103,지동동,4311312400,충청북도,2026-01-13 13:17:50.250493,2026-01-13 13:17:50.250494,f
19104,서촌동,4311312500,충청북도,2026-01-13 13:17:50.25526,2026-01-13 13:17:50.255262,f
19105,신성동,4311312600,충청북도,2026-01-13 13:17:50.259083,2026-01-13 13:17:50.259085,f
19106,평동,4311312700,충청북도,2026-01-13 13:17:50.262672,2026-01-13 13:17:50.262674,f
19107,신대동,4311312800,충청북도,2026-01-13 13:17:50.266973,2026-01-13 13:17:50.266975,f
19108,남촌동,4311312900,충청북도,2026-01-13 13:17:50.271919,2026-01-13 13:17:50.271923,f
19109,내곡동,4311313000,충청북도,2026-01-13 13:17:50.276976,2026-01-13 13:17:50.276978,f
19110,상신동,4311313100,충청북도,2026-01-13 13:17:50.281959,2026-01-13 13:17:50.281961,f
19111,원평동,4311313200,충청북도,2026-01-13 13:17:50.286897,2026-01-13 13:17:50.286904,f
19112,문암동,4311313300,충청북도,2026-01-13 13:17:50.292832,2026-01-13 13:17:50.292837,f
19113,송절동,4311313400,충청북도,2026-01-13 13:17:50.2985,2026-01-13 13:17:50.298502,f
19114,화계동,4311313500,충청북도,2026-01-13 13:17:50.302616,2026-01-13 13:17:50.302619,f
19115,외북동,4311313600,충청북도,2026-01-13 13:17:50.307148,2026-01-13 13:17:50.30715,f
19116,향정동,4311313700,충청북도,2026-01-13 13:17:50.311576,2026-01-13 13:17:50.311578,f
19117,비하동,4311313800,충청북도,2026-01-13 13:17:50.316453,2026-01-13 13:17:50.316455,f
19118,석소동,4311313900,충청북도,2026-01-13 13:17:50.320937,2026-01-13 13:17:50.32094,f
19119,정봉동,4311314000,충청북도,2026-01-13 13:17:50.326748,2026-01-13 13:17:50.326754,f
19120,신촌동,4311314100,충청북도,2026-01-13 13:17:50.331911,2026-01-13 13:17:50.331914,f
19121,오송읍,4311325000,충청북도,2026-01-13 13:17:50.337167,2026-01-13 13:17:50.337169,f
19122,호계리,4311325021,충청북도,2026-01-13 13:17:50.341631,2026-01-13 13:17:50.341634,f
19123,상정리,4311325022,충청북도,2026-01-13 13:17:50.34599,2026-01-13 13:17:50.345992,f
19124,공북리,4311325023,충청북도,2026-01-13 13:17:50.350044,2026-01-13 13:17:50.350046,f
19125,쌍청리,4311325024,충청북도,2026-01-13 13:17:50.355926,2026-01-13 13:17:50.355928,f
19126,만수리,4311325025,충청북도,2026-01-13 13:17:50.360074,2026-01-13 13:17:50.360076,f
19127,연제리,4311325026,충청북도,2026-01-13 13:17:50.364611,2026-01-13 13:17:50.364613,f
19128,궁평리,4311325027,충청북도,2026-01-13 13:17:50.36922,2026-01-13 13:17:50.369223,f
19129,오송리,4311325028,충청북도,2026-01-13 13:17:50.375156,2026-01-13 13:17:50.375162,f
19130,동평리,4311325029,충청북도,2026-01-13 13:17:50.380243,2026-01-13 13:17:50.380246,f
19131,서평리,4311325030,충청북도,2026-01-13 13:17:50.384608,2026-01-13 13:17:50.38461,f
19132,봉산리,4311325031,충청북도,2026-01-13 13:17:50.389115,2026-01-13 13:17:50.389117,f
19133,정중리,4311325032,충청북도,2026-01-13 13:17:50.394205,2026-01-13 13:17:50.394208,f
19134,상봉리,4311325033,충청북도,2026-01-13 13:17:50.399085,2026-01-13 13:17:50.399086,f
19135,강내면,4311331000,충청북도,2026-01-13 13:17:50.403561,2026-01-13 13:17:50.403564,f
19136,연정리,4311331021,충청북도,2026-01-13 13:17:50.40819,2026-01-13 13:17:50.408192,f
19137,궁현리,4311331022,충청북도,2026-01-13 13:17:50.412791,2026-01-13 13:17:50.412795,f
19138,저산리,4311331023,충청북도,2026-01-13 13:17:50.417628,2026-01-13 13:17:50.41763,f
19139,당곡리,4311331024,충청북도,2026-01-13 13:17:50.421852,2026-01-13 13:17:50.421855,f
19140,산단리,4311331025,충청북도,2026-01-13 13:17:50.426228,2026-01-13 13:17:50.42623,f
19141,다락리,4311331026,충청북도,2026-01-13 13:17:50.430366,2026-01-13 13:17:50.430368,f
19142,태성리,4311331027,충청북도,2026-01-13 13:17:50.43523,2026-01-13 13:17:50.435233,f
19143,사곡리,4311331028,충청북도,2026-01-13 13:17:50.439773,2026-01-13 13:17:50.439775,f
19144,황탄리,4311331029,충청북도,2026-01-13 13:17:50.443893,2026-01-13 13:17:50.443895,f
19145,월탄리,4311331030,충청북도,2026-01-13 13:17:50.448928,2026-01-13 13:17:50.448931,f
19146,탑연리,4311331031,충청북도,2026-01-13 13:17:50.455028,2026-01-13 13:17:50.455031,f
19147,석화리,4311331032,충청북도,2026-01-13 13:17:50.46061,2026-01-13 13:17:50.460613,f
19148,사인리,4311331033,충청북도,2026-01-13 13:17:50.465382,2026-01-13 13:17:50.465385,f
19149,월곡리,4311331034,충청북도,2026-01-13 13:17:50.47064,2026-01-13 13:17:50.470644,f
19150,학천리,4311331035,충청북도,2026-01-13 13:17:50.475855,2026-01-13 13:17:50.475858,f
19151,옥산면,4311332000,충청북도,2026-01-13 13:17:50.482365,2026-01-13 13:17:50.482368,f
19152,오산리,4311332021,충청북도,2026-01-13 13:17:50.487148,2026-01-13 13:17:50.48715,f
19153,덕촌리,4311332022,충청북도,2026-01-13 13:17:50.501474,2026-01-13 13:17:50.501487,f
19154,신촌리,4311332023,충청북도,2026-01-13 13:17:50.513943,2026-01-13 13:17:50.513951,f
19155,환희리,4311332024,충청북도,2026-01-13 13:17:50.523568,2026-01-13 13:17:50.52357,f
19156,가락리,4311332025,충청북도,2026-01-13 13:17:50.528668,2026-01-13 13:17:50.52867,f
19157,동림리,4311332026,충청북도,2026-01-13 13:17:50.532847,2026-01-13 13:17:50.532849,f
19158,금계리,4311332027,충청북도,2026-01-13 13:17:50.538091,2026-01-13 13:17:50.538094,f
19159,장동리,4311332028,충청북도,2026-01-13 13:17:50.542965,2026-01-13 13:17:50.542968,f
19160,사정리,4311332029,충청북도,2026-01-13 13:17:50.54718,2026-01-13 13:17:50.547183,f
19161,수락리,4311332030,충청북도,2026-01-13 13:17:50.551538,2026-01-13 13:17:50.551541,f
19162,장남리,4311332031,충청북도,2026-01-13 13:17:50.556299,2026-01-13 13:17:50.556301,f
19163,호죽리,4311332032,충청북도,2026-01-13 13:17:50.560574,2026-01-13 13:17:50.560577,f
19164,남촌리,4311332033,충청북도,2026-01-13 13:17:50.566239,2026-01-13 13:17:50.566244,f
19165,소로리,4311332034,충청북도,2026-01-13 13:17:50.572035,2026-01-13 13:17:50.57204,f
19166,국사리,4311332035,충청북도,2026-01-13 13:17:50.576986,2026-01-13 13:17:50.576988,f
19167,청원구,4311400000,충청북도,2026-01-13 13:17:50.581135,2026-01-13 13:17:50.581136,f
19168,우암동,4311410100,충청북도,2026-01-13 13:17:50.585056,2026-01-13 13:17:50.585058,f
19169,내덕동,4311410200,충청북도,2026-01-13 13:17:50.589631,2026-01-13 13:17:50.589633,f
19170,율량동,4311410300,충청북도,2026-01-13 13:17:50.594665,2026-01-13 13:17:50.594668,f
19171,사천동,4311410400,충청북도,2026-01-13 13:17:50.598799,2026-01-13 13:17:50.598801,f
19172,주성동,4311410500,충청북도,2026-01-13 13:17:50.602652,2026-01-13 13:17:50.602653,f
19173,주중동,4311410600,충청북도,2026-01-13 13:17:50.606989,2026-01-13 13:17:50.606992,f
19174,정상동,4311410700,충청북도,2026-01-13 13:17:50.612405,2026-01-13 13:17:50.612409,f
19175,정하동,4311410800,충청북도,2026-01-13 13:17:50.616895,2026-01-13 13:17:50.616898,f
19176,정북동,4311410900,충청북도,2026-01-13 13:17:50.620916,2026-01-13 13:17:50.620918,f
19177,오동동,4311411000,충청북도,2026-01-13 13:17:50.624721,2026-01-13 13:17:50.624724,f
19178,외남동,4311411100,충청북도,2026-01-13 13:17:50.628791,2026-01-13 13:17:50.628792,f
19179,외평동,4311411200,충청북도,2026-01-13 13:17:50.633169,2026-01-13 13:17:50.633174,f
19180,외하동,4311411300,충청북도,2026-01-13 13:17:50.639097,2026-01-13 13:17:50.639105,f
19181,내수읍,4311425000,충청북도,2026-01-13 13:17:50.644549,2026-01-13 13:17:50.644552,f
19182,내수리,4311425021,충청북도,2026-01-13 13:17:50.648906,2026-01-13 13:17:50.648908,f
19183,마산리,4311425022,충청북도,2026-01-13 13:17:50.654063,2026-01-13 13:17:50.654066,f
19184,풍정리,4311425023,충청북도,2026-01-13 13:17:50.658491,2026-01-13 13:17:50.658494,f
19185,덕암리,4311425024,충청북도,2026-01-13 13:17:50.662381,2026-01-13 13:17:50.662383,f
19186,도원리,4311425025,충청북도,2026-01-13 13:17:50.666539,2026-01-13 13:17:50.66654,f
19187,형동리,4311425026,충청북도,2026-01-13 13:17:50.670706,2026-01-13 13:17:50.670708,f
19188,세교리,4311425027,충청북도,2026-01-13 13:17:50.675935,2026-01-13 13:17:50.675937,f
19189,비상리,4311425028,충청북도,2026-01-13 13:17:50.679655,2026-01-13 13:17:50.679658,f
19190,저곡리,4311425029,충청북도,2026-01-13 13:17:50.683643,2026-01-13 13:17:50.683646,f
19191,우산리,4311425030,충청북도,2026-01-13 13:17:50.688801,2026-01-13 13:17:50.688806,f
19192,초정리,4311425031,충청북도,2026-01-13 13:17:50.693621,2026-01-13 13:17:50.693622,f
19193,비중리,4311425032,충청북도,2026-01-13 13:17:50.697815,2026-01-13 13:17:50.697817,f
19194,구성리,4311425033,충청북도,2026-01-13 13:17:50.701844,2026-01-13 13:17:50.701845,f
19195,국동리,4311425034,충청북도,2026-01-13 13:17:50.706312,2026-01-13 13:17:50.706315,f
19196,묵방리,4311425035,충청북도,2026-01-13 13:17:50.710444,2026-01-13 13:17:50.710446,f
19197,은곡리,4311425036,충청북도,2026-01-13 13:17:50.717211,2026-01-13 13:17:50.717215,f
19198,원통리,4311425037,충청북도,2026-01-13 13:17:50.721494,2026-01-13 13:17:50.721495,f
19199,신안리,4311425038,충청북도,2026-01-13 13:17:50.725357,2026-01-13 13:17:50.725359,f
19200,입동리,4311425039,충청북도,2026-01-13 13:17:50.729172,2026-01-13 13:17:50.729174,f
19201,입상리,4311425040,충청북도,2026-01-13 13:17:50.733786,2026-01-13 13:17:50.733789,f
19202,학평리,4311425041,충청북도,2026-01-13 13:17:50.73953,2026-01-13 13:17:50.739533,f
19203,오창읍,4311425300,충청북도,2026-01-13 13:17:50.744178,2026-01-13 13:17:50.744181,f
19204,여천리,4311425321,충청북도,2026-01-13 13:17:50.748749,2026-01-13 13:17:50.748752,f
19205,화산리(華山),4311425322,충청북도,2026-01-13 13:17:50.754351,2026-01-13 13:17:50.754354,f
19206,유리,4311425323,충청북도,2026-01-13 13:17:50.759,2026-01-13 13:17:50.759002,f
19207,일신리,4311425324,충청북도,2026-01-13 13:17:50.762824,2026-01-13 13:17:50.762827,f
19208,모정리,4311425325,충청북도,2026-01-13 13:17:50.767519,2026-01-13 13:17:50.767523,f
19209,학소리,4311425326,충청북도,2026-01-13 13:17:50.772004,2026-01-13 13:17:50.772007,f
19210,원리,4311425327,충청북도,2026-01-13 13:17:50.776495,2026-01-13 13:17:50.776497,f
19211,복현리,4311425328,충청북도,2026-01-13 13:17:50.780802,2026-01-13 13:17:50.780804,f
19212,양지리,4311425329,충청북도,2026-01-13 13:17:50.784755,2026-01-13 13:17:50.784757,f
19213,장대리,4311425330,충청북도,2026-01-13 13:17:50.789377,2026-01-13 13:17:50.789379,f
19214,창리,4311425331,충청북도,2026-01-13 13:17:50.793926,2026-01-13 13:17:50.793928,f
19215,주성리,4311425332,충청북도,2026-01-13 13:17:50.798362,2026-01-13 13:17:50.798364,f
19216,송대리,4311425333,충청북도,2026-01-13 13:17:50.803508,2026-01-13 13:17:50.803511,f
19217,도암리,4311425334,충청북도,2026-01-13 13:17:50.807821,2026-01-13 13:17:50.807823,f
19218,괴정리,4311425335,충청북도,2026-01-13 13:17:50.812543,2026-01-13 13:17:50.812545,f
19219,가곡리,4311425336,충청북도,2026-01-13 13:17:50.816705,2026-01-13 13:17:50.816706,f
19220,석우리,4311425337,충청북도,2026-01-13 13:17:50.823639,2026-01-13 13:17:50.823645,f
19221,상평리,4311425338,충청북도,2026-01-13 13:17:50.840049,2026-01-13 13:17:50.840055,f
19222,기암리,4311425339,충청북도,2026-01-13 13:17:50.84986,2026-01-13 13:17:50.849865,f
19223,탑리,4311425340,충청북도,2026-01-13 13:17:50.855421,2026-01-13 13:17:50.855423,f
19224,장연면,4376032000,충청북도,2026-01-13 13:17:50.860391,2026-01-13 13:17:50.860394,f
19225,농소리,4311425341,충청북도,2026-01-13 13:17:50.865028,2026-01-13 13:17:50.86503,f
19226,신평리,4311425342,충청북도,2026-01-13 13:17:50.869673,2026-01-13 13:17:50.869675,f
19227,중신리,4311425343,충청북도,2026-01-13 13:17:50.873647,2026-01-13 13:17:50.873649,f
19228,각리,4311425344,충청북도,2026-01-13 13:17:50.878946,2026-01-13 13:17:50.878948,f
19229,양청리,4311425345,충청북도,2026-01-13 13:17:50.883654,2026-01-13 13:17:50.883656,f
19230,구룡리,4311425346,충청북도,2026-01-13 13:17:50.888124,2026-01-13 13:17:50.888126,f
19231,성산리,4311425347,충청북도,2026-01-13 13:17:50.893756,2026-01-13 13:17:50.893758,f
19232,후기리,4311425348,충청북도,2026-01-13 13:17:50.898379,2026-01-13 13:17:50.898382,f
19233,용두리,4311425349,충청북도,2026-01-13 13:17:50.902235,2026-01-13 13:17:50.902236,f
19234,화산리(花山),4311425350,충청북도,2026-01-13 13:17:50.906183,2026-01-13 13:17:50.906185,f
19235,가좌리,4311425351,충청북도,2026-01-13 13:17:50.910058,2026-01-13 13:17:50.910061,f
19236,두릉리,4311425352,충청북도,2026-01-13 13:17:50.914951,2026-01-13 13:17:50.914953,f
19237,성재리,4311425353,충청북도,2026-01-13 13:17:50.919605,2026-01-13 13:17:50.919607,f
19238,백현리,4311425354,충청북도,2026-01-13 13:17:50.923602,2026-01-13 13:17:50.923604,f
19239,북이면,4311431000,충청북도,2026-01-13 13:17:50.929787,2026-01-13 13:17:50.929793,f
19240,신기리,4311431021,충청북도,2026-01-13 13:17:50.937026,2026-01-13 13:17:50.937029,f
19241,신대리,4311431022,충청북도,2026-01-13 13:17:50.942966,2026-01-13 13:17:50.942968,f
19242,현암리,4311431023,충청북도,2026-01-13 13:17:50.947873,2026-01-13 13:17:50.947875,f
19243,서당리,4311431024,충청북도,2026-01-13 13:17:50.954039,2026-01-13 13:17:50.954042,f
19244,대길리,4311431025,충청북도,2026-01-13 13:17:50.962833,2026-01-13 13:17:50.962836,f
19245,석화리,4311431026,충청북도,2026-01-13 13:17:50.967355,2026-01-13 13:17:50.967357,f
19246,영하리,4311431027,충청북도,2026-01-13 13:17:50.972557,2026-01-13 13:17:50.972562,f
19247,선암리,4311431028,충청북도,2026-01-13 13:17:50.977492,2026-01-13 13:17:50.977496,f
19248,호명리,4311431029,충청북도,2026-01-13 13:17:50.982273,2026-01-13 13:17:50.982275,f
19249,부연리,4311431030,충청북도,2026-01-13 13:17:50.986499,2026-01-13 13:17:50.986502,f
19250,토성리,4311431031,충청북도,2026-01-13 13:17:50.995699,2026-01-13 13:17:50.995705,f
19251,장재리,4311431032,충청북도,2026-01-13 13:17:51.003588,2026-01-13 13:17:51.003593,f
19252,금암리,4311431033,충청북도,2026-01-13 13:17:51.009388,2026-01-13 13:17:51.00939,f
19253,광암리,4311431034,충청북도,2026-01-13 13:17:51.013949,2026-01-13 13:17:51.013954,f
19254,금대리,4311431035,충청북도,2026-01-13 13:17:51.019269,2026-01-13 13:17:51.019272,f
19255,옥수리,4311431036,충청북도,2026-01-13 13:17:51.024149,2026-01-13 13:17:51.024153,f
19256,내추리,4311431037,충청북도,2026-01-13 13:17:51.028879,2026-01-13 13:17:51.028881,f
19257,추학리,4311431038,충청북도,2026-01-13 13:17:51.032907,2026-01-13 13:17:51.032909,f
19258,장양리,4311431039,충청북도,2026-01-13 13:17:51.03951,2026-01-13 13:17:51.039512,f
19259,용계리,4311431040,충청북도,2026-01-13 13:17:51.044241,2026-01-13 13:17:51.044243,f
19260,대율리,4311431041,충청북도,2026-01-13 13:17:51.048937,2026-01-13 13:17:51.04894,f
19261,석성리,4311431042,충청북도,2026-01-13 13:17:51.055827,2026-01-13 13:17:51.055829,f
19262,내둔리,4311431043,충청북도,2026-01-13 13:17:51.060914,2026-01-13 13:17:51.060917,f
19263,화상리,4311431044,충청북도,2026-01-13 13:17:51.064965,2026-01-13 13:17:51.064967,f
19264,화하리,4311431045,충청북도,2026-01-13 13:17:51.068956,2026-01-13 13:17:51.068959,f
19265,송정리,4311431046,충청북도,2026-01-13 13:17:51.073003,2026-01-13 13:17:51.073005,f
19266,충주시,4313000000,충청북도,2026-01-13 13:17:51.077354,2026-01-13 13:17:51.077357,f
19267,성내동,4313010100,충청북도,2026-01-13 13:17:51.082217,2026-01-13 13:17:51.08222,f
19268,성남동,4313010200,충청북도,2026-01-13 13:17:51.086212,2026-01-13 13:17:51.086215,f
19269,성서동,4313010300,충청북도,2026-01-13 13:17:51.089968,2026-01-13 13:17:51.089969,f
19270,충인동,4313010400,충청북도,2026-01-13 13:17:51.09446,2026-01-13 13:17:51.094463,f
19271,교현동,4313010500,충청북도,2026-01-13 13:17:51.099675,2026-01-13 13:17:51.099679,f
19272,용산동,4313010600,충청북도,2026-01-13 13:17:51.103931,2026-01-13 13:17:51.103933,f
19273,호암동,4313010700,충청북도,2026-01-13 13:17:51.108103,2026-01-13 13:17:51.108107,f
19274,직동,4313010800,충청북도,2026-01-13 13:17:51.112241,2026-01-13 13:17:51.112243,f
19275,단월동,4313010900,충청북도,2026-01-13 13:17:51.116909,2026-01-13 13:17:51.116911,f
19276,풍동,4313011000,충청북도,2026-01-13 13:17:51.122192,2026-01-13 13:17:51.122195,f
19277,가주동,4313011100,충청북도,2026-01-13 13:17:51.126524,2026-01-13 13:17:51.126526,f
19278,용관동,4313011200,충청북도,2026-01-13 13:17:51.131679,2026-01-13 13:17:51.131682,f
19279,용두동,4313011300,충청북도,2026-01-13 13:17:51.137682,2026-01-13 13:17:51.137686,f
19280,달천동,4313011400,충청북도,2026-01-13 13:17:51.142586,2026-01-13 13:17:51.142589,f
19281,봉방동,4313011500,충청북도,2026-01-13 13:17:51.147116,2026-01-13 13:17:51.147119,f
19282,칠금동,4313011600,충청북도,2026-01-13 13:17:51.152833,2026-01-13 13:17:51.152838,f
19283,연수동,4313011800,충청북도,2026-01-13 13:17:51.167263,2026-01-13 13:17:51.167272,f
19284,목행동,4313011900,충청북도,2026-01-13 13:17:51.175434,2026-01-13 13:17:51.17544,f
19285,용탄동,4313012000,충청북도,2026-01-13 13:17:51.183243,2026-01-13 13:17:51.183249,f
19286,종민동,4313012100,충청북도,2026-01-13 13:17:51.190617,2026-01-13 13:17:51.190621,f
19287,안림동,4313012200,충청북도,2026-01-13 13:17:51.195275,2026-01-13 13:17:51.195278,f
19288,목벌동,4313012300,충청북도,2026-01-13 13:17:51.200315,2026-01-13 13:17:51.200329,f
19289,충의동,4313012400,충청북도,2026-01-13 13:17:51.204361,2026-01-13 13:17:51.204363,f
19290,지현동,4313012500,충청북도,2026-01-13 13:17:51.208353,2026-01-13 13:17:51.208356,f
19291,문화동,4313012700,충청북도,2026-01-13 13:17:51.213165,2026-01-13 13:17:51.213168,f
19292,금릉동,4313012800,충청북도,2026-01-13 13:17:51.217922,2026-01-13 13:17:51.217924,f
19293,주덕읍,4313025000,충청북도,2026-01-13 13:17:51.222245,2026-01-13 13:17:51.222247,f
19294,신양리,4313025021,충청북도,2026-01-13 13:17:51.22673,2026-01-13 13:17:51.226732,f
19295,창전리,4313025022,충청북도,2026-01-13 13:17:51.231142,2026-01-13 13:17:51.231144,f
19296,대곡리,4313025023,충청북도,2026-01-13 13:17:51.235039,2026-01-13 13:17:51.235042,f
19297,삼청리,4313025024,충청북도,2026-01-13 13:17:51.239596,2026-01-13 13:17:51.239598,f
19298,신중리,4313025025,충청북도,2026-01-13 13:17:51.243718,2026-01-13 13:17:51.243721,f
19299,화곡리,4313025026,충청북도,2026-01-13 13:17:51.24912,2026-01-13 13:17:51.249123,f
19300,사락리,4313025027,충청북도,2026-01-13 13:17:51.255089,2026-01-13 13:17:51.255093,f
19301,제내리,4313025028,충청북도,2026-01-13 13:17:51.266246,2026-01-13 13:17:51.266249,f
19302,장록리,4313025029,충청북도,2026-01-13 13:17:51.271688,2026-01-13 13:17:51.27169,f
19303,덕련리,4313025030,충청북도,2026-01-13 13:17:51.276663,2026-01-13 13:17:51.276667,f
19304,당우리,4313025031,충청북도,2026-01-13 13:17:51.28174,2026-01-13 13:17:51.281742,f
19305,살미면,4313031000,충청북도,2026-01-13 13:17:51.286168,2026-01-13 13:17:51.286169,f
19306,세성리,4313031021,충청북도,2026-01-13 13:17:51.290091,2026-01-13 13:17:51.290093,f
19307,문화리,4313031022,충청북도,2026-01-13 13:17:51.294569,2026-01-13 13:17:51.294571,f
19308,재오개리,4313031023,충청북도,2026-01-13 13:17:51.299125,2026-01-13 13:17:51.299127,f
19309,무릉리,4313031024,충청북도,2026-01-13 13:17:51.303198,2026-01-13 13:17:51.3032,f
19310,신당리,4313031025,충청북도,2026-01-13 13:17:51.30707,2026-01-13 13:17:51.307072,f
19311,신매리,4313031026,충청북도,2026-01-13 13:17:51.311164,2026-01-13 13:17:51.311166,f
19312,공이리,4313031027,충청북도,2026-01-13 13:17:51.315603,2026-01-13 13:17:51.315605,f
19313,내사리,4313031028,충청북도,2026-01-13 13:17:51.320269,2026-01-13 13:17:51.320271,f
19314,용천리,4313031029,충청북도,2026-01-13 13:17:51.324179,2026-01-13 13:17:51.324181,f
19315,설운리,4313031030,충청북도,2026-01-13 13:17:51.328422,2026-01-13 13:17:51.328424,f
19316,향산리,4313031031,충청북도,2026-01-13 13:17:51.332832,2026-01-13 13:17:51.332835,f
19317,문강리,4313031032,충청북도,2026-01-13 13:17:51.338239,2026-01-13 13:17:51.338241,f
19318,토계리,4313031033,충청북도,2026-01-13 13:17:51.342365,2026-01-13 13:17:51.342366,f
19319,수안보면,4313032500,충청북도,2026-01-13 13:17:51.346137,2026-01-13 13:17:51.34614,f
19320,온천리,4313032521,충청북도,2026-01-13 13:17:51.350176,2026-01-13 13:17:51.350178,f
19321,안보리,4313032522,충청북도,2026-01-13 13:17:51.354161,2026-01-13 13:17:51.354163,f
19322,화천리,4313032523,충청북도,2026-01-13 13:17:51.359012,2026-01-13 13:17:51.359017,f
19323,사문리,4313032524,충청북도,2026-01-13 13:17:51.363761,2026-01-13 13:17:51.363763,f
19324,미륵리,4313032525,충청북도,2026-01-13 13:17:51.367867,2026-01-13 13:17:51.367869,f
19325,고운리,4313032526,충청북도,2026-01-13 13:17:51.372711,2026-01-13 13:17:51.372714,f
19326,중산리,4313032527,충청북도,2026-01-13 13:17:51.377724,2026-01-13 13:17:51.377726,f
19327,수회리,4313032528,충청북도,2026-01-13 13:17:51.382017,2026-01-13 13:17:51.382019,f
19328,대소원면,4313033500,충청북도,2026-01-13 13:17:51.386376,2026-01-13 13:17:51.386378,f
19329,대소리,4313033521,충청북도,2026-01-13 13:17:51.39016,2026-01-13 13:17:51.390161,f
19330,금곡리,4313033522,충청북도,2026-01-13 13:17:51.39456,2026-01-13 13:17:51.394562,f
19331,장성리,4313033523,충청북도,2026-01-13 13:17:51.401506,2026-01-13 13:17:51.401509,f
19332,만정리,4313033524,충청북도,2026-01-13 13:17:51.407304,2026-01-13 13:17:51.407308,f
19333,두정리,4313033525,충청북도,2026-01-13 13:17:51.411649,2026-01-13 13:17:51.411651,f
19334,탄용리,4313033526,충청북도,2026-01-13 13:17:51.417022,2026-01-13 13:17:51.417025,f
19335,매현리,4313033527,충청북도,2026-01-13 13:17:51.42274,2026-01-13 13:17:51.422743,f
19336,문주리,4313033528,충청북도,2026-01-13 13:17:51.43163,2026-01-13 13:17:51.431636,f
19337,검단리,4313033529,충청북도,2026-01-13 13:17:51.445529,2026-01-13 13:17:51.445536,f
19338,완오리,4313033530,충청북도,2026-01-13 13:17:51.454163,2026-01-13 13:17:51.454166,f
19339,본리,4313033531,충청북도,2026-01-13 13:17:51.459003,2026-01-13 13:17:51.459005,f
19340,영평리,4313033532,충청북도,2026-01-13 13:17:51.464254,2026-01-13 13:17:51.464258,f
19341,신니면,4313035000,충청북도,2026-01-13 13:17:51.469098,2026-01-13 13:17:51.469101,f
19342,용원리,4313035021,충청북도,2026-01-13 13:17:51.476075,2026-01-13 13:17:51.476078,f
19343,화석리,4313035022,충청북도,2026-01-13 13:17:51.482849,2026-01-13 13:17:51.482852,f
19344,신청리,4313035023,충청북도,2026-01-13 13:17:51.487875,2026-01-13 13:17:51.487878,f
19345,문숭리,4313035024,충청북도,2026-01-13 13:17:51.494771,2026-01-13 13:17:51.494774,f
19346,문락리,4313035025,충청북도,2026-01-13 13:17:51.500937,2026-01-13 13:17:51.50094,f
19347,모남리,4313035026,충청북도,2026-01-13 13:17:51.505136,2026-01-13 13:17:51.505138,f
19348,광월리,4313035027,충청북도,2026-01-13 13:17:51.509251,2026-01-13 13:17:51.509253,f
19349,대화리,4313035028,충청북도,2026-01-13 13:17:51.513175,2026-01-13 13:17:51.513177,f
19350,송암리,4313035029,충청북도,2026-01-13 13:17:51.518094,2026-01-13 13:17:51.518097,f
19351,선당리,4313035030,충청북도,2026-01-13 13:17:51.523021,2026-01-13 13:17:51.523023,f
19352,원평리,4313035031,충청북도,2026-01-13 13:17:51.527433,2026-01-13 13:17:51.527436,f
19353,마수리,4313035032,충청북도,2026-01-13 13:17:51.533553,2026-01-13 13:17:51.533557,f
19354,화안리,4313035033,충청북도,2026-01-13 13:17:51.538418,2026-01-13 13:17:51.538421,f
19355,견학리,4313035034,충청북도,2026-01-13 13:17:51.542466,2026-01-13 13:17:51.542468,f
19356,노은면,4313036000,충청북도,2026-01-13 13:17:51.546901,2026-01-13 13:17:51.546904,f
19357,연하리,4313036021,충청북도,2026-01-13 13:17:51.551021,2026-01-13 13:17:51.551023,f
19358,법동리,4313036022,충청북도,2026-01-13 13:17:51.555186,2026-01-13 13:17:51.555189,f
19359,안락리,4313036023,충청북도,2026-01-13 13:17:51.560154,2026-01-13 13:17:51.560156,f
19360,대덕리,4313036024,충청북도,2026-01-13 13:17:51.564921,2026-01-13 13:17:51.564925,f
19361,가신리,4313036025,충청북도,2026-01-13 13:17:51.571044,2026-01-13 13:17:51.571047,f
19362,문성리,4313036026,충청북도,2026-01-13 13:17:51.577316,2026-01-13 13:17:51.577332,f
19363,신효리,4313036027,충청북도,2026-01-13 13:17:51.581532,2026-01-13 13:17:51.581534,f
19364,수룡리,4313036028,충청북도,2026-01-13 13:17:51.585477,2026-01-13 13:17:51.58548,f
19365,앙성면,4313037000,충청북도,2026-01-13 13:17:51.590054,2026-01-13 13:17:51.590056,f
19366,용포리,4313037021,충청북도,2026-01-13 13:17:51.594155,2026-01-13 13:17:51.594157,f
19367,영죽리,4313037022,충청북도,2026-01-13 13:17:51.60001,2026-01-13 13:17:51.600012,f
19368,매전리,4376031027,충청북도,2026-01-13 13:17:51.604317,2026-01-13 13:17:51.604332,f
19369,강천리,4313037023,충청북도,2026-01-13 13:17:51.609469,2026-01-13 13:17:51.609472,f
19370,단암리,4313037024,충청북도,2026-01-13 13:17:51.614927,2026-01-13 13:17:51.61493,f
19371,중전리,4313037025,충청북도,2026-01-13 13:17:51.619724,2026-01-13 13:17:51.619727,f
19372,모점리,4313037026,충청북도,2026-01-13 13:17:51.623779,2026-01-13 13:17:51.623782,f
19373,목미리,4313037027,충청북도,2026-01-13 13:17:51.627923,2026-01-13 13:17:51.627925,f
19374,지당리,4313037028,충청북도,2026-01-13 13:17:51.631958,2026-01-13 13:17:51.63196,f
19375,본평리,4313037029,충청북도,2026-01-13 13:17:51.636825,2026-01-13 13:17:51.636828,f
19376,용대리,4313037030,충청북도,2026-01-13 13:17:51.64178,2026-01-13 13:17:51.641782,f
19377,마련리,4313037031,충청북도,2026-01-13 13:17:51.646039,2026-01-13 13:17:51.646043,f
19378,사미리,4313037032,충청북도,2026-01-13 13:17:51.652214,2026-01-13 13:17:51.652219,f
19379,돈산리,4313037033,충청북도,2026-01-13 13:17:51.657517,2026-01-13 13:17:51.657521,f
19380,능암리,4313037034,충청북도,2026-01-13 13:17:51.662608,2026-01-13 13:17:51.66261,f
19381,조천리,4313037035,충청북도,2026-01-13 13:17:51.667165,2026-01-13 13:17:51.667167,f
19382,중앙탑면,4313038500,충청북도,2026-01-13 13:17:51.67138,2026-01-13 13:17:51.671382,f
19383,탑평리,4313038521,충청북도,2026-01-13 13:17:51.678896,2026-01-13 13:17:51.6789,f
19384,봉황리,4313038522,충청북도,2026-01-13 13:17:51.686002,2026-01-13 13:17:51.686009,f
19385,가흥리,4313038523,충청북도,2026-01-13 13:17:51.693346,2026-01-13 13:17:51.69335,f
19386,장천리,4313038524,충청북도,2026-01-13 13:17:51.698013,2026-01-13 13:17:51.698015,f
19387,하구암리,4313038525,충청북도,2026-01-13 13:17:51.703228,2026-01-13 13:17:51.703233,f
19388,용전리,4313038526,충청북도,2026-01-13 13:17:51.708237,2026-01-13 13:17:51.70824,f
19389,루암리,4313038527,충청북도,2026-01-13 13:17:51.712648,2026-01-13 13:17:51.712651,f
19390,창동리,4313038528,충청북도,2026-01-13 13:17:51.718371,2026-01-13 13:17:51.718375,f
19391,금가면,4313039000,충청북도,2026-01-13 13:17:51.723135,2026-01-13 13:17:51.723138,f
19392,하담리,4313039021,충청북도,2026-01-13 13:17:51.727834,2026-01-13 13:17:51.727837,f
19393,잠병리,4313039022,충청북도,2026-01-13 13:17:51.732548,2026-01-13 13:17:51.73255,f
19394,유송리,4313039023,충청북도,2026-01-13 13:17:51.73798,2026-01-13 13:17:51.737982,f
19395,매하리,4313039024,충청북도,2026-01-13 13:17:51.742504,2026-01-13 13:17:51.742536,f
19396,월상리,4313039025,충청북도,2026-01-13 13:17:51.746823,2026-01-13 13:17:51.746825,f
19397,문산리,4313039026,충청북도,2026-01-13 13:17:51.750679,2026-01-13 13:17:51.750681,f
19398,원포리,4313039027,충청북도,2026-01-13 13:17:51.75479,2026-01-13 13:17:51.754791,f
19399,오석리,4313039028,충청북도,2026-01-13 13:17:51.760733,2026-01-13 13:17:51.760737,f
19400,사암리,4313039029,충청북도,2026-01-13 13:17:51.765821,2026-01-13 13:17:51.765824,f
19401,도촌리,4313039030,충청북도,2026-01-13 13:17:51.771005,2026-01-13 13:17:51.771009,f
19402,동량면,4313040000,충청북도,2026-01-13 13:17:51.775882,2026-01-13 13:17:51.775885,f
19403,조동리,4313040021,충청북도,2026-01-13 13:17:51.780055,2026-01-13 13:17:51.780058,f
19404,화암리,4313040022,충청북도,2026-01-13 13:17:51.784855,2026-01-13 13:17:51.784858,f
19405,지동리,4313040023,충청북도,2026-01-13 13:17:51.78898,2026-01-13 13:17:51.788982,f
19406,하천리,4313040024,충청북도,2026-01-13 13:17:51.792704,2026-01-13 13:17:51.792706,f
19407,손동리,4313040025,충청북도,2026-01-13 13:17:51.796707,2026-01-13 13:17:51.796709,f
19408,용교리,4313040026,충청북도,2026-01-13 13:17:51.801074,2026-01-13 13:17:51.801077,f
19409,대전리,4313040027,충청북도,2026-01-13 13:17:51.805423,2026-01-13 13:17:51.805425,f
19410,서운리,4313040028,충청북도,2026-01-13 13:17:51.809706,2026-01-13 13:17:51.809708,f
19411,포탄리,4313040029,충청북도,2026-01-13 13:17:51.814221,2026-01-13 13:17:51.814224,f
19412,함암리,4313040030,충청북도,2026-01-13 13:17:51.819456,2026-01-13 13:17:51.819459,f
19413,명오리,4313040031,충청북도,2026-01-13 13:17:51.823459,2026-01-13 13:17:51.823461,f
19414,사기리,4313040032,충청북도,2026-01-13 13:17:51.828144,2026-01-13 13:17:51.828147,f
19415,호운리,4313040033,충청북도,2026-01-13 13:17:51.832232,2026-01-13 13:17:51.832235,f
19416,산척면,4313041000,충청북도,2026-01-13 13:17:51.836833,2026-01-13 13:17:51.836838,f
19417,송강리,4313041021,충청북도,2026-01-13 13:17:51.844175,2026-01-13 13:17:51.844177,f
19418,영덕리,4313041022,충청북도,2026-01-13 13:17:51.848971,2026-01-13 13:17:51.848975,f
19419,명서리,4313041023,충청북도,2026-01-13 13:17:51.854475,2026-01-13 13:17:51.854478,f
19420,석천리,4313041024,충청북도,2026-01-13 13:17:51.859074,2026-01-13 13:17:51.859076,f
19421,엄정면,4313042000,충청북도,2026-01-13 13:17:51.864111,2026-01-13 13:17:51.864114,f
19422,용산리,4313042021,충청북도,2026-01-13 13:17:51.86792,2026-01-13 13:17:51.867921,f
19423,율능리,4313042022,충청북도,2026-01-13 13:17:51.871804,2026-01-13 13:17:51.871807,f
19424,목계리,4313042023,충청북도,2026-01-13 13:17:51.876633,2026-01-13 13:17:51.876636,f
19425,논강리,4313042024,충청북도,2026-01-13 13:17:51.881243,2026-01-13 13:17:51.881245,f
19426,미내리,4313042025,충청북도,2026-01-13 13:17:51.885678,2026-01-13 13:17:51.88568,f
19427,신만리,4313042026,충청북도,2026-01-13 13:17:51.890817,2026-01-13 13:17:51.890819,f
19428,괴동리,4313042027,충청북도,2026-01-13 13:17:51.895836,2026-01-13 13:17:51.895838,f
19429,추평리,4313042028,충청북도,2026-01-13 13:17:51.900531,2026-01-13 13:17:51.900533,f
19430,원곡리,4313042029,충청북도,2026-01-13 13:17:51.904625,2026-01-13 13:17:51.904627,f
19431,유봉리,4313042030,충청북도,2026-01-13 13:17:51.909934,2026-01-13 13:17:51.909937,f
19432,가춘리,4313042031,충청북도,2026-01-13 13:17:51.916537,2026-01-13 13:17:51.916541,f
19433,소태면,4313043000,충청북도,2026-01-13 13:17:51.925826,2026-01-13 13:17:51.925829,f
19434,오량리,4313043021,충청북도,2026-01-13 13:17:51.935614,2026-01-13 13:17:51.935621,f
19435,복탄리,4313043022,충청북도,2026-01-13 13:17:51.943349,2026-01-13 13:17:51.943351,f
19436,덕은리,4313043023,충청북도,2026-01-13 13:17:51.950461,2026-01-13 13:17:51.950463,f
19437,주치리,4313043024,충청북도,2026-01-13 13:17:51.955488,2026-01-13 13:17:51.95549,f
19438,구룡리,4313043025,충청북도,2026-01-13 13:17:51.960484,2026-01-13 13:17:51.960487,f
19439,야동리,4313043026,충청북도,2026-01-13 13:17:51.964642,2026-01-13 13:17:51.964644,f
19440,동막리,4313043027,충청북도,2026-01-13 13:17:51.968555,2026-01-13 13:17:51.968557,f
19441,양촌리,4313043028,충청북도,2026-01-13 13:17:51.973461,2026-01-13 13:17:51.973464,f
19442,중청리,4313043029,충청북도,2026-01-13 13:17:51.978587,2026-01-13 13:17:51.97859,f
19443,제천시,4315000000,충청북도,2026-01-13 13:17:51.982869,2026-01-13 13:17:51.982871,f
19444,의림동,4315010100,충청북도,2026-01-13 13:17:51.987967,2026-01-13 13:17:51.987971,f
19445,서부동,4315010200,충청북도,2026-01-13 13:17:51.99438,2026-01-13 13:17:51.994386,f
19446,동현동,4315010300,충청북도,2026-01-13 13:17:52.001259,2026-01-13 13:17:52.001267,f
19447,남천동,4315010400,충청북도,2026-01-13 13:17:52.005773,2026-01-13 13:17:52.005776,f
19448,교동,4315010500,충청북도,2026-01-13 13:17:52.010192,2026-01-13 13:17:52.010194,f
19449,중앙로1가,4315010600,충청북도,2026-01-13 13:17:52.015267,2026-01-13 13:17:52.01527,f
19450,중앙로2가,4315010700,충청북도,2026-01-13 13:17:52.01992,2026-01-13 13:17:52.019924,f
19451,명동,4315010800,충청북도,2026-01-13 13:17:52.024597,2026-01-13 13:17:52.024599,f
19452,화산동,4315010900,충청북도,2026-01-13 13:17:52.029166,2026-01-13 13:17:52.029168,f
19453,영천동,4315011000,충청북도,2026-01-13 13:17:52.033689,2026-01-13 13:17:52.033692,f
19454,하소동,4315011100,충청북도,2026-01-13 13:17:52.039471,2026-01-13 13:17:52.039475,f
19455,신월동,4315011200,충청북도,2026-01-13 13:17:52.043901,2026-01-13 13:17:52.043904,f
19456,청전동,4315011300,충청북도,2026-01-13 13:17:52.055951,2026-01-13 13:17:52.05596,f
19457,모산동,4315011400,충청북도,2026-01-13 13:17:52.073863,2026-01-13 13:17:52.073868,f
19458,고암동,4315011500,충청북도,2026-01-13 13:17:52.082974,2026-01-13 13:17:52.082982,f
19459,장락동,4315011600,충청북도,2026-01-13 13:17:52.090844,2026-01-13 13:17:52.090846,f
19460,흑석동,4315011700,충청북도,2026-01-13 13:17:52.095421,2026-01-13 13:17:52.095423,f
19461,두학동,4315011800,충청북도,2026-01-13 13:17:52.099907,2026-01-13 13:17:52.09991,f
19462,고명동,4315011900,충청북도,2026-01-13 13:17:52.104683,2026-01-13 13:17:52.104685,f
19463,신백동,4315012000,충청북도,2026-01-13 13:17:52.109398,2026-01-13 13:17:52.109402,f
19464,강제동,4315012100,충청북도,2026-01-13 13:17:52.113854,2026-01-13 13:17:52.113859,f
19465,명지동,4315012200,충청북도,2026-01-13 13:17:52.119883,2026-01-13 13:17:52.119887,f
19466,산곡동,4315012300,충청북도,2026-01-13 13:17:52.124635,2026-01-13 13:17:52.124638,f
19467,왕암동,4315012400,충청북도,2026-01-13 13:17:52.129318,2026-01-13 13:17:52.129329,f
19468,천남동,4315012500,충청북도,2026-01-13 13:17:52.134567,2026-01-13 13:17:52.134571,f
19469,신동,4315012600,충청북도,2026-01-13 13:17:52.139781,2026-01-13 13:17:52.139783,f
19470,자작동,4315012700,충청북도,2026-01-13 13:17:52.144837,2026-01-13 13:17:52.144839,f
19471,대랑동,4315012800,충청북도,2026-01-13 13:17:52.149281,2026-01-13 13:17:52.149283,f
19472,봉양읍,4315025000,충청북도,2026-01-13 13:17:52.154309,2026-01-13 13:17:52.154312,f
19473,주포리,4315025021,충청북도,2026-01-13 13:17:52.159755,2026-01-13 13:17:52.159757,f
19474,장평리,4315025022,충청북도,2026-01-13 13:17:52.16584,2026-01-13 13:17:52.165843,f
19475,미당리,4315025023,충청북도,2026-01-13 13:17:52.172545,2026-01-13 13:17:52.172549,f
19476,명도리,4315025024,충청북도,2026-01-13 13:17:52.178038,2026-01-13 13:17:52.17804,f
19477,봉양리,4315025025,충청북도,2026-01-13 13:17:52.182511,2026-01-13 13:17:52.182513,f
19478,명암리,4315025026,충청북도,2026-01-13 13:17:52.187378,2026-01-13 13:17:52.187381,f
19479,학산리,4315025027,충청북도,2026-01-13 13:17:52.191256,2026-01-13 13:17:52.191258,f
19480,옥전리,4315025028,충청북도,2026-01-13 13:17:52.195213,2026-01-13 13:17:52.195215,f
19481,구학리,4315025029,충청북도,2026-01-13 13:17:52.199994,2026-01-13 13:17:52.199996,f
19482,팔송리,4315025030,충청북도,2026-01-13 13:17:52.204106,2026-01-13 13:17:52.204109,f
19483,연박리,4315025031,충청북도,2026-01-13 13:17:52.209249,2026-01-13 13:17:52.209252,f
19484,원박리,4315025032,충청북도,2026-01-13 13:17:52.214009,2026-01-13 13:17:52.214011,f
19485,구곡리,4315025033,충청북도,2026-01-13 13:17:52.218512,2026-01-13 13:17:52.218515,f
19486,공전리,4315025034,충청북도,2026-01-13 13:17:52.22284,2026-01-13 13:17:52.222842,f
19487,마곡리,4315025035,충청북도,2026-01-13 13:17:52.227169,2026-01-13 13:17:52.227171,f
19488,삼거리,4315025036,충청북도,2026-01-13 13:17:52.231758,2026-01-13 13:17:52.23176,f
19489,금성면,4315031000,충청북도,2026-01-13 13:17:52.235963,2026-01-13 13:17:52.235968,f
19490,구룡리,4315031021,충청북도,2026-01-13 13:17:52.241618,2026-01-13 13:17:52.241623,f
19491,성내리,4315031022,충청북도,2026-01-13 13:17:52.245793,2026-01-13 13:17:52.245795,f
19492,월굴리,4315031023,충청북도,2026-01-13 13:17:52.249829,2026-01-13 13:17:52.249832,f
19493,중전리,4315031024,충청북도,2026-01-13 13:17:52.255968,2026-01-13 13:17:52.25597,f
19494,포전리,4315031025,충청북도,2026-01-13 13:17:52.260477,2026-01-13 13:17:52.26048,f
19495,활산리,4315031026,충청북도,2026-01-13 13:17:52.265361,2026-01-13 13:17:52.265364,f
19496,사곡리,4315031027,충청북도,2026-01-13 13:17:52.269568,2026-01-13 13:17:52.269571,f
19497,적덕리,4315031028,충청북도,2026-01-13 13:17:52.274223,2026-01-13 13:17:52.274228,f
19498,진리,4315031029,충청북도,2026-01-13 13:17:52.27938,2026-01-13 13:17:52.279383,f
19499,월림리,4315031030,충청북도,2026-01-13 13:17:52.283654,2026-01-13 13:17:52.283656,f
19500,위림리,4315031031,충청북도,2026-01-13 13:17:52.288392,2026-01-13 13:17:52.288394,f
19501,양화리,4315031032,충청북도,2026-01-13 13:17:52.295249,2026-01-13 13:17:52.295252,f
19502,대장리,4315031033,충청북도,2026-01-13 13:17:52.300516,2026-01-13 13:17:52.300518,f
19503,동막리,4315031034,충청북도,2026-01-13 13:17:52.304702,2026-01-13 13:17:52.304703,f
19504,청풍면,4315032000,충청북도,2026-01-13 13:17:52.308964,2026-01-13 13:17:52.308966,f
19505,읍리,4315032021,충청북도,2026-01-13 13:17:52.312514,2026-01-13 13:17:52.312515,f
19506,연곡리,4315032022,충청북도,2026-01-13 13:17:52.31711,2026-01-13 13:17:52.317112,f
19507,광의리,4315032023,충청북도,2026-01-13 13:17:52.321548,2026-01-13 13:17:52.32155,f
19508,계산리,4315032024,충청북도,2026-01-13 13:17:52.325754,2026-01-13 13:17:52.325756,f
19509,황석리,4315032025,충청북도,2026-01-13 13:17:52.329666,2026-01-13 13:17:52.329668,f
19510,후산리,4315032026,충청북도,2026-01-13 13:17:52.334348,2026-01-13 13:17:52.33435,f
19511,사오리,4315032027,충청북도,2026-01-13 13:17:52.339064,2026-01-13 13:17:52.339066,f
19512,부산리,4315032028,충청북도,2026-01-13 13:17:52.343438,2026-01-13 13:17:52.34344,f
19513,장선리,4315032029,충청북도,2026-01-13 13:17:52.347411,2026-01-13 13:17:52.347412,f
19514,단돈리,4315032030,충청북도,2026-01-13 13:17:52.351118,2026-01-13 13:17:52.351121,f
19515,방흥리,4315032031,충청북도,2026-01-13 13:17:52.355392,2026-01-13 13:17:52.355395,f
19516,오산리,4315032032,충청북도,2026-01-13 13:17:52.360472,2026-01-13 13:17:52.360474,f
19517,진목리,4315032033,충청북도,2026-01-13 13:17:52.364456,2026-01-13 13:17:52.364458,f
19518,양평리,4315032034,충청북도,2026-01-13 13:17:52.368274,2026-01-13 13:17:52.368276,f
19519,도곡리,4315032035,충청북도,2026-01-13 13:17:52.373248,2026-01-13 13:17:52.37325,f
19520,대류리,4315032036,충청북도,2026-01-13 13:17:52.378166,2026-01-13 13:17:52.378169,f
19521,신리,4315032037,충청북도,2026-01-13 13:17:52.382438,2026-01-13 13:17:52.38244,f
19522,용곡리,4315032038,충청북도,2026-01-13 13:17:52.387121,2026-01-13 13:17:52.387124,f
19523,연론리,4315032039,충청북도,2026-01-13 13:17:52.391619,2026-01-13 13:17:52.391621,f
19524,단리,4315032040,충청북도,2026-01-13 13:17:52.395922,2026-01-13 13:17:52.395925,f
19525,물태리,4315032041,충청북도,2026-01-13 13:17:52.400774,2026-01-13 13:17:52.400777,f
19526,도리,4315032042,충청북도,2026-01-13 13:17:52.405015,2026-01-13 13:17:52.405017,f
19527,실리곡리,4315032043,충청북도,2026-01-13 13:17:52.408976,2026-01-13 13:17:52.408978,f
19528,북진리,4315032044,충청북도,2026-01-13 13:17:52.420596,2026-01-13 13:17:52.420601,f
19529,도화리,4315032045,충청북도,2026-01-13 13:17:52.426877,2026-01-13 13:17:52.426879,f
19530,교리,4315032046,충청북도,2026-01-13 13:17:52.433578,2026-01-13 13:17:52.43358,f
19531,학현리,4315032047,충청북도,2026-01-13 13:17:52.439524,2026-01-13 13:17:52.439526,f
19532,수산면,4315033000,충청북도,2026-01-13 13:17:52.444399,2026-01-13 13:17:52.444401,f
19533,수산리,4315033021,충청북도,2026-01-13 13:17:52.448785,2026-01-13 13:17:52.448787,f
19534,내리,4315033022,충청북도,2026-01-13 13:17:52.453695,2026-01-13 13:17:52.453697,f
19535,적곡리,4315033023,충청북도,2026-01-13 13:17:52.459064,2026-01-13 13:17:52.459067,f
19536,수곡리,4315033024,충청북도,2026-01-13 13:17:52.463752,2026-01-13 13:17:52.463754,f
19537,수리,4315033025,충청북도,2026-01-13 13:17:52.467755,2026-01-13 13:17:52.467757,f
19538,대전리,4315033026,충청북도,2026-01-13 13:17:52.472204,2026-01-13 13:17:52.472207,f
19539,계란리,4315033027,충청북도,2026-01-13 13:17:52.476792,2026-01-13 13:17:52.476794,f
19540,괴곡리,4315033028,충청북도,2026-01-13 13:17:52.482981,2026-01-13 13:17:52.482985,f
19541,원대리,4315033029,충청북도,2026-01-13 13:17:52.487823,2026-01-13 13:17:52.487826,f
19542,다불리,4315033030,충청북도,2026-01-13 13:17:52.495564,2026-01-13 13:17:52.495566,f
19543,전곡리,4315033031,충청북도,2026-01-13 13:17:52.500646,2026-01-13 13:17:52.500648,f
19544,구곡리,4315033032,충청북도,2026-01-13 13:17:52.505196,2026-01-13 13:17:52.505198,f
19545,도전리,4315033033,충청북도,2026-01-13 13:17:52.509818,2026-01-13 13:17:52.50982,f
19546,율지리,4315033034,충청북도,2026-01-13 13:17:52.514154,2026-01-13 13:17:52.514159,f
19547,지곡리,4315033035,충청북도,2026-01-13 13:17:52.519023,2026-01-13 13:17:52.519027,f
19548,서곡리,4315033036,충청북도,2026-01-13 13:17:52.523406,2026-01-13 13:17:52.523407,f
19549,오티리,4315033037,충청북도,2026-01-13 13:17:52.527792,2026-01-13 13:17:52.527795,f
19550,성리,4315033038,충청북도,2026-01-13 13:17:52.532497,2026-01-13 13:17:52.5325,f
19551,상천리,4315033039,충청북도,2026-01-13 13:17:52.536967,2026-01-13 13:17:52.53697,f
19552,하천리,4315033040,충청북도,2026-01-13 13:17:52.541728,2026-01-13 13:17:52.541731,f
19553,능강리,4315033041,충청북도,2026-01-13 13:17:52.545602,2026-01-13 13:17:52.545604,f
19554,고명리,4315033042,충청북도,2026-01-13 13:17:52.549684,2026-01-13 13:17:52.549687,f
19555,덕산면,4315034000,충청북도,2026-01-13 13:17:52.553588,2026-01-13 13:17:52.55359,f
19556,도전리,4315034021,충청북도,2026-01-13 13:17:52.558524,2026-01-13 13:17:52.558528,f
19557,성암리,4315034022,충청북도,2026-01-13 13:17:52.563018,2026-01-13 13:17:52.56302,f
19558,신현리,4315034023,충청북도,2026-01-13 13:17:52.567079,2026-01-13 13:17:52.567081,f
19559,수산리,4315034024,충청북도,2026-01-13 13:17:52.571921,2026-01-13 13:17:52.571924,f
19560,월악리,4315034025,충청북도,2026-01-13 13:17:52.576655,2026-01-13 13:17:52.576657,f
19561,도기리,4315034026,충청북도,2026-01-13 13:17:52.580948,2026-01-13 13:17:52.58095,f
19562,광전리,4376031026,충청북도,2026-01-13 13:17:52.584826,2026-01-13 13:17:52.584828,f
19563,선고리,4315034027,충청북도,2026-01-13 13:17:52.588999,2026-01-13 13:17:52.589,f
19564,한수면,4315035000,충청북도,2026-01-13 13:17:52.593533,2026-01-13 13:17:52.593536,f
19565,황강리,4315035021,충청북도,2026-01-13 13:17:52.598538,2026-01-13 13:17:52.598558,f
19566,서창리,4315035022,충청북도,2026-01-13 13:17:52.602825,2026-01-13 13:17:52.602827,f
19567,덕곡리,4315035023,충청북도,2026-01-13 13:17:52.606871,2026-01-13 13:17:52.606873,f
19568,한천리,4315035024,충청북도,2026-01-13 13:17:52.611585,2026-01-13 13:17:52.611588,f
19569,역리,4315035025,충청북도,2026-01-13 13:17:52.616575,2026-01-13 13:17:52.616579,f
19570,북노리,4315035026,충청북도,2026-01-13 13:17:52.621107,2026-01-13 13:17:52.62111,f
19571,상노리,4315035027,충청북도,2026-01-13 13:17:52.62502,2026-01-13 13:17:52.625022,f
19572,탄지리,4315035028,충청북도,2026-01-13 13:17:52.629055,2026-01-13 13:17:52.629057,f
19573,복평리,4315035029,충청북도,2026-01-13 13:17:52.633079,2026-01-13 13:17:52.633081,f
19574,송계리,4315035030,충청북도,2026-01-13 13:17:52.640214,2026-01-13 13:17:52.640218,f
19575,백운면,4315036000,충청북도,2026-01-13 13:17:52.645532,2026-01-13 13:17:52.645534,f
19576,평동리,4315036021,충청북도,2026-01-13 13:17:52.649707,2026-01-13 13:17:52.649709,f
19577,운학리,4315036022,충청북도,2026-01-13 13:17:52.654892,2026-01-13 13:17:52.654896,f
19578,덕동리,4315036023,충청북도,2026-01-13 13:17:52.660257,2026-01-13 13:17:52.66026,f
19579,화당리,4315036024,충청북도,2026-01-13 13:17:52.6649,2026-01-13 13:17:52.664903,f
19580,도곡리,4315036025,충청북도,2026-01-13 13:17:52.668646,2026-01-13 13:17:52.668648,f
19581,방학리,4315036026,충청북도,2026-01-13 13:17:52.672531,2026-01-13 13:17:52.672533,f
19582,모정리,4315036027,충청북도,2026-01-13 13:17:52.676934,2026-01-13 13:17:52.676937,f
19583,애련리,4315036028,충청북도,2026-01-13 13:17:52.681527,2026-01-13 13:17:52.681529,f
19584,원월리,4315036029,충청북도,2026-01-13 13:17:52.686079,2026-01-13 13:17:52.686083,f
19585,송학면,4315038000,충청북도,2026-01-13 13:17:52.690872,2026-01-13 13:17:52.690875,f
19586,무도리,4315038021,충청북도,2026-01-13 13:17:52.707003,2026-01-13 13:17:52.707008,f
19587,장곡리,4315038022,충청북도,2026-01-13 13:17:52.715945,2026-01-13 13:17:52.715948,f
19588,입석리,4315038023,충청북도,2026-01-13 13:17:52.725317,2026-01-13 13:17:52.725334,f
19589,시곡리,4315038024,충청북도,2026-01-13 13:17:52.729963,2026-01-13 13:17:52.729965,f
19590,도화리,4315038025,충청북도,2026-01-13 13:17:52.734476,2026-01-13 13:17:52.734478,f
19591,포전리,4315038026,충청북도,2026-01-13 13:17:52.739456,2026-01-13 13:17:52.739459,f
19592,송한리,4315038027,충청북도,2026-01-13 13:17:52.745049,2026-01-13 13:17:52.745052,f
19593,오미리,4315038028,충청북도,2026-01-13 13:17:52.749326,2026-01-13 13:17:52.749329,f
19594,구월리,4376031024,충청북도,2026-01-13 13:17:52.753531,2026-01-13 13:17:52.753534,f
19595,백양리,4376031025,충청북도,2026-01-13 13:17:52.758812,2026-01-13 13:17:52.758815,f
19596,오창리,4376031022,충청북도,2026-01-13 13:17:52.763179,2026-01-13 13:17:52.763181,f
19597,이담리,4376031023,충청북도,2026-01-13 13:17:52.767387,2026-01-13 13:17:52.767389,f
19598,오성리,4376031021,충청북도,2026-01-13 13:17:52.771816,2026-01-13 13:17:52.771818,f
19599,감물면,4376031000,충청북도,2026-01-13 13:17:52.77748,2026-01-13 13:17:52.777482,f
19600,보은군,4372000000,충청북도,2026-01-13 13:17:52.781831,2026-01-13 13:17:52.781833,f
19601,보은읍,4372025000,충청북도,2026-01-13 13:17:52.786233,2026-01-13 13:17:52.786236,f
19602,삼산리,4372025021,충청북도,2026-01-13 13:17:52.790082,2026-01-13 13:17:52.790084,f
19603,죽전리,4372025022,충청북도,2026-01-13 13:17:52.794181,2026-01-13 13:17:52.794183,f
19604,장신리,4372025023,충청북도,2026-01-13 13:17:52.798388,2026-01-13 13:17:52.79839,f
19605,교사리,4372025024,충청북도,2026-01-13 13:17:52.803937,2026-01-13 13:17:52.80394,f
19606,수정리,4372025025,충청북도,2026-01-13 13:17:52.808532,2026-01-13 13:17:52.808534,f
19607,지산리,4372025026,충청북도,2026-01-13 13:17:52.812813,2026-01-13 13:17:52.812816,f
19608,금굴리,4372025027,충청북도,2026-01-13 13:17:52.817536,2026-01-13 13:17:52.817538,f
19609,월송리,4372025028,충청북도,2026-01-13 13:17:52.822247,2026-01-13 13:17:52.822249,f
19610,어암리,4372025029,충청북도,2026-01-13 13:17:52.826816,2026-01-13 13:17:52.826817,f
19611,성주리,4372025030,충청북도,2026-01-13 13:17:52.832379,2026-01-13 13:17:52.832382,f
19612,이평리,4372025031,충청북도,2026-01-13 13:17:52.840775,2026-01-13 13:17:52.84078,f
19613,길상리,4372025032,충청북도,2026-01-13 13:17:52.846528,2026-01-13 13:17:52.846531,f
19614,대야리,4372025033,충청북도,2026-01-13 13:17:52.851265,2026-01-13 13:17:52.851267,f
19615,누청리,4372025034,충청북도,2026-01-13 13:17:52.856281,2026-01-13 13:17:52.856283,f
19616,강신리,4372025035,충청북도,2026-01-13 13:17:52.860888,2026-01-13 13:17:52.860894,f
19617,성족리,4372025036,충청북도,2026-01-13 13:17:52.865475,2026-01-13 13:17:52.865479,f
19618,종곡리,4372025037,충청북도,2026-01-13 13:17:52.87051,2026-01-13 13:17:52.870513,f
19619,학림리,4372025038,충청북도,2026-01-13 13:17:52.874706,2026-01-13 13:17:52.874709,f
19620,강산리,4372025039,충청북도,2026-01-13 13:17:52.879159,2026-01-13 13:17:52.879161,f
19621,중동리,4372025040,충청북도,2026-01-13 13:17:52.883697,2026-01-13 13:17:52.883699,f
19622,신함리,4372025041,충청북도,2026-01-13 13:17:52.888407,2026-01-13 13:17:52.888409,f
19623,풍취리,4372025042,충청북도,2026-01-13 13:17:52.893905,2026-01-13 13:17:52.893907,f
19624,산성리,4372025043,충청북도,2026-01-13 13:17:52.898717,2026-01-13 13:17:52.898719,f
19625,중초리,4372025044,충청북도,2026-01-13 13:17:52.903847,2026-01-13 13:17:52.903851,f
19626,노티리,4372025045,충청북도,2026-01-13 13:17:52.908198,2026-01-13 13:17:52.9082,f
19627,용암리,4372025046,충청북도,2026-01-13 13:17:52.912106,2026-01-13 13:17:52.912107,f
19628,봉평리,4372025047,충청북도,2026-01-13 13:17:52.916146,2026-01-13 13:17:52.916147,f
19629,장속리,4372025048,충청북도,2026-01-13 13:17:52.920163,2026-01-13 13:17:52.920166,f
19630,속리산면,4372031500,충청북도,2026-01-13 13:17:52.924745,2026-01-13 13:17:52.924749,f
19631,상판리,4372031521,충청북도,2026-01-13 13:17:52.928692,2026-01-13 13:17:52.928695,f
19632,갈목리,4372031522,충청북도,2026-01-13 13:17:52.932945,2026-01-13 13:17:52.932948,f
19633,중판리,4372031523,충청북도,2026-01-13 13:17:52.937918,2026-01-13 13:17:52.93792,f
19634,하판리,4372031524,충청북도,2026-01-13 13:17:52.943357,2026-01-13 13:17:52.943359,f
19635,북암리,4372031525,충청북도,2026-01-13 13:17:52.947717,2026-01-13 13:17:52.947719,f
19636,백현리,4372031526,충청북도,2026-01-13 13:17:52.951516,2026-01-13 13:17:52.951518,f
19637,사내리,4372031527,충청북도,2026-01-13 13:17:52.956546,2026-01-13 13:17:52.956549,f
19638,삼가리,4372031528,충청북도,2026-01-13 13:17:52.961669,2026-01-13 13:17:52.961671,f
19639,구병리,4372031529,충청북도,2026-01-13 13:17:52.968951,2026-01-13 13:17:52.968954,f
19640,도화리,4372031530,충청북도,2026-01-13 13:17:52.97517,2026-01-13 13:17:52.975173,f
19641,만수리,4372031531,충청북도,2026-01-13 13:17:52.980742,2026-01-13 13:17:52.980745,f
19642,장안면,4372032500,충청북도,2026-01-13 13:17:52.98649,2026-01-13 13:17:52.986493,f
19643,서원리,4372032522,충청북도,2026-01-13 13:17:52.994756,2026-01-13 13:17:52.994759,f
19644,개안리,4372032523,충청북도,2026-01-13 13:17:53.000525,2026-01-13 13:17:53.000528,f
19645,황곡리,4372032524,충청북도,2026-01-13 13:17:53.006669,2026-01-13 13:17:53.006671,f
19646,봉비리,4372032525,충청북도,2026-01-13 13:17:53.011116,2026-01-13 13:17:53.011118,f
19647,불목리,4372032526,충청북도,2026-01-13 13:17:53.016177,2026-01-13 13:17:53.016179,f
19648,오창리,4372032527,충청북도,2026-01-13 13:17:53.022055,2026-01-13 13:17:53.022059,f
19649,장재리,4372032528,충청북도,2026-01-13 13:17:53.028259,2026-01-13 13:17:53.028262,f
19650,구인리,4372032529,충청북도,2026-01-13 13:17:53.032874,2026-01-13 13:17:53.032877,f
19651,장안리,4372032530,충청북도,2026-01-13 13:17:53.037466,2026-01-13 13:17:53.03747,f
19652,마로면,4372033000,충청북도,2026-01-13 13:17:53.043807,2026-01-13 13:17:53.043811,f
19653,관기리,4372033021,충청북도,2026-01-13 13:17:53.048336,2026-01-13 13:17:53.048338,f
19654,수문리,4372033022,충청북도,2026-01-13 13:17:53.052786,2026-01-13 13:17:53.05279,f
19655,오천리,4372033023,충청북도,2026-01-13 13:17:53.057806,2026-01-13 13:17:53.057808,f
19656,세중리,4372033024,충청북도,2026-01-13 13:17:53.06286,2026-01-13 13:17:53.062865,f
19657,변둔리,4372033025,충청북도,2026-01-13 13:17:53.067917,2026-01-13 13:17:53.06792,f
19658,소여리,4372033026,충청북도,2026-01-13 13:17:53.072603,2026-01-13 13:17:53.072606,f
19659,적암리,4372033027,충청북도,2026-01-13 13:17:53.077269,2026-01-13 13:17:53.077271,f
19660,송현리,4372033028,충청북도,2026-01-13 13:17:53.08352,2026-01-13 13:17:53.083524,f
19661,기대리,4372033029,충청북도,2026-01-13 13:17:53.088463,2026-01-13 13:17:53.088466,f
19662,원정리,4372033030,충청북도,2026-01-13 13:17:53.093212,2026-01-13 13:17:53.093215,f
19663,갈전리,4372033031,충청북도,2026-01-13 13:17:53.098614,2026-01-13 13:17:53.098616,f
19664,한중리,4372033032,충청북도,2026-01-13 13:17:53.103283,2026-01-13 13:17:53.103357,f
19665,임곡리,4372033033,충청북도,2026-01-13 13:17:53.109635,2026-01-13 13:17:53.109638,f
19666,갈평리,4372033034,충청북도,2026-01-13 13:17:53.114702,2026-01-13 13:17:53.114705,f
19667,탄부면,4372034000,충청북도,2026-01-13 13:17:53.120146,2026-01-13 13:17:53.12015,f
19668,하장리,4372034021,충청북도,2026-01-13 13:17:53.126072,2026-01-13 13:17:53.126076,f
19669,구암리,4372034022,충청북도,2026-01-13 13:17:53.131073,2026-01-13 13:17:53.131075,f
19670,성지리,4372034023,충청북도,2026-01-13 13:17:53.136839,2026-01-13 13:17:53.136845,f
19671,덕동리,4372034024,충청북도,2026-01-13 13:17:53.146028,2026-01-13 13:17:53.146032,f
19672,매화리,4372034025,충청북도,2026-01-13 13:17:53.157012,2026-01-13 13:17:53.157017,f
19673,고승리,4372034026,충청북도,2026-01-13 13:17:53.16886,2026-01-13 13:17:53.16887,f
19674,상장리,4372034027,충청북도,2026-01-13 13:17:53.177165,2026-01-13 13:17:53.177168,f
19675,대양리,4372034028,충청북도,2026-01-13 13:17:53.181798,2026-01-13 13:17:53.181801,f
19676,벽지리,4372034029,충청북도,2026-01-13 13:17:53.187044,2026-01-13 13:17:53.187047,f
19677,장암리,4372034030,충청북도,2026-01-13 13:17:53.192268,2026-01-13 13:17:53.192272,f
19678,사직리,4372034031,충청북도,2026-01-13 13:17:53.196521,2026-01-13 13:17:53.196523,f
19679,평각리,4372034032,충청북도,2026-01-13 13:17:53.200869,2026-01-13 13:17:53.200874,f
19680,임한리,4372034033,충청북도,2026-01-13 13:17:53.205763,2026-01-13 13:17:53.205765,f
19681,삼승면,4372035000,충청북도,2026-01-13 13:17:53.209854,2026-01-13 13:17:53.209856,f
19682,원남리,4372035021,충청북도,2026-01-13 13:17:53.214812,2026-01-13 13:17:53.214817,f
19683,내망리,4372035022,충청북도,2026-01-13 13:17:53.219865,2026-01-13 13:17:53.219868,f
19684,탄금리,4372035023,충청북도,2026-01-13 13:17:53.224081,2026-01-13 13:17:53.224084,f
19685,달산리,4372035024,충청북도,2026-01-13 13:17:53.228131,2026-01-13 13:17:53.228133,f
19686,송죽리,4372035025,충청북도,2026-01-13 13:17:53.232413,2026-01-13 13:17:53.232414,f
19687,선곡리,4372035026,충청북도,2026-01-13 13:17:53.236474,2026-01-13 13:17:53.236477,f
19688,천남리,4372035027,충청북도,2026-01-13 13:17:53.240449,2026-01-13 13:17:53.240452,f
19689,상가리,4372035028,충청북도,2026-01-13 13:17:53.245514,2026-01-13 13:17:53.245516,f
19690,우진리,4372035029,충청북도,2026-01-13 13:17:53.249912,2026-01-13 13:17:53.249914,f
19691,둔덕리,4372035030,충청북도,2026-01-13 13:17:53.256461,2026-01-13 13:17:53.256463,f
19692,서원리,4372035031,충청북도,2026-01-13 13:17:53.261578,2026-01-13 13:17:53.26158,f
19693,수한면,4372036000,충청북도,2026-01-13 13:17:53.265748,2026-01-13 13:17:53.265751,f
19694,병원리,4372036021,충청북도,2026-01-13 13:17:53.270134,2026-01-13 13:17:53.270136,f
19695,교암리,4372036022,충청북도,2026-01-13 13:17:53.274338,2026-01-13 13:17:53.274341,f
19696,발산리,4372036023,충청북도,2026-01-13 13:17:53.278681,2026-01-13 13:17:53.278683,f
19697,소계리,4372036024,충청북도,2026-01-13 13:17:53.283658,2026-01-13 13:17:53.28366,f
19698,거현리,4372036025,충청북도,2026-01-13 13:17:53.287827,2026-01-13 13:17:53.287829,f
19699,질신리,4372036026,충청북도,2026-01-13 13:17:53.292398,2026-01-13 13:17:53.292406,f
19700,오정리,4372036027,충청북도,2026-01-13 13:17:53.298067,2026-01-13 13:17:53.298069,f
19701,차정리,4372036028,충청북도,2026-01-13 13:17:53.302497,2026-01-13 13:17:53.302503,f
19702,후평리,4372036029,충청북도,2026-01-13 13:17:53.308196,2026-01-13 13:17:53.308198,f
19703,성리,4372036030,충청북도,2026-01-13 13:17:53.313712,2026-01-13 13:17:53.313716,f
19704,묘서리,4372036031,충청북도,2026-01-13 13:17:53.320767,2026-01-13 13:17:53.320775,f
19705,광촌리,4372036032,충청북도,2026-01-13 13:17:53.343409,2026-01-13 13:17:53.343415,f
19706,장선리,4372036033,충청북도,2026-01-13 13:17:53.351489,2026-01-13 13:17:53.351492,f
19707,동정리,4372036034,충청북도,2026-01-13 13:17:53.357391,2026-01-13 13:17:53.357394,f
19708,산척리,4372036035,충청북도,2026-01-13 13:17:53.363546,2026-01-13 13:17:53.36355,f
19709,율산리,4372036036,충청북도,2026-01-13 13:17:53.367875,2026-01-13 13:17:53.367877,f
19710,노성리,4372036037,충청북도,2026-01-13 13:17:53.372362,2026-01-13 13:17:53.372365,f
19711,회남면,4372037000,충청북도,2026-01-13 13:17:53.377483,2026-01-13 13:17:53.377485,f
19712,신곡리,4372037021,충청북도,2026-01-13 13:17:53.383121,2026-01-13 13:17:53.383123,f
19713,금곡리,4372037022,충청북도,2026-01-13 13:17:53.387355,2026-01-13 13:17:53.387357,f
19714,조곡리,4372037023,충청북도,2026-01-13 13:17:53.391222,2026-01-13 13:17:53.391224,f
19715,용호리,4372037024,충청북도,2026-01-13 13:17:53.39563,2026-01-13 13:17:53.395632,f
19716,은운리,4372037025,충청북도,2026-01-13 13:17:53.399976,2026-01-13 13:17:53.399978,f
19717,송포리,4372037026,충청북도,2026-01-13 13:17:53.405922,2026-01-13 13:17:53.405924,f
19718,법수리,4372037027,충청북도,2026-01-13 13:17:53.41044,2026-01-13 13:17:53.410442,f
19719,신추리,4372037028,충청북도,2026-01-13 13:17:53.416696,2026-01-13 13:17:53.416701,f
19720,거교리,4372037029,충청북도,2026-01-13 13:17:53.422785,2026-01-13 13:17:53.422789,f
19721,분저리,4372037031,충청북도,2026-01-13 13:17:53.42742,2026-01-13 13:17:53.427421,f
19722,서탄리,4372037032,충청북도,2026-01-13 13:17:53.431805,2026-01-13 13:17:53.431807,f
19723,산수리,4372037033,충청북도,2026-01-13 13:17:53.438046,2026-01-13 13:17:53.438053,f
19724,매산리,4372037034,충청북도,2026-01-13 13:17:53.444653,2026-01-13 13:17:53.444656,f
19725,어성리,4372037035,충청북도,2026-01-13 13:17:53.449384,2026-01-13 13:17:53.449386,f
19726,사음리,4372037037,충청북도,2026-01-13 13:17:53.454621,2026-01-13 13:17:53.454624,f
19727,사탄리,4372037038,충청북도,2026-01-13 13:17:53.459041,2026-01-13 13:17:53.459043,f
19728,남대문리,4372037039,충청북도,2026-01-13 13:17:53.465042,2026-01-13 13:17:53.465047,f
19729,광포리,4372037040,충청북도,2026-01-13 13:17:53.470719,2026-01-13 13:17:53.470722,f
19730,회인면,4372038500,충청북도,2026-01-13 13:17:53.475,2026-01-13 13:17:53.475002,f
19731,중앙리,4372038521,충청북도,2026-01-13 13:17:53.478793,2026-01-13 13:17:53.478796,f
19732,용촌리,4372038522,충청북도,2026-01-13 13:17:53.483514,2026-01-13 13:17:53.48352,f
19733,신문리,4372038523,충청북도,2026-01-13 13:17:53.490233,2026-01-13 13:17:53.490236,f
19734,쌍암리,4372038524,충청북도,2026-01-13 13:17:53.495496,2026-01-13 13:17:53.4955,f
19735,갈티리,4372038525,충청북도,2026-01-13 13:17:53.500085,2026-01-13 13:17:53.500087,f
19736,건천리,4372038526,충청북도,2026-01-13 13:17:53.505527,2026-01-13 13:17:53.505529,f
19737,부수리,4372038527,충청북도,2026-01-13 13:17:53.509642,2026-01-13 13:17:53.509645,f
19738,송평리,4372038528,충청북도,2026-01-13 13:17:53.513631,2026-01-13 13:17:53.513634,f
19739,오동리,4372038529,충청북도,2026-01-13 13:17:53.517751,2026-01-13 13:17:53.517753,f
19740,고석리,4372038530,충청북도,2026-01-13 13:17:53.522859,2026-01-13 13:17:53.522861,f
19741,애곡리,4372038531,충청북도,2026-01-13 13:17:53.527222,2026-01-13 13:17:53.527224,f
19742,눌곡리,4372038532,충청북도,2026-01-13 13:17:53.531441,2026-01-13 13:17:53.531445,f
19743,죽암리,4372038533,충청북도,2026-01-13 13:17:53.536252,2026-01-13 13:17:53.536256,f
19744,신대리,4372038534,충청북도,2026-01-13 13:17:53.54052,2026-01-13 13:17:53.540523,f
19745,용곡리,4372038535,충청북도,2026-01-13 13:17:53.54466,2026-01-13 13:17:53.544662,f
19746,내북면,4372039000,충청북도,2026-01-13 13:17:53.549058,2026-01-13 13:17:53.549064,f
19747,이원리,4372039021,충청북도,2026-01-13 13:17:53.553812,2026-01-13 13:17:53.553816,f
19748,성티리,4372039022,충청북도,2026-01-13 13:17:53.558022,2026-01-13 13:17:53.558024,f
19749,봉황리,4372039023,충청북도,2026-01-13 13:17:53.562303,2026-01-13 13:17:53.562305,f
19750,창리,4372039024,충청북도,2026-01-13 13:17:53.566764,2026-01-13 13:17:53.566766,f
19751,도원리,4372039025,충청북도,2026-01-13 13:17:53.570895,2026-01-13 13:17:53.570897,f
19752,염둔리,4372039026,충청북도,2026-01-13 13:17:53.577946,2026-01-13 13:17:53.577949,f
19753,대안리,4372039027,충청북도,2026-01-13 13:17:53.582789,2026-01-13 13:17:53.582792,f
19754,용수리,4372039028,충청북도,2026-01-13 13:17:53.59048,2026-01-13 13:17:53.590482,f
19755,적음리,4372039029,충청북도,2026-01-13 13:17:53.595589,2026-01-13 13:17:53.595592,f
19756,성암리,4372039030,충청북도,2026-01-13 13:17:53.600497,2026-01-13 13:17:53.600499,f
19757,동산리,4372039031,충청북도,2026-01-13 13:17:53.605589,2026-01-13 13:17:53.605593,f
19758,화전리,4372039032,충청북도,2026-01-13 13:17:53.609817,2026-01-13 13:17:53.609819,f
19759,법주리,4372039033,충청북도,2026-01-13 13:17:53.614004,2026-01-13 13:17:53.614006,f
19760,아곡리,4372039034,충청북도,2026-01-13 13:17:53.618826,2026-01-13 13:17:53.618831,f
19761,상궁리,4372039035,충청북도,2026-01-13 13:17:53.623985,2026-01-13 13:17:53.623987,f
19762,신궁리,4372039036,충청북도,2026-01-13 13:17:53.628367,2026-01-13 13:17:53.628369,f
19763,하궁리,4372039037,충청북도,2026-01-13 13:17:53.632435,2026-01-13 13:17:53.632437,f
19764,두평리,4372039038,충청북도,2026-01-13 13:17:53.636588,2026-01-13 13:17:53.63659,f
19765,서지리,4372039039,충청북도,2026-01-13 13:17:53.640315,2026-01-13 13:17:53.640317,f
19766,세촌리,4372039040,충청북도,2026-01-13 13:17:53.645349,2026-01-13 13:17:53.645351,f
19767,산외면,4372040000,충청북도,2026-01-13 13:17:53.649631,2026-01-13 13:17:53.649632,f
19768,구티리,4372040021,충청북도,2026-01-13 13:17:53.653825,2026-01-13 13:17:53.653827,f
19769,봉계리,4372040022,충청북도,2026-01-13 13:17:53.658899,2026-01-13 13:17:53.658904,f
19770,문암리,4372040023,충청북도,2026-01-13 13:17:53.664605,2026-01-13 13:17:53.664611,f
19771,장갑리,4372040024,충청북도,2026-01-13 13:17:53.669157,2026-01-13 13:17:53.66916,f
19772,대원리,4372040025,충청북도,2026-01-13 13:17:53.67324,2026-01-13 13:17:53.673242,f
19773,탁주리,4372040026,충청북도,2026-01-13 13:17:53.677677,2026-01-13 13:17:53.677679,f
19774,오대리,4372040027,충청북도,2026-01-13 13:17:53.683835,2026-01-13 13:17:53.683837,f
19775,가고리,4372040028,충청북도,2026-01-13 13:17:53.688248,2026-01-13 13:17:53.68825,f
19776,아시리,4372040029,충청북도,2026-01-13 13:17:53.69279,2026-01-13 13:17:53.692793,f
19777,백석리,4372040030,충청북도,2026-01-13 13:17:53.698525,2026-01-13 13:17:53.698529,f
19778,신정리,4372040031,충청북도,2026-01-13 13:17:53.705459,2026-01-13 13:17:53.705462,f
19779,동화리,4372040032,충청북도,2026-01-13 13:17:53.709738,2026-01-13 13:17:53.70974,f
19780,원평리,4372040033,충청북도,2026-01-13 13:17:53.714181,2026-01-13 13:17:53.714183,f
19781,산대리,4372040034,충청북도,2026-01-13 13:17:53.718114,2026-01-13 13:17:53.718116,f
19782,어온리,4372040035,충청북도,2026-01-13 13:17:53.723189,2026-01-13 13:17:53.723191,f
19783,이식리,4372040036,충청북도,2026-01-13 13:17:53.727826,2026-01-13 13:17:53.727828,f
19784,길탕리,4372040037,충청북도,2026-01-13 13:17:53.731928,2026-01-13 13:17:53.73193,f
19785,중티리,4372040038,충청북도,2026-01-13 13:17:53.740877,2026-01-13 13:17:53.74088,f
19786,옥천군,4373000000,충청북도,2026-01-13 13:17:53.745412,2026-01-13 13:17:53.745415,f
19787,옥천읍,4373025000,충청북도,2026-01-13 13:17:53.749707,2026-01-13 13:17:53.749709,f
19788,죽향리,4373025021,충청북도,2026-01-13 13:17:53.75365,2026-01-13 13:17:53.753651,f
19789,문정리,4373025022,충청북도,2026-01-13 13:17:53.757621,2026-01-13 13:17:53.757622,f
19790,상계리,4373025023,충청북도,2026-01-13 13:17:53.762925,2026-01-13 13:17:53.762928,f
19791,하계리,4373025024,충청북도,2026-01-13 13:17:53.76745,2026-01-13 13:17:53.767452,f
19792,교동리,4373025025,충청북도,2026-01-13 13:17:53.771767,2026-01-13 13:17:53.77177,f
19793,동안리,4373025026,충청북도,2026-01-13 13:17:53.776802,2026-01-13 13:17:53.776805,f
19794,수북리,4373025027,충청북도,2026-01-13 13:17:53.782235,2026-01-13 13:17:53.782239,f
19795,매화리,4373025028,충청북도,2026-01-13 13:17:53.787033,2026-01-13 13:17:53.787034,f
19796,구일리,4373025029,충청북도,2026-01-13 13:17:53.790824,2026-01-13 13:17:53.790827,f
19797,서대리,4373025030,충청북도,2026-01-13 13:17:53.795092,2026-01-13 13:17:53.795094,f
19798,가풍리,4373025031,충청북도,2026-01-13 13:17:53.798995,2026-01-13 13:17:53.798998,f
19799,삼청리,4373025032,충청북도,2026-01-13 13:17:53.804134,2026-01-13 13:17:53.804137,f
19800,대천리,4373025033,충청북도,2026-01-13 13:17:53.808604,2026-01-13 13:17:53.808606,f
19801,마암리,4373025034,충청북도,2026-01-13 13:17:53.812412,2026-01-13 13:17:53.812414,f
19802,양수리,4373025035,충청북도,2026-01-13 13:17:53.816949,2026-01-13 13:17:53.816952,f
19803,금구리,4373025036,충청북도,2026-01-13 13:17:53.821663,2026-01-13 13:17:53.821665,f
19804,장야리,4373025037,충청북도,2026-01-13 13:17:53.826296,2026-01-13 13:17:53.826298,f
19805,삼양리,4373025038,충청북도,2026-01-13 13:17:53.830716,2026-01-13 13:17:53.830719,f
19806,서정리,4373025039,충청북도,2026-01-13 13:17:53.834712,2026-01-13 13:17:53.834713,f
19807,옥각리,4373025040,충청북도,2026-01-13 13:17:53.838952,2026-01-13 13:17:53.838955,f
19808,오대리,4373025041,충청북도,2026-01-13 13:17:53.844495,2026-01-13 13:17:53.844497,f
19809,동이면,4373031000,충청북도,2026-01-13 13:17:53.848586,2026-01-13 13:17:53.848588,f
19810,평산리,4373031021,충청북도,2026-01-13 13:17:53.854147,2026-01-13 13:17:53.85415,f
19811,세산리,4373031022,충청북도,2026-01-13 13:17:53.859018,2026-01-13 13:17:53.859021,f
19812,적하리,4373031023,충청북도,2026-01-13 13:17:53.864353,2026-01-13 13:17:53.864356,f
19813,금암리,4373031024,충청북도,2026-01-13 13:17:53.868149,2026-01-13 13:17:53.868151,f
19814,조령리,4373031025,충청북도,2026-01-13 13:17:53.871975,2026-01-13 13:17:53.871976,f
19815,청마리,4373031026,충청북도,2026-01-13 13:17:53.875853,2026-01-13 13:17:53.875854,f
19816,지양리,4373031027,충청북도,2026-01-13 13:17:53.879718,2026-01-13 13:17:53.879719,f
19817,석탄리,4373031028,충청북도,2026-01-13 13:17:53.884479,2026-01-13 13:17:53.884481,f
19818,남곡리,4373031029,충청북도,2026-01-13 13:17:53.888766,2026-01-13 13:17:53.888768,f
19819,우산리,4373031030,충청북도,2026-01-13 13:17:53.893211,2026-01-13 13:17:53.893214,f
19820,안남면,4373032000,충청북도,2026-01-13 13:17:53.897887,2026-01-13 13:17:53.897889,f
19821,연주리,4373032021,충청북도,2026-01-13 13:17:53.90259,2026-01-13 13:17:53.902593,f
19822,종미리,4373032022,충청북도,2026-01-13 13:17:53.907101,2026-01-13 13:17:53.907105,f
19823,지수리,4373032023,충청북도,2026-01-13 13:17:53.911955,2026-01-13 13:17:53.911956,f
19824,도덕리,4373032024,충청북도,2026-01-13 13:17:53.916516,2026-01-13 13:17:53.916518,f
19825,청정리,4373032025,충청북도,2026-01-13 13:17:53.920789,2026-01-13 13:17:53.920791,f
19826,화학리,4373032026,충청북도,2026-01-13 13:17:53.925606,2026-01-13 13:17:53.925608,f
19827,도농리,4373032027,충청북도,2026-01-13 13:17:53.929844,2026-01-13 13:17:53.929845,f
19828,안내면,4373033000,충청북도,2026-01-13 13:17:53.93412,2026-01-13 13:17:53.934122,f
19829,현리,4373033021,충청북도,2026-01-13 13:17:53.938737,2026-01-13 13:17:53.938739,f
19830,정방리,4373033022,충청북도,2026-01-13 13:17:53.943266,2026-01-13 13:17:53.943268,f
19831,도이리,4373033023,충청북도,2026-01-13 13:17:53.946993,2026-01-13 13:17:53.946995,f
19832,동대리,4373033024,충청북도,2026-01-13 13:17:53.950677,2026-01-13 13:17:53.950678,f
19833,서대리,4373033025,충청북도,2026-01-13 13:17:53.954729,2026-01-13 13:17:53.954732,f
19834,오덕리,4373033026,충청북도,2026-01-13 13:17:53.958921,2026-01-13 13:17:53.958924,f
19835,인포리,4373033027,충청북도,2026-01-13 13:17:53.970255,2026-01-13 13:17:53.970257,f
19836,장계리,4373033028,충청북도,2026-01-13 13:17:53.977815,2026-01-13 13:17:53.977819,f
19837,방하목리,4373033029,충청북도,2026-01-13 13:17:53.982989,2026-01-13 13:17:53.982991,f
19838,도율리,4373033030,충청북도,2026-01-13 13:17:53.990239,2026-01-13 13:17:53.990241,f
19839,월외리,4373033031,충청북도,2026-01-13 13:17:53.995254,2026-01-13 13:17:53.995256,f
19840,용촌리,4373033032,충청북도,2026-01-13 13:17:54.000506,2026-01-13 13:17:54.000509,f
19841,답양리,4373033033,충청북도,2026-01-13 13:17:54.00515,2026-01-13 13:17:54.005152,f
19842,청성면,4373034000,충청북도,2026-01-13 13:17:54.009185,2026-01-13 13:17:54.009187,f
19843,산계리,4373034021,충청북도,2026-01-13 13:17:54.013684,2026-01-13 13:17:54.013688,f
19844,거포리,4373034022,충청북도,2026-01-13 13:17:54.018231,2026-01-13 13:17:54.018235,f
19845,장수리,4373034023,충청북도,2026-01-13 13:17:54.022749,2026-01-13 13:17:54.022752,f
19846,궁촌리,4373034024,충청북도,2026-01-13 13:17:54.026928,2026-01-13 13:17:54.026929,f
19847,소서리,4373034025,충청북도,2026-01-13 13:17:54.03087,2026-01-13 13:17:54.030872,f
19848,삼남리,4373034026,충청북도,2026-01-13 13:17:54.035308,2026-01-13 13:17:54.03531,f
19849,조천리,4373034027,충청북도,2026-01-13 13:17:54.039614,2026-01-13 13:17:54.039615,f
19850,묘금리,4373034028,충청북도,2026-01-13 13:17:54.044172,2026-01-13 13:17:54.044176,f
19851,고당리,4373034029,충청북도,2026-01-13 13:17:54.048473,2026-01-13 13:17:54.048475,f
19852,합금리,4373034030,충청북도,2026-01-13 13:17:54.052832,2026-01-13 13:17:54.052836,f
19853,양저리,4373034031,충청북도,2026-01-13 13:17:54.057068,2026-01-13 13:17:54.05707,f
19854,구음리,4373034032,충청북도,2026-01-13 13:17:54.061629,2026-01-13 13:17:54.061631,f
19855,대안리,4373034033,충청북도,2026-01-13 13:17:54.066135,2026-01-13 13:17:54.066137,f
19856,도장리,4373034034,충청북도,2026-01-13 13:17:54.070525,2026-01-13 13:17:54.070527,f
19857,능월리,4373034035,충청북도,2026-01-13 13:17:54.074625,2026-01-13 13:17:54.074627,f
19858,화성리,4373034036,충청북도,2026-01-13 13:17:54.078677,2026-01-13 13:17:54.078679,f
19859,장연리,4373034037,충청북도,2026-01-13 13:17:54.08436,2026-01-13 13:17:54.084362,f
19860,청산면,4373035000,충청북도,2026-01-13 13:17:54.088594,2026-01-13 13:17:54.088596,f
19861,지전리,4373035021,충청북도,2026-01-13 13:17:54.093007,2026-01-13 13:17:54.093009,f
19862,백운리,4373035022,충청북도,2026-01-13 13:17:54.097403,2026-01-13 13:17:54.097407,f
19863,교평리,4373035023,충청북도,2026-01-13 13:17:54.101538,2026-01-13 13:17:54.10154,f
19864,하서리,4373035024,충청북도,2026-01-13 13:17:54.105731,2026-01-13 13:17:54.105734,f
19865,신매리,4373035025,충청북도,2026-01-13 13:17:54.10983,2026-01-13 13:17:54.109832,f
19866,대덕리,4373035026,충청북도,2026-01-13 13:17:54.114111,2026-01-13 13:17:54.114114,f
19867,장위리,4373035027,충청북도,2026-01-13 13:17:54.118043,2026-01-13 13:17:54.118044,f
19868,한곡리,4373035028,충청북도,2026-01-13 13:17:54.122798,2026-01-13 13:17:54.1228,f
19869,인정리,4373035029,충청북도,2026-01-13 13:17:54.126997,2026-01-13 13:17:54.126999,f
19870,판수리,4373035030,충청북도,2026-01-13 13:17:54.131203,2026-01-13 13:17:54.131205,f
19871,효목리,4373035031,충청북도,2026-01-13 13:17:54.136424,2026-01-13 13:17:54.136432,f
19872,의지리,4373035032,충청북도,2026-01-13 13:17:54.141811,2026-01-13 13:17:54.141814,f
19873,예곡리,4373035033,충청북도,2026-01-13 13:17:54.145705,2026-01-13 13:17:54.145708,f
19874,삼방리,4373035034,충청북도,2026-01-13 13:17:54.149838,2026-01-13 13:17:54.14984,f
19875,명티리,4373035035,충청북도,2026-01-13 13:17:54.153796,2026-01-13 13:17:54.153798,f
19876,법화리,4373035036,충청북도,2026-01-13 13:17:54.157786,2026-01-13 13:17:54.157788,f
19877,대성리,4373035037,충청북도,2026-01-13 13:17:54.162552,2026-01-13 13:17:54.162556,f
19878,만월리,4373035038,충청북도,2026-01-13 13:17:54.167016,2026-01-13 13:17:54.167017,f
19879,이원면,4373036000,충청북도,2026-01-13 13:17:54.171261,2026-01-13 13:17:54.171263,f
19880,건진리,4373036021,충청북도,2026-01-13 13:17:54.175961,2026-01-13 13:17:54.175963,f
19881,장찬리,4373036022,충청북도,2026-01-13 13:17:54.181117,2026-01-13 13:17:54.18112,f
19882,강청리,4373036023,충청북도,2026-01-13 13:17:54.187414,2026-01-13 13:17:54.187416,f
19883,윤정리,4373036024,충청북도,2026-01-13 13:17:54.192425,2026-01-13 13:17:54.192428,f
19884,의평리,4373036025,충청북도,2026-01-13 13:17:54.196551,2026-01-13 13:17:54.196553,f
19885,개심리,4373036026,충청북도,2026-01-13 13:17:54.200701,2026-01-13 13:17:54.200703,f
19886,평계리,4373036027,충청북도,2026-01-13 13:17:54.2054,2026-01-13 13:17:54.205403,f
19887,수묵리,4373036028,충청북도,2026-01-13 13:17:54.209849,2026-01-13 13:17:54.209852,f
19888,지정리,4373036029,충청북도,2026-01-13 13:17:54.217603,2026-01-13 13:17:54.217605,f
19889,미동리,4373036030,충청북도,2026-01-13 13:17:54.22233,2026-01-13 13:17:54.222333,f
19890,이원리,4373036031,충청북도,2026-01-13 13:17:54.227012,2026-01-13 13:17:54.227014,f
19891,원동리,4373036032,충청북도,2026-01-13 13:17:54.230859,2026-01-13 13:17:54.230861,f
19892,백지리,4373036033,충청북도,2026-01-13 13:17:54.234436,2026-01-13 13:17:54.234438,f
19893,지탄리,4373036034,충청북도,2026-01-13 13:17:54.238635,2026-01-13 13:17:54.238637,f
19894,용방리,4373036035,충청북도,2026-01-13 13:17:54.243892,2026-01-13 13:17:54.243896,f
19895,군서면,4373037000,충청북도,2026-01-13 13:17:54.247727,2026-01-13 13:17:54.247729,f
19896,동평리,4373037021,충청북도,2026-01-13 13:17:54.251389,2026-01-13 13:17:54.25139,f
19897,금산리,4373037022,충청북도,2026-01-13 13:17:54.256212,2026-01-13 13:17:54.256214,f
19898,사정리,4373037023,충청북도,2026-01-13 13:17:54.261047,2026-01-13 13:17:54.261052,f
19899,상지리,4373037024,충청북도,2026-01-13 13:17:54.26649,2026-01-13 13:17:54.266494,f
19900,은행리,4373037025,충청북도,2026-01-13 13:17:54.270814,2026-01-13 13:17:54.270816,f
19901,사양리,4373037026,충청북도,2026-01-13 13:17:54.275017,2026-01-13 13:17:54.27502,f
19902,상중리,4373037027,충청북도,2026-01-13 13:17:54.279054,2026-01-13 13:17:54.279056,f
19903,하동리,4373037028,충청북도,2026-01-13 13:17:54.283653,2026-01-13 13:17:54.283655,f
19904,오동리,4373037029,충청북도,2026-01-13 13:17:54.287928,2026-01-13 13:17:54.28793,f
19905,월전리,4373037030,충청북도,2026-01-13 13:17:54.292121,2026-01-13 13:17:54.292123,f
19906,군북면,4373038000,충청북도,2026-01-13 13:17:54.297596,2026-01-13 13:17:54.297602,f
19907,이백리,4373038021,충청북도,2026-01-13 13:17:54.30299,2026-01-13 13:17:54.302992,f
19908,자모리,4373038022,충청북도,2026-01-13 13:17:54.306881,2026-01-13 13:17:54.306883,f
19909,증약리,4373038023,충청북도,2026-01-13 13:17:54.311006,2026-01-13 13:17:54.311008,f
19910,항곡리,4373038024,충청북도,2026-01-13 13:17:54.315002,2026-01-13 13:17:54.315004,f
19911,대정리,4373038025,충청북도,2026-01-13 13:17:54.318952,2026-01-13 13:17:54.318954,f
19912,환평리,4373038026,충청북도,2026-01-13 13:17:54.323783,2026-01-13 13:17:54.323786,f
19913,지오리,4373038027,충청북도,2026-01-13 13:17:54.329061,2026-01-13 13:17:54.329064,f
19914,추소리,4373038028,충청북도,2026-01-13 13:17:54.334826,2026-01-13 13:17:54.334831,f
19915,이평리,4373038029,충청북도,2026-01-13 13:17:54.340822,2026-01-13 13:17:54.340826,f
19916,소정리,4373038031,충청북도,2026-01-13 13:17:54.345768,2026-01-13 13:17:54.34577,f
19917,석호리,4373038032,충청북도,2026-01-13 13:17:54.350201,2026-01-13 13:17:54.350203,f
19918,용호리,4373038033,충청북도,2026-01-13 13:17:54.354963,2026-01-13 13:17:54.354966,f
19919,막지리,4373038034,충청북도,2026-01-13 13:17:54.359183,2026-01-13 13:17:54.359185,f
19920,국원리,4373038035,충청북도,2026-01-13 13:17:54.366266,2026-01-13 13:17:54.366271,f
19921,영동군,4374000000,충청북도,2026-01-13 13:17:54.371001,2026-01-13 13:17:54.371003,f
19922,영동읍,4374025000,충청북도,2026-01-13 13:17:54.376147,2026-01-13 13:17:54.376151,f
19923,계산리,4374025021,충청북도,2026-01-13 13:17:54.381981,2026-01-13 13:17:54.381986,f
19924,동정리,4374025022,충청북도,2026-01-13 13:17:54.390022,2026-01-13 13:17:54.390024,f
19925,회동리,4374025023,충청북도,2026-01-13 13:17:54.39505,2026-01-13 13:17:54.395053,f
19926,화신리,4374025024,충청북도,2026-01-13 13:17:54.399676,2026-01-13 13:17:54.399678,f
19927,당곡리,4374025025,충청북도,2026-01-13 13:17:54.404904,2026-01-13 13:17:54.404908,f
19928,산익리,4374025026,충청북도,2026-01-13 13:17:54.408978,2026-01-13 13:17:54.40898,f
19929,매천리,4374025027,충청북도,2026-01-13 13:17:54.413201,2026-01-13 13:17:54.413209,f
19930,부용리,4374025028,충청북도,2026-01-13 13:17:54.417777,2026-01-13 13:17:54.417779,f
19931,오탄리,4374025029,충청북도,2026-01-13 13:17:54.42245,2026-01-13 13:17:54.422452,f
19932,산이리,4374025030,충청북도,2026-01-13 13:17:54.426734,2026-01-13 13:17:54.426737,f
19933,설계리,4374025031,충청북도,2026-01-13 13:17:54.430755,2026-01-13 13:17:54.430758,f
19934,심원리,4374025032,충청북도,2026-01-13 13:17:54.434684,2026-01-13 13:17:54.434686,f
19935,봉현리,4374025033,충청북도,2026-01-13 13:17:54.438863,2026-01-13 13:17:54.438865,f
19936,주곡리,4374025034,충청북도,2026-01-13 13:17:54.443558,2026-01-13 13:17:54.443561,f
19937,가리,4374025035,충청북도,2026-01-13 13:17:54.448573,2026-01-13 13:17:54.448575,f
19938,임계리,4374025036,충청북도,2026-01-13 13:17:54.453429,2026-01-13 13:17:54.453432,f
19939,용산면,4374031000,충청북도,2026-01-13 13:17:54.457836,2026-01-13 13:17:54.457844,f
19940,구촌리,4374031021,충청북도,2026-01-13 13:17:54.462383,2026-01-13 13:17:54.462385,f
19941,산저리,4374031022,충청북도,2026-01-13 13:17:54.466623,2026-01-13 13:17:54.466626,f
19942,율리,4374031023,충청북도,2026-01-13 13:17:54.470704,2026-01-13 13:17:54.470706,f
19943,신항리,4374031024,충청북도,2026-01-13 13:17:54.474388,2026-01-13 13:17:54.474389,f
19944,부릉리,4374031025,충청북도,2026-01-13 13:17:54.478554,2026-01-13 13:17:54.478557,f
19945,한석리,4374031026,충청북도,2026-01-13 13:17:54.483397,2026-01-13 13:17:54.483399,f
19946,시금리,4374031027,충청북도,2026-01-13 13:17:54.487439,2026-01-13 13:17:54.487442,f
19947,부상리,4374031028,충청북도,2026-01-13 13:17:54.495704,2026-01-13 13:17:54.495708,f
19948,가곡리,4374031029,충청북도,2026-01-13 13:17:54.50023,2026-01-13 13:17:54.500233,f
19949,금곡리,4374031030,충청북도,2026-01-13 13:17:54.50507,2026-01-13 13:17:54.505072,f
19950,천작리,4374031031,충청북도,2026-01-13 13:17:54.508878,2026-01-13 13:17:54.508881,f
19951,한곡리,4374031032,충청북도,2026-01-13 13:17:54.512803,2026-01-13 13:17:54.512805,f
19952,법화리,4374031033,충청북도,2026-01-13 13:17:54.51697,2026-01-13 13:17:54.516972,f
19953,미전리,4374031034,충청북도,2026-01-13 13:17:54.521751,2026-01-13 13:17:54.521753,f
19954,청화리,4374031035,충청북도,2026-01-13 13:17:54.526366,2026-01-13 13:17:54.526368,f
19955,매금리,4374031036,충청북도,2026-01-13 13:17:54.530123,2026-01-13 13:17:54.530125,f
19956,상용리,4374031037,충청북도,2026-01-13 13:17:54.534483,2026-01-13 13:17:54.534486,f
19957,백자전리,4374031038,충청북도,2026-01-13 13:17:54.539797,2026-01-13 13:17:54.5398,f
19958,용산리,4374031039,충청북도,2026-01-13 13:17:54.544684,2026-01-13 13:17:54.544686,f
19959,황간면,4374032000,충청북도,2026-01-13 13:17:54.548844,2026-01-13 13:17:54.548846,f
19960,남성리,4374032021,충청북도,2026-01-13 13:17:54.552809,2026-01-13 13:17:54.552811,f
19961,신흥리,4374032022,충청북도,2026-01-13 13:17:54.557699,2026-01-13 13:17:54.557702,f
19962,마산리,4374032023,충청북도,2026-01-13 13:17:54.563597,2026-01-13 13:17:54.563599,f
19963,소계리,4374032024,충청북도,2026-01-13 13:17:54.567753,2026-01-13 13:17:54.567755,f
19964,난곡리,4374032025,충청북도,2026-01-13 13:17:54.571832,2026-01-13 13:17:54.571834,f
19965,우매리,4374032026,충청북도,2026-01-13 13:17:54.577459,2026-01-13 13:17:54.577462,f
19966,원촌리,4374032027,충청북도,2026-01-13 13:17:54.582415,2026-01-13 13:17:54.582418,f
19967,용암리,4374032028,충청북도,2026-01-13 13:17:54.591001,2026-01-13 13:17:54.591005,f
19968,금계리,4374032029,충청북도,2026-01-13 13:17:54.597969,2026-01-13 13:17:54.597971,f
19969,회포리,4374032030,충청북도,2026-01-13 13:17:54.605369,2026-01-13 13:17:54.605372,f
19970,우천리,4374032031,충청북도,2026-01-13 13:17:54.609538,2026-01-13 13:17:54.609541,f
19971,노근리,4374032032,충청북도,2026-01-13 13:17:54.613712,2026-01-13 13:17:54.613715,f
19972,서송원리,4374032033,충청북도,2026-01-13 13:17:54.618393,2026-01-13 13:17:54.618397,f
19973,광평리,4374032034,충청북도,2026-01-13 13:17:54.623306,2026-01-13 13:17:54.623308,f
19974,추풍령면,4374033500,충청북도,2026-01-13 13:17:54.627637,2026-01-13 13:17:54.62764,f
19975,관리,4374033521,충청북도,2026-01-13 13:17:54.631463,2026-01-13 13:17:54.631464,f
19976,사부리,4374033522,충청북도,2026-01-13 13:17:54.635266,2026-01-13 13:17:54.635269,f
19977,계룡리,4374033523,충청북도,2026-01-13 13:17:54.639575,2026-01-13 13:17:54.639578,f
19978,추풍령리,4374033524,충청북도,2026-01-13 13:17:54.645083,2026-01-13 13:17:54.645085,f
19979,죽전리,4374033525,충청북도,2026-01-13 13:17:54.649012,2026-01-13 13:17:54.649014,f
19980,작점리,4374033526,충청북도,2026-01-13 13:17:54.653579,2026-01-13 13:17:54.653584,f
19981,신안리,4374033527,충청북도,2026-01-13 13:17:54.658447,2026-01-13 13:17:54.658451,f
19982,웅북리,4374033528,충청북도,2026-01-13 13:17:54.663715,2026-01-13 13:17:54.663721,f
19983,지봉리,4374033529,충청북도,2026-01-13 13:17:54.668297,2026-01-13 13:17:54.668299,f
19984,매곡면,4374034000,충청북도,2026-01-13 13:17:54.671962,2026-01-13 13:17:54.671964,f
19985,노천리,4374034021,충청북도,2026-01-13 13:17:54.675726,2026-01-13 13:17:54.675728,f
19986,장척리,4374034023,충청북도,2026-01-13 13:17:54.679547,2026-01-13 13:17:54.679548,f
19987,옥전리,4374034024,충청북도,2026-01-13 13:17:54.683148,2026-01-13 13:17:54.683149,f
19988,유전리,4374034025,충청북도,2026-01-13 13:17:54.68813,2026-01-13 13:17:54.688133,f
19989,강진리,4374034026,충청북도,2026-01-13 13:17:54.691955,2026-01-13 13:17:54.691957,f
19990,수원리,4374034027,충청북도,2026-01-13 13:17:54.695869,2026-01-13 13:17:54.69587,f
19991,어촌리,4374034028,충청북도,2026-01-13 13:17:54.700296,2026-01-13 13:17:54.700297,f
19992,공수리,4374034029,충청북도,2026-01-13 13:17:54.704834,2026-01-13 13:17:54.704835,f
19993,상촌면,4374035000,충청북도,2026-01-13 13:17:54.708774,2026-01-13 13:17:54.708776,f
19994,임산리,4374035021,충청북도,2026-01-13 13:17:54.712533,2026-01-13 13:17:54.712534,f
19995,돈대리,4374035022,충청북도,2026-01-13 13:17:54.716107,2026-01-13 13:17:54.716108,f
19996,하도대리,4374035023,충청북도,2026-01-13 13:17:54.720027,2026-01-13 13:17:54.72003,f
19997,상도대리,4374035024,충청북도,2026-01-13 13:17:54.723987,2026-01-13 13:17:54.72399,f
19998,고자리,4374035025,충청북도,2026-01-13 13:17:54.72853,2026-01-13 13:17:54.728532,f
19999,둔전리,4374035026,충청북도,2026-01-13 13:17:54.732928,2026-01-13 13:17:54.73293,f
20000,물한리,4374035027,충청북도,2026-01-13 13:17:54.736738,2026-01-13 13:17:54.73674,f
20001,대해리,4374035028,충청북도,2026-01-13 13:17:54.740742,2026-01-13 13:17:54.740744,f
20002,흥덕리,4374035029,충청북도,2026-01-13 13:17:54.745843,2026-01-13 13:17:54.745846,f
20003,궁촌리,4374035030,충청북도,2026-01-13 13:17:54.749721,2026-01-13 13:17:54.749722,f
20004,유곡리,4374035031,충청북도,2026-01-13 13:17:54.753511,2026-01-13 13:17:54.753515,f
20005,양강면,4374036000,충청북도,2026-01-13 13:17:54.757428,2026-01-13 13:17:54.757431,f
20006,괴목리,4374036021,충청북도,2026-01-13 13:17:54.761064,2026-01-13 13:17:54.761065,f
20007,가동리,4374036022,충청북도,2026-01-13 13:17:54.765606,2026-01-13 13:17:54.765611,f
20008,양정리,4374036023,충청북도,2026-01-13 13:17:54.771062,2026-01-13 13:17:54.771064,f
20009,죽촌리,4374036024,충청북도,2026-01-13 13:17:54.774983,2026-01-13 13:17:54.774986,f
20010,남전리,4374036025,충청북도,2026-01-13 13:17:54.781687,2026-01-13 13:17:54.781691,f
20011,산막리,4374036026,충청북도,2026-01-13 13:17:54.786734,2026-01-13 13:17:54.786741,f
20012,지촌리,4374036027,충청북도,2026-01-13 13:17:54.792818,2026-01-13 13:17:54.79282,f
20013,유점리,4374036028,충청북도,2026-01-13 13:17:54.796788,2026-01-13 13:17:54.79679,f
20014,만계리,4374036029,충청북도,2026-01-13 13:17:54.800866,2026-01-13 13:17:54.800868,f
20015,묵정리,4374036030,충청북도,2026-01-13 13:17:54.805172,2026-01-13 13:17:54.805174,f
20016,두평리,4374036031,충청북도,2026-01-13 13:17:54.809762,2026-01-13 13:17:54.809766,f
20017,구강리,4374036032,충청북도,2026-01-13 13:17:54.814286,2026-01-13 13:17:54.814289,f
20018,쌍암리,4374036033,충청북도,2026-01-13 13:17:54.818338,2026-01-13 13:17:54.81834,f
20019,묘동리,4374036034,충청북도,2026-01-13 13:17:54.822676,2026-01-13 13:17:54.822678,f
20020,용화면,4374037000,충청북도,2026-01-13 13:17:54.827236,2026-01-13 13:17:54.827238,f
20021,용화리,4374037021,충청북도,2026-01-13 13:17:54.831456,2026-01-13 13:17:54.831458,f
20022,조동리,4374037022,충청북도,2026-01-13 13:17:54.835537,2026-01-13 13:17:54.83554,f
20023,안정리,4374037023,충청북도,2026-01-13 13:17:54.839413,2026-01-13 13:17:54.839415,f
20024,월전리,4374037024,충청북도,2026-01-13 13:17:54.843667,2026-01-13 13:17:54.843669,f
20025,용강리,4374037025,충청북도,2026-01-13 13:17:54.847998,2026-01-13 13:17:54.848,f
20026,여의리,4374037026,충청북도,2026-01-13 13:17:54.851534,2026-01-13 13:17:54.851535,f
20027,자계리,4374037027,충청북도,2026-01-13 13:17:54.855867,2026-01-13 13:17:54.855868,f
20028,학산면,4374038000,충청북도,2026-01-13 13:17:54.860363,2026-01-13 13:17:54.860365,f
20029,서산리,4374038021,충청북도,2026-01-13 13:17:54.864372,2026-01-13 13:17:54.864375,f
20030,학산리,4374038022,충청북도,2026-01-13 13:17:54.868954,2026-01-13 13:17:54.868956,f
20031,아암리,4374038023,충청북도,2026-01-13 13:17:54.872804,2026-01-13 13:17:54.872806,f
20032,봉소리,4374038024,충청북도,2026-01-13 13:17:54.877385,2026-01-13 13:17:54.877387,f
20033,황산리,4374038025,충청북도,2026-01-13 13:17:54.881389,2026-01-13 13:17:54.881391,f
20034,지내리,4374038026,충청북도,2026-01-13 13:17:54.886083,2026-01-13 13:17:54.886085,f
20035,박계리,4374038027,충청북도,2026-01-13 13:17:54.890655,2026-01-13 13:17:54.890657,f
20036,봉림리,4374038028,충청북도,2026-01-13 13:17:54.89476,2026-01-13 13:17:54.894761,f
20037,범화리,4374038029,충청북도,2026-01-13 13:17:54.899796,2026-01-13 13:17:54.899799,f
20038,도덕리,4374038030,충청북도,2026-01-13 13:17:54.904198,2026-01-13 13:17:54.9042,f
20039,양산면,4374039000,충청북도,2026-01-13 13:17:54.908354,2026-01-13 13:17:54.908356,f
20040,가곡리,4374039021,충청북도,2026-01-13 13:17:54.912815,2026-01-13 13:17:54.912817,f
20041,원당리,4374039022,충청북도,2026-01-13 13:17:54.916897,2026-01-13 13:17:54.916899,f
20042,봉곡리,4374039023,충청북도,2026-01-13 13:17:54.920939,2026-01-13 13:17:54.920941,f
20043,죽산리,4374039024,충청북도,2026-01-13 13:17:54.92554,2026-01-13 13:17:54.925543,f
20044,송호리,4374039025,충청북도,2026-01-13 13:17:54.930349,2026-01-13 13:17:54.930352,f
20045,수두리,4374039026,충청북도,2026-01-13 13:17:54.934713,2026-01-13 13:17:54.934715,f
20046,호탄리,4374039027,충청북도,2026-01-13 13:17:54.938977,2026-01-13 13:17:54.938981,f
20047,누교리,4374039028,충청북도,2026-01-13 13:17:54.944005,2026-01-13 13:17:54.944007,f
20048,가선리,4374039029,충청북도,2026-01-13 13:17:54.948774,2026-01-13 13:17:54.948776,f
20049,심천면,4374040000,충청북도,2026-01-13 13:17:54.952554,2026-01-13 13:17:54.952556,f
20050,심천리,4374040021,충청북도,2026-01-13 13:17:54.956699,2026-01-13 13:17:54.956701,f
20051,단전리,4374040022,충청북도,2026-01-13 13:17:54.96102,2026-01-13 13:17:54.961023,f
20052,길현리,4374040023,충청북도,2026-01-13 13:17:54.966012,2026-01-13 13:17:54.966017,f
20053,구탄리,4374040024,충청북도,2026-01-13 13:17:54.970309,2026-01-13 13:17:54.970311,f
20054,장동리,4374040025,충청북도,2026-01-13 13:17:54.97428,2026-01-13 13:17:54.974282,f
20055,고당리,4374040026,충청북도,2026-01-13 13:17:54.978889,2026-01-13 13:17:54.978891,f
20056,마곡리,4374040027,충청북도,2026-01-13 13:17:54.983296,2026-01-13 13:17:54.983302,f
20057,기호리,4374040028,충청북도,2026-01-13 13:17:54.988928,2026-01-13 13:17:54.988933,f
20058,명천리,4374040029,충청북도,2026-01-13 13:17:54.993651,2026-01-13 13:17:54.993653,f
20059,금정리,4374040030,충청북도,2026-01-13 13:17:54.998115,2026-01-13 13:17:54.998118,f
20060,약목리,4374040031,충청북도,2026-01-13 13:17:55.002998,2026-01-13 13:17:55.003001,f
20061,각계리,4374040032,충청북도,2026-01-13 13:17:55.00829,2026-01-13 13:17:55.008293,f
20062,초강리,4374040033,충청북도,2026-01-13 13:17:55.013035,2026-01-13 13:17:55.013038,f
20063,용당리,4374040034,충청북도,2026-01-13 13:17:55.017729,2026-01-13 13:17:55.017732,f
20064,증평군,4374500000,충청북도,2026-01-13 13:17:55.022563,2026-01-13 13:17:55.022566,f
20065,증평읍,4374525000,충청북도,2026-01-13 13:17:55.027295,2026-01-13 13:17:55.027297,f
20066,증평리,4374525021,충청북도,2026-01-13 13:17:55.031289,2026-01-13 13:17:55.031291,f
20067,교동리,4374525022,충청북도,2026-01-13 13:17:55.035263,2026-01-13 13:17:55.035265,f
20068,중동리,4374525023,충청북도,2026-01-13 13:17:55.039145,2026-01-13 13:17:55.039147,f
20069,대동리,4374525024,충청북도,2026-01-13 13:17:55.044097,2026-01-13 13:17:55.044101,f
20070,신동리,4374525025,충청북도,2026-01-13 13:17:55.048762,2026-01-13 13:17:55.048765,f
20071,창동리,4374525026,충청북도,2026-01-13 13:17:55.052672,2026-01-13 13:17:55.052674,f
20072,장동리,4374525027,충청북도,2026-01-13 13:17:55.056711,2026-01-13 13:17:55.056713,f
20073,증천리,4374525028,충청북도,2026-01-13 13:17:55.06094,2026-01-13 13:17:55.060942,f
20074,내성리,4374525029,충청북도,2026-01-13 13:17:55.065658,2026-01-13 13:17:55.065661,f
20075,초중리,4374525030,충청북도,2026-01-13 13:17:55.070071,2026-01-13 13:17:55.070074,f
20076,연탄리,4374525031,충청북도,2026-01-13 13:17:55.073686,2026-01-13 13:17:55.073687,f
20077,송산리,4374525032,충청북도,2026-01-13 13:17:55.077494,2026-01-13 13:17:55.077496,f
20078,미암리,4374525033,충청북도,2026-01-13 13:17:55.081104,2026-01-13 13:17:55.081106,f
20079,사곡리,4374525034,충청북도,2026-01-13 13:17:55.085648,2026-01-13 13:17:55.085652,f
20080,용강리,4374525035,충청북도,2026-01-13 13:17:55.09012,2026-01-13 13:17:55.090123,f
20081,덕상리,4374525036,충청북도,2026-01-13 13:17:55.094091,2026-01-13 13:17:55.094093,f
20082,남차리,4374525037,충청북도,2026-01-13 13:17:55.098966,2026-01-13 13:17:55.098969,f
20083,율리,4374525038,충청북도,2026-01-13 13:17:55.104228,2026-01-13 13:17:55.104236,f
20084,죽리,4374525039,충청북도,2026-01-13 13:17:55.1126,2026-01-13 13:17:55.112603,f
20085,남하리,4374525040,충청북도,2026-01-13 13:17:55.116995,2026-01-13 13:17:55.116998,f
20086,도안면,4374531000,충청북도,2026-01-13 13:17:55.12094,2026-01-13 13:17:55.120942,f
20087,화성리,4374531021,충청북도,2026-01-13 13:17:55.125422,2026-01-13 13:17:55.125425,f
20088,노암리,4374531022,충청북도,2026-01-13 13:17:55.130079,2026-01-13 13:17:55.130083,f
20089,연촌리,4374531023,충청북도,2026-01-13 13:17:55.13496,2026-01-13 13:17:55.134962,f
20090,송정리,4374531024,충청북도,2026-01-13 13:17:55.139064,2026-01-13 13:17:55.139067,f
20091,광덕리,4374531025,충청북도,2026-01-13 13:17:55.143154,2026-01-13 13:17:55.143157,f
20092,석곡리,4374531026,충청북도,2026-01-13 13:17:55.147721,2026-01-13 13:17:55.147723,f
20093,도당리,4374531027,충청북도,2026-01-13 13:17:55.15223,2026-01-13 13:17:55.152233,f
20094,진천군,4375000000,충청북도,2026-01-13 13:17:55.156688,2026-01-13 13:17:55.15669,f
20095,진천읍,4375025000,충청북도,2026-01-13 13:17:55.160955,2026-01-13 13:17:55.160957,f
20096,교성리,4375025021,충청북도,2026-01-13 13:17:55.16797,2026-01-13 13:17:55.167975,f
20097,신정리,4375025022,충청북도,2026-01-13 13:17:55.173458,2026-01-13 13:17:55.17346,f
20098,원덕리,4375025023,충청북도,2026-01-13 13:17:55.178379,2026-01-13 13:17:55.178382,f
20099,읍내리,4375025024,충청북도,2026-01-13 13:17:55.182722,2026-01-13 13:17:55.182725,f
20100,성석리,4375025025,충청북도,2026-01-13 13:17:55.186979,2026-01-13 13:17:55.186982,f
20101,벽암리,4375025026,충청북도,2026-01-13 13:17:55.192503,2026-01-13 13:17:55.192505,f
20102,행정리,4375025027,충청북도,2026-01-13 13:17:55.196913,2026-01-13 13:17:55.196915,f
20103,장관리,4375025028,충청북도,2026-01-13 13:17:55.208635,2026-01-13 13:17:55.208643,f
20104,건송리,4375025029,충청북도,2026-01-13 13:17:55.222474,2026-01-13 13:17:55.222476,f
20105,지암리,4375025030,충청북도,2026-01-13 13:17:55.229239,2026-01-13 13:17:55.229241,f
20106,사석리,4375025031,충청북도,2026-01-13 13:17:55.236053,2026-01-13 13:17:55.236055,f
20107,문봉리,4375025032,충청북도,2026-01-13 13:17:55.240544,2026-01-13 13:17:55.240547,f
20108,상계리,4375025033,충청북도,2026-01-13 13:17:55.246123,2026-01-13 13:17:55.246125,f
20109,금암리,4375025034,충청북도,2026-01-13 13:17:55.250385,2026-01-13 13:17:55.250388,f
20110,연곡리,4375025035,충청북도,2026-01-13 13:17:55.254402,2026-01-13 13:17:55.254405,f
20111,삼덕리,4375025036,충청북도,2026-01-13 13:17:55.25963,2026-01-13 13:17:55.259632,f
20112,송두리,4375025037,충청북도,2026-01-13 13:17:55.263788,2026-01-13 13:17:55.26379,f
20113,가산리,4375025038,충청북도,2026-01-13 13:17:55.268651,2026-01-13 13:17:55.268654,f
20114,상신리,4375025039,충청북도,2026-01-13 13:17:55.272628,2026-01-13 13:17:55.27263,f
20115,산척리,4375025040,충청북도,2026-01-13 13:17:55.276619,2026-01-13 13:17:55.276621,f
20116,덕산읍,4375025300,충청북도,2026-01-13 13:17:55.280565,2026-01-13 13:17:55.280567,f
20117,옥동리,4375025321,충청북도,2026-01-13 13:17:55.284778,2026-01-13 13:17:55.28478,f
20118,화상리,4375025322,충청북도,2026-01-13 13:17:55.289623,2026-01-13 13:17:55.289625,f
20119,산수리,4375025323,충청북도,2026-01-13 13:17:55.293821,2026-01-13 13:17:55.293822,f
20120,인산리,4375025324,충청북도,2026-01-13 13:17:55.298003,2026-01-13 13:17:55.298006,f
20121,두촌리,4375025325,충청북도,2026-01-13 13:17:55.303394,2026-01-13 13:17:55.3034,f
20122,석장리,4375025326,충청북도,2026-01-13 13:17:55.308418,2026-01-13 13:17:55.30842,f
20123,기전리,4375025327,충청북도,2026-01-13 13:17:55.313065,2026-01-13 13:17:55.313068,f
20124,구산리,4375025328,충청북도,2026-01-13 13:17:55.317191,2026-01-13 13:17:55.317193,f
20125,신척리,4375025329,충청북도,2026-01-13 13:17:55.32113,2026-01-13 13:17:55.321133,f
20126,용몽리,4375025330,충청북도,2026-01-13 13:17:55.32704,2026-01-13 13:17:55.327042,f
20127,한천리,4375025331,충청북도,2026-01-13 13:17:55.331303,2026-01-13 13:17:55.331305,f
20128,합목리,4375025332,충청북도,2026-01-13 13:17:55.335504,2026-01-13 13:17:55.335507,f
20129,초평면,4375032000,충청북도,2026-01-13 13:17:55.340085,2026-01-13 13:17:55.340088,f
20130,신통리,4375032021,충청북도,2026-01-13 13:17:55.344287,2026-01-13 13:17:55.34429,f
20131,영구리,4375032022,충청북도,2026-01-13 13:17:55.348974,2026-01-13 13:17:55.348976,f
20132,화산리,4375032023,충청북도,2026-01-13 13:17:55.352745,2026-01-13 13:17:55.352747,f
20133,용정리,4375032024,충청북도,2026-01-13 13:17:55.357029,2026-01-13 13:17:55.357032,f
20134,금곡리,4375032025,충청북도,2026-01-13 13:17:55.360839,2026-01-13 13:17:55.360841,f
20135,오갑리,4375032026,충청북도,2026-01-13 13:17:55.364618,2026-01-13 13:17:55.364621,f
20136,연담리,4375032027,충청북도,2026-01-13 13:17:55.36961,2026-01-13 13:17:55.369612,f
20137,용기리,4375032028,충청북도,2026-01-13 13:17:55.373652,2026-01-13 13:17:55.373654,f
20138,용산리,4375032029,충청북도,2026-01-13 13:17:55.377506,2026-01-13 13:17:55.377509,f
20139,은암리,4375032030,충청북도,2026-01-13 13:17:55.381748,2026-01-13 13:17:55.381749,f
20140,진암리,4375032031,충청북도,2026-01-13 13:17:55.386614,2026-01-13 13:17:55.38662,f
20141,중석리,4375032032,충청북도,2026-01-13 13:17:55.391055,2026-01-13 13:17:55.391057,f
20142,문백면,4375033000,충청북도,2026-01-13 13:17:55.395044,2026-01-13 13:17:55.395046,f
20143,문덕리,4375033021,충청북도,2026-01-13 13:17:55.399012,2026-01-13 13:17:55.399013,f
20144,사양리,4375033022,충청북도,2026-01-13 13:17:55.402718,2026-01-13 13:17:55.402721,f
20145,장월리,4375033023,충청북도,2026-01-13 13:17:55.407258,2026-01-13 13:17:55.407261,f
20146,평산리,4375033025,충청북도,2026-01-13 13:17:55.411423,2026-01-13 13:17:55.411425,f
20147,계산리,4375033026,충청북도,2026-01-13 13:17:55.415441,2026-01-13 13:17:55.415443,f
20148,봉죽리,4375033027,충청북도,2026-01-13 13:17:55.419724,2026-01-13 13:17:55.419726,f
20149,은탄리,4375033028,충청북도,2026-01-13 13:17:55.424334,2026-01-13 13:17:55.424336,f
20150,도하리,4375033029,충청북도,2026-01-13 13:17:55.428552,2026-01-13 13:17:55.428554,f
20151,옥성리,4375033030,충청북도,2026-01-13 13:17:55.432651,2026-01-13 13:17:55.432654,f
20152,태락리,4375033031,충청북도,2026-01-13 13:17:55.436552,2026-01-13 13:17:55.436554,f
20153,구산동리,4375033032,충청북도,2026-01-13 13:17:55.44011,2026-01-13 13:17:55.440112,f
20154,백곡면,4375034000,충청북도,2026-01-13 13:17:55.443848,2026-01-13 13:17:55.44385,f
20155,석현리,4375034021,충청북도,2026-01-13 13:17:55.448693,2026-01-13 13:17:55.448695,f
20156,용덕리,4375034022,충청북도,2026-01-13 13:17:55.453459,2026-01-13 13:17:55.453461,f
20157,성대리,4375034023,충청북도,2026-01-13 13:17:55.457911,2026-01-13 13:17:55.457913,f
20158,양백리,4375034024,충청북도,2026-01-13 13:17:55.462397,2026-01-13 13:17:55.4624,f
20159,구수리,4375034025,충청북도,2026-01-13 13:17:55.466745,2026-01-13 13:17:55.466747,f
20160,갈월리,4375034026,충청북도,2026-01-13 13:17:55.470617,2026-01-13 13:17:55.470619,f
20161,대문리,4375034027,충청북도,2026-01-13 13:17:55.474993,2026-01-13 13:17:55.474995,f
20162,명암리,4375034028,충청북도,2026-01-13 13:17:55.479022,2026-01-13 13:17:55.479024,f
20163,사송리,4375034029,충청북도,2026-01-13 13:17:55.483249,2026-01-13 13:17:55.483251,f
20164,이월면,4375035000,충청북도,2026-01-13 13:17:55.488275,2026-01-13 13:17:55.48828,f
20165,사곡리,4375035021,충청북도,2026-01-13 13:17:55.493365,2026-01-13 13:17:55.493368,f
20166,중산리,4375035022,충청북도,2026-01-13 13:17:55.498806,2026-01-13 13:17:55.49881,f
20167,노원리,4375035023,충청북도,2026-01-13 13:17:55.503577,2026-01-13 13:17:55.50358,f
20168,장양리,4375035024,충청북도,2026-01-13 13:17:55.507794,2026-01-13 13:17:55.507796,f
20169,송림리,4375035025,충청북도,2026-01-13 13:17:55.512164,2026-01-13 13:17:55.512166,f
20170,동성리,4375035026,충청북도,2026-01-13 13:17:55.516206,2026-01-13 13:17:55.516208,f
20171,삼용리,4375035027,충청북도,2026-01-13 13:17:55.519972,2026-01-13 13:17:55.519973,f
20172,신월리,4375035028,충청북도,2026-01-13 13:17:55.523784,2026-01-13 13:17:55.523786,f
20173,미잠리,4375035029,충청북도,2026-01-13 13:17:55.528019,2026-01-13 13:17:55.528021,f
20174,신계리,4375035030,충청북도,2026-01-13 13:17:55.53223,2026-01-13 13:17:55.532234,f
20175,사당리,4375035031,충청북도,2026-01-13 13:17:55.536179,2026-01-13 13:17:55.536181,f
20176,내촌리,4375035032,충청북도,2026-01-13 13:17:55.540521,2026-01-13 13:17:55.540522,f
20177,광혜원면,4375037000,충청북도,2026-01-13 13:17:55.544784,2026-01-13 13:17:55.544786,f
20178,금곡리,4375037021,충청북도,2026-01-13 13:17:55.548515,2026-01-13 13:17:55.548518,f
20179,월성리,4375037022,충청북도,2026-01-13 13:17:55.552306,2026-01-13 13:17:55.552308,f
20180,회죽리,4375037023,충청북도,2026-01-13 13:17:55.556256,2026-01-13 13:17:55.556257,f
20181,죽현리,4375037024,충청북도,2026-01-13 13:17:55.560033,2026-01-13 13:17:55.560036,f
20182,구암리,4375037025,충청북도,2026-01-13 13:17:55.56436,2026-01-13 13:17:55.564363,f
20183,실원리,4375037026,충청북도,2026-01-13 13:17:55.568522,2026-01-13 13:17:55.568525,f
20184,광혜원리,4375037027,충청북도,2026-01-13 13:17:55.572515,2026-01-13 13:17:55.572518,f
20185,괴산군,4376000000,충청북도,2026-01-13 13:17:55.576403,2026-01-13 13:17:55.576406,f
20186,괴산읍,4376025000,충청북도,2026-01-13 13:17:55.580749,2026-01-13 13:17:55.580754,f
20187,동부리,4376025021,충청북도,2026-01-13 13:17:55.585247,2026-01-13 13:17:55.585249,f
20188,서부리,4376025022,충청북도,2026-01-13 13:17:55.589287,2026-01-13 13:17:55.589288,f
20189,정용리,4376025023,충청북도,2026-01-13 13:17:55.592962,2026-01-13 13:17:55.592963,f
20190,신기리,4376025024,충청북도,2026-01-13 13:17:55.597054,2026-01-13 13:17:55.597058,f
20191,신항리,4376025025,충청북도,2026-01-13 13:17:55.601057,2026-01-13 13:17:55.601059,f
20192,사창리,4376025026,충청북도,2026-01-13 13:17:55.606199,2026-01-13 13:17:55.606202,f
20193,능촌리,4376025027,충청북도,2026-01-13 13:17:55.610194,2026-01-13 13:17:55.610197,f
20194,제월리,4376025028,충청북도,2026-01-13 13:17:55.614294,2026-01-13 13:17:55.614296,f
20195,대덕리,4376025029,충청북도,2026-01-13 13:17:55.618402,2026-01-13 13:17:55.618404,f
20196,대사리,4376025030,충청북도,2026-01-13 13:17:55.623285,2026-01-13 13:17:55.623287,f
20197,검승리,4376025031,충청북도,2026-01-13 13:17:55.627566,2026-01-13 13:17:55.627568,f
20198,오가리,4376032021,충청북도,2026-01-13 13:17:55.631484,2026-01-13 13:17:55.631485,f
20199,추점리,4376032022,충청북도,2026-01-13 13:17:55.635513,2026-01-13 13:17:55.635515,f
20200,방곡리,4376032023,충청북도,2026-01-13 13:17:55.639513,2026-01-13 13:17:55.639515,f
20201,광진리,4376032024,충청북도,2026-01-13 13:17:55.643255,2026-01-13 13:17:55.643257,f
20202,조곡리,4376032025,충청북도,2026-01-13 13:17:55.647318,2026-01-13 13:17:55.647329,f
20203,장암리,4376032026,충청북도,2026-01-13 13:17:55.651186,2026-01-13 13:17:55.651188,f
20204,송덕리,4376032028,충청북도,2026-01-13 13:17:55.654924,2026-01-13 13:17:55.654926,f
20205,연풍면,4376033000,충청북도,2026-01-13 13:17:55.658952,2026-01-13 13:17:55.658956,f
20206,삼풍리,4376033021,충청북도,2026-01-13 13:17:55.663384,2026-01-13 13:17:55.663389,f
20207,행촌리,4376033022,충청북도,2026-01-13 13:17:55.668391,2026-01-13 13:17:55.668393,f
20208,주진리,4376033023,충청북도,2026-01-13 13:17:55.672486,2026-01-13 13:17:55.672488,f
20209,분지리,4376033024,충청북도,2026-01-13 13:17:55.676154,2026-01-13 13:17:55.676155,f
20210,원풍리,4376033025,충청북도,2026-01-13 13:17:55.679769,2026-01-13 13:17:55.67977,f
20211,유상리,4376033026,충청북도,2026-01-13 13:17:55.68369,2026-01-13 13:17:55.683692,f
20212,유하리,4376033027,충청북도,2026-01-13 13:17:55.689599,2026-01-13 13:17:55.689601,f
20213,갈금리,4376033028,충청북도,2026-01-13 13:17:55.693843,2026-01-13 13:17:55.693845,f
20214,적석리,4376033029,충청북도,2026-01-13 13:17:55.697931,2026-01-13 13:17:55.697933,f
20215,칠성면,4376034000,충청북도,2026-01-13 13:17:55.702064,2026-01-13 13:17:55.702067,f
20216,도정리,4376034021,충청북도,2026-01-13 13:17:55.705966,2026-01-13 13:17:55.70597,f
20217,사평리,4376034022,충청북도,2026-01-13 13:17:55.710272,2026-01-13 13:17:55.710274,f
20218,비도리,4376034023,충청북도,2026-01-13 13:17:55.714169,2026-01-13 13:17:55.714172,f
20219,쌍곡리,4376034024,충청북도,2026-01-13 13:17:55.718178,2026-01-13 13:17:55.71818,f
20220,율지리,4376034025,충청북도,2026-01-13 13:17:55.722003,2026-01-13 13:17:55.722005,f
20221,율원리,4376034026,충청북도,2026-01-13 13:17:55.727295,2026-01-13 13:17:55.727301,f
20222,사은리,4376034027,충청북도,2026-01-13 13:17:55.733506,2026-01-13 13:17:55.733508,f
20223,외사리,4376034028,충청북도,2026-01-13 13:17:55.737815,2026-01-13 13:17:55.737817,f
20224,송동리,4376034029,충청북도,2026-01-13 13:17:55.742184,2026-01-13 13:17:55.742186,f
20225,두천리,4376034030,충청북도,2026-01-13 13:17:55.74638,2026-01-13 13:17:55.746383,f
20226,갈읍리,4376034031,충청북도,2026-01-13 13:17:55.751219,2026-01-13 13:17:55.751222,f
20227,태성리,4376034032,충청북도,2026-01-13 13:17:55.755201,2026-01-13 13:17:55.755203,f
20228,문광면,4376035000,충청북도,2026-01-13 13:17:55.759257,2026-01-13 13:17:55.759259,f
20229,광덕리,4376035021,충청북도,2026-01-13 13:17:55.763388,2026-01-13 13:17:55.76339,f
20230,송평리,4376035022,충청북도,2026-01-13 13:17:55.768314,2026-01-13 13:17:55.768316,f
20231,대명리,4376035023,충청북도,2026-01-13 13:17:55.774093,2026-01-13 13:17:55.774096,f
20232,유평리,4376035024,충청북도,2026-01-13 13:17:55.778749,2026-01-13 13:17:55.778752,f
20233,문법리,4376035025,충청북도,2026-01-13 13:17:55.782543,2026-01-13 13:17:55.782545,f
20234,신기리,4376035026,충청북도,2026-01-13 13:17:55.788235,2026-01-13 13:17:55.788238,f
20235,양곡리,4376035027,충청북도,2026-01-13 13:17:55.792567,2026-01-13 13:17:55.792569,f
20236,방성리,4376035028,충청북도,2026-01-13 13:17:55.796806,2026-01-13 13:17:55.796808,f
20237,흑석리,4376035029,충청북도,2026-01-13 13:17:55.800536,2026-01-13 13:17:55.800537,f
20238,옥성리,4376035030,충청북도,2026-01-13 13:17:55.804768,2026-01-13 13:17:55.80477,f
20239,청천면,4376036000,충청북도,2026-01-13 13:17:55.80921,2026-01-13 13:17:55.809212,f
20240,청천리,4376036021,충청북도,2026-01-13 13:17:55.813007,2026-01-13 13:17:55.813011,f
20241,선평리,4376036022,충청북도,2026-01-13 13:17:55.81769,2026-01-13 13:17:55.817693,f
20242,후평리,4376036023,충청북도,2026-01-13 13:17:55.821901,2026-01-13 13:17:55.821904,f
20243,강평리,4376036024,충청북도,2026-01-13 13:17:55.826157,2026-01-13 13:17:55.826159,f
20244,귀만리,4376036025,충청북도,2026-01-13 13:17:55.835688,2026-01-13 13:17:55.835695,f
20245,평단리,4376036026,충청북도,2026-01-13 13:17:55.847753,2026-01-13 13:17:55.847756,f
20246,신월리,4376036027,충청북도,2026-01-13 13:17:55.854224,2026-01-13 13:17:55.85423,f
20247,상신리,4376036028,충청북도,2026-01-13 13:17:55.859593,2026-01-13 13:17:55.859596,f
20248,사담리,4376036029,충청북도,2026-01-13 13:17:55.864604,2026-01-13 13:17:55.864606,f
20249,고성리,4376036030,충청북도,2026-01-13 13:17:55.87,2026-01-13 13:17:55.870002,f
20250,도원리,4376036031,충청북도,2026-01-13 13:17:55.873833,2026-01-13 13:17:55.873835,f
20251,무릉리,4376036032,충청북도,2026-01-13 13:17:55.878075,2026-01-13 13:17:55.878079,f
20252,금평리,4376036033,충청북도,2026-01-13 13:17:55.882655,2026-01-13 13:17:55.882657,f
20253,월문리,4376036034,충청북도,2026-01-13 13:17:55.887639,2026-01-13 13:17:55.887642,f
20254,삼락리,4376036035,충청북도,2026-01-13 13:17:55.892046,2026-01-13 13:17:55.89205,f
20255,부성리,4376036036,충청북도,2026-01-13 13:17:55.895925,2026-01-13 13:17:55.895927,f
20256,여사왕리,4376036037,충청북도,2026-01-13 13:17:55.901402,2026-01-13 13:17:55.901404,f
20257,대전리,4376036038,충청북도,2026-01-13 13:17:55.905847,2026-01-13 13:17:55.905849,f
20258,지경리,4376036039,충청북도,2026-01-13 13:17:55.909792,2026-01-13 13:17:55.909794,f
20259,덕평리,4376036040,충청북도,2026-01-13 13:17:55.913893,2026-01-13 13:17:55.913896,f
20260,거봉리,4376036041,충청북도,2026-01-13 13:17:55.917771,2026-01-13 13:17:55.917773,f
20261,지촌리,4376036042,충청북도,2026-01-13 13:17:55.922067,2026-01-13 13:17:55.92207,f
20262,운교리,4376036043,충청북도,2026-01-13 13:17:55.927025,2026-01-13 13:17:55.927027,f
20263,대티리,4376036044,충청북도,2026-01-13 13:17:55.930905,2026-01-13 13:17:55.930908,f
20264,화양리,4376036045,충청북도,2026-01-13 13:17:55.935252,2026-01-13 13:17:55.935254,f
20265,후영리,4376036046,충청북도,2026-01-13 13:17:55.939698,2026-01-13 13:17:55.939699,f
20266,송면리,4376036047,충청북도,2026-01-13 13:17:55.943555,2026-01-13 13:17:55.943558,f
20267,이평리,4376036048,충청북도,2026-01-13 13:17:55.947656,2026-01-13 13:17:55.947658,f
20268,사기막리,4376036049,충청북도,2026-01-13 13:17:55.9514,2026-01-13 13:17:55.951401,f
20269,관평리,4376036050,충청북도,2026-01-13 13:17:55.955659,2026-01-13 13:17:55.955661,f
20270,삼송리,4376036051,충청북도,2026-01-13 13:17:55.959481,2026-01-13 13:17:55.959483,f
20271,청안면,4376037000,충청북도,2026-01-13 13:17:55.96315,2026-01-13 13:17:55.963152,f
20272,읍내리,4376037021,충청북도,2026-01-13 13:17:55.967952,2026-01-13 13:17:55.967954,f
20273,금신리,4376037022,충청북도,2026-01-13 13:17:55.971748,2026-01-13 13:17:55.97175,f
20274,문방리,4376037023,충청북도,2026-01-13 13:17:55.975354,2026-01-13 13:17:55.975357,f
20275,효근리,4376037024,충청북도,2026-01-13 13:17:55.980217,2026-01-13 13:17:55.98022,f
20276,조천리,4376037025,충청북도,2026-01-13 13:17:55.98561,2026-01-13 13:17:55.985613,f
20277,청용리,4376037026,충청북도,2026-01-13 13:17:55.990463,2026-01-13 13:17:55.990466,f
20278,문당리,4376037027,충청북도,2026-01-13 13:17:55.994686,2026-01-13 13:17:55.994687,f
20279,운곡리,4376037028,충청북도,2026-01-13 13:17:55.998626,2026-01-13 13:17:55.998629,f
20280,백봉리,4376037029,충청북도,2026-01-13 13:17:56.002548,2026-01-13 13:17:56.002551,f
20281,부흥리,4376037030,충청북도,2026-01-13 13:17:56.006903,2026-01-13 13:17:56.006905,f
20282,장암리,4376037031,충청북도,2026-01-13 13:17:56.011191,2026-01-13 13:17:56.011194,f
20283,사리면,4376039000,충청북도,2026-01-13 13:17:56.015435,2026-01-13 13:17:56.015437,f
20284,사담리,4376039021,충청북도,2026-01-13 13:17:56.019544,2026-01-13 13:17:56.019546,f
20285,소매리,4376039022,충청북도,2026-01-13 13:17:56.023596,2026-01-13 13:17:56.023598,f
20286,노송리,4376039023,충청북도,2026-01-13 13:17:56.028275,2026-01-13 13:17:56.028277,f
20287,중흥리,4376039024,충청북도,2026-01-13 13:17:56.032135,2026-01-13 13:17:56.032137,f
20288,방축리,4376039025,충청북도,2026-01-13 13:17:56.035886,2026-01-13 13:17:56.035888,f
20289,수암리,4376039026,충청북도,2026-01-13 13:17:56.039606,2026-01-13 13:17:56.039607,f
20290,이곡리,4376039027,충청북도,2026-01-13 13:17:56.043552,2026-01-13 13:17:56.043554,f
20291,화산리,4376039028,충청북도,2026-01-13 13:17:56.048171,2026-01-13 13:17:56.048174,f
20292,소수면,4376040000,충청북도,2026-01-13 13:17:56.05244,2026-01-13 13:17:56.052443,f
20293,수리,4376040021,충청북도,2026-01-13 13:17:56.05648,2026-01-13 13:17:56.056483,f
20294,입암리,4376040022,충청북도,2026-01-13 13:17:56.060865,2026-01-13 13:17:56.060867,f
20295,아성리,4376040023,충청북도,2026-01-13 13:17:56.065102,2026-01-13 13:17:56.065104,f
20296,고마리,4376040024,충청북도,2026-01-13 13:17:56.069003,2026-01-13 13:17:56.069005,f
20297,소암리,4376040025,충청북도,2026-01-13 13:17:56.073243,2026-01-13 13:17:56.073245,f
20298,몽촌리,4376040026,충청북도,2026-01-13 13:17:56.077693,2026-01-13 13:17:56.077696,f
20299,옥현리,4376040027,충청북도,2026-01-13 13:17:56.081979,2026-01-13 13:17:56.081982,f
20300,길선리,4376040028,충청북도,2026-01-13 13:17:56.087732,2026-01-13 13:17:56.087735,f
20301,불정면,4376041000,충청북도,2026-01-13 13:17:56.092244,2026-01-13 13:17:56.092247,f
20302,목도리,4376041021,충청북도,2026-01-13 13:17:56.096414,2026-01-13 13:17:56.096416,f
20303,창산리,4376041022,충청북도,2026-01-13 13:17:56.100712,2026-01-13 13:17:56.100714,f
20304,탑촌리,4376041023,충청북도,2026-01-13 13:17:56.106873,2026-01-13 13:17:56.106877,f
20305,추산리,4376041024,충청북도,2026-01-13 13:17:56.111173,2026-01-13 13:17:56.111175,f
20306,외령리,4376041025,충청북도,2026-01-13 13:17:56.115698,2026-01-13 13:17:56.115701,f
20307,삼방리,4376041026,충청북도,2026-01-13 13:17:56.119563,2026-01-13 13:17:56.119566,f
20308,웅동리,4376041027,충청북도,2026-01-13 13:17:56.12336,2026-01-13 13:17:56.123362,f
20309,하문리,4376041028,충청북도,2026-01-13 13:17:56.128254,2026-01-13 13:17:56.128264,f
20310,앵천리,4376041029,충청북도,2026-01-13 13:17:56.132119,2026-01-13 13:17:56.132121,f
20311,신흥리,4376041030,충청북도,2026-01-13 13:17:56.135949,2026-01-13 13:17:56.135952,f
20312,지장리,4376041031,충청북도,2026-01-13 13:17:56.140917,2026-01-13 13:17:56.140919,f
20313,세평리,4376041032,충청북도,2026-01-13 13:17:56.145249,2026-01-13 13:17:56.145251,f
20314,음성군,4377000000,충청북도,2026-01-13 13:17:56.149115,2026-01-13 13:17:56.149117,f
20315,음성읍,4377025000,충청북도,2026-01-13 13:17:56.152855,2026-01-13 13:17:56.152858,f
20316,읍내리,4377025021,충청북도,2026-01-13 13:17:56.156379,2026-01-13 13:17:56.156381,f
20317,평곡리,4377025022,충청북도,2026-01-13 13:17:56.160052,2026-01-13 13:17:56.160054,f
20318,석인리,4377025023,충청북도,2026-01-13 13:17:56.163943,2026-01-13 13:17:56.163946,f
20319,한벌리,4377025024,충청북도,2026-01-13 13:17:56.16808,2026-01-13 13:17:56.168082,f
20320,용산리,4377025025,충청북도,2026-01-13 13:17:56.172133,2026-01-13 13:17:56.172136,f
20321,사정리,4377025026,충청북도,2026-01-13 13:17:56.176536,2026-01-13 13:17:56.17654,f
20322,감우리,4377025027,충청북도,2026-01-13 13:17:56.180732,2026-01-13 13:17:56.180734,f
20323,소여리,4377025028,충청북도,2026-01-13 13:17:56.18585,2026-01-13 13:17:56.185853,f
20324,신천리,4377025029,충청북도,2026-01-13 13:17:56.189688,2026-01-13 13:17:56.18969,f
20325,초천리,4377025030,충청북도,2026-01-13 13:17:56.19373,2026-01-13 13:17:56.193734,f
20326,동음리,4377025031,충청북도,2026-01-13 13:17:56.197889,2026-01-13 13:17:56.197891,f
20327,삼생리,4377025032,충청북도,2026-01-13 13:17:56.201893,2026-01-13 13:17:56.201895,f
20328,금왕읍,4377025300,충청북도,2026-01-13 13:17:56.207048,2026-01-13 13:17:56.20705,f
20329,무극리,4377025321,충청북도,2026-01-13 13:17:56.21081,2026-01-13 13:17:56.210811,f
20330,금석리,4377025322,충청북도,2026-01-13 13:17:56.214547,2026-01-13 13:17:56.214549,f
20331,정생리,4377025323,충청북도,2026-01-13 13:17:56.219482,2026-01-13 13:17:56.219485,f
20332,육령리,4377025324,충청북도,2026-01-13 13:17:56.223555,2026-01-13 13:17:56.223557,f
20333,백야리,4377025325,충청북도,2026-01-13 13:17:56.227427,2026-01-13 13:17:56.22743,f
20334,용계리,4377025326,충청북도,2026-01-13 13:17:56.231266,2026-01-13 13:17:56.231268,f
20335,봉곡리,4377025327,충청북도,2026-01-13 13:17:56.23475,2026-01-13 13:17:56.234751,f
20336,유촌리,4377025328,충청북도,2026-01-13 13:17:56.239048,2026-01-13 13:17:56.239051,f
20337,신평리,4377025329,충청북도,2026-01-13 13:17:56.24294,2026-01-13 13:17:56.242943,f
20338,본대리,4377025330,충청북도,2026-01-13 13:17:56.247094,2026-01-13 13:17:56.247097,f
20339,내곡리,4377025331,충청북도,2026-01-13 13:17:56.251488,2026-01-13 13:17:56.25149,f
20340,사창리,4377025332,충청북도,2026-01-13 13:17:56.255306,2026-01-13 13:17:56.255309,f
20341,구계리,4377025333,충청북도,2026-01-13 13:17:56.259664,2026-01-13 13:17:56.259669,f
20342,호산리,4377025334,충청북도,2026-01-13 13:17:56.264702,2026-01-13 13:17:56.264704,f
20343,쌍봉리,4377025335,충청북도,2026-01-13 13:17:56.268742,2026-01-13 13:17:56.268743,f
20344,유포리,4377025336,충청북도,2026-01-13 13:17:56.272712,2026-01-13 13:17:56.272715,f
20345,오선리,4377025337,충청북도,2026-01-13 13:17:56.276913,2026-01-13 13:17:56.276915,f
20346,도청리,4377025338,충청북도,2026-01-13 13:17:56.280662,2026-01-13 13:17:56.280663,f
20347,내송리,4377025339,충청북도,2026-01-13 13:17:56.286014,2026-01-13 13:17:56.286019,f
20348,각회리,4377025340,충청북도,2026-01-13 13:17:56.290459,2026-01-13 13:17:56.29046,f
20349,삼봉리,4377025341,충청북도,2026-01-13 13:17:56.294332,2026-01-13 13:17:56.294334,f
20350,행제리,4377025342,충청북도,2026-01-13 13:17:56.298379,2026-01-13 13:17:56.298381,f
20351,소이면,4377031000,충청북도,2026-01-13 13:17:56.302118,2026-01-13 13:17:56.302119,f
20352,대장리,4377031021,충청북도,2026-01-13 13:17:56.306887,2026-01-13 13:17:56.306889,f
20353,후미리,4377031022,충청북도,2026-01-13 13:17:56.311118,2026-01-13 13:17:56.311121,f
20354,중동리,4377031023,충청북도,2026-01-13 13:17:56.315644,2026-01-13 13:17:56.315646,f
20355,문등리,4377031024,충청북도,2026-01-13 13:17:56.319952,2026-01-13 13:17:56.319955,f
20356,갑산리,4377031025,충청북도,2026-01-13 13:17:56.324142,2026-01-13 13:17:56.324147,f
20357,봉전리,4377031026,충청북도,2026-01-13 13:17:56.32902,2026-01-13 13:17:56.329022,f
20358,금고리,4377031027,충청북도,2026-01-13 13:17:56.332809,2026-01-13 13:17:56.332811,f
20359,충도리,4377031028,충청북도,2026-01-13 13:17:56.336671,2026-01-13 13:17:56.336673,f
20360,비산리,4377031029,충청북도,2026-01-13 13:17:56.342784,2026-01-13 13:17:56.342786,f
20361,원남면,4377032000,충청북도,2026-01-13 13:17:56.34821,2026-01-13 13:17:56.348213,f
20362,보천리,4377032021,충청북도,2026-01-13 13:17:56.352481,2026-01-13 13:17:56.352483,f
20363,보룡리,4377032022,충청북도,2026-01-13 13:17:56.356435,2026-01-13 13:17:56.356437,f
20364,마송리,4377032023,충청북도,2026-01-13 13:17:56.360395,2026-01-13 13:17:56.360398,f
20365,상당리,4377032024,충청북도,2026-01-13 13:17:56.364857,2026-01-13 13:17:56.364862,f
20366,하당리,4377032025,충청북도,2026-01-13 13:17:56.370077,2026-01-13 13:17:56.370079,f
20367,상노리,4377032026,충청북도,2026-01-13 13:17:56.374444,2026-01-13 13:17:56.374446,f
20368,하노리,4377032027,충청북도,2026-01-13 13:17:56.378866,2026-01-13 13:17:56.378868,f
20369,구안리,4377032028,충청북도,2026-01-13 13:17:56.382759,2026-01-13 13:17:56.382764,f
20370,주봉리,4377032029,충청북도,2026-01-13 13:17:56.388055,2026-01-13 13:17:56.388057,f
20371,문암리,4377032030,충청북도,2026-01-13 13:17:56.392228,2026-01-13 13:17:56.39223,f
20372,조촌리,4377032031,충청북도,2026-01-13 13:17:56.396363,2026-01-13 13:17:56.396366,f
20373,삼용리,4377032032,충청북도,2026-01-13 13:17:56.400809,2026-01-13 13:17:56.400812,f
20374,덕정리,4377032033,충청북도,2026-01-13 13:17:56.404897,2026-01-13 13:17:56.404899,f
20375,맹동면,4377033000,충청북도,2026-01-13 13:17:56.409644,2026-01-13 13:17:56.409647,f
20376,쌍정리,4377033021,충청북도,2026-01-13 13:17:56.414197,2026-01-13 13:17:56.414199,f
20377,인곡리,4377033022,충청북도,2026-01-13 13:17:56.418778,2026-01-13 13:17:56.41878,f
20378,마산리,4377033023,충청북도,2026-01-13 13:17:56.424353,2026-01-13 13:17:56.424356,f
20379,봉현리,4377033024,충청북도,2026-01-13 13:17:56.429227,2026-01-13 13:17:56.429229,f
20380,용촌리,4377033025,충청북도,2026-01-13 13:17:56.433674,2026-01-13 13:17:56.433676,f
20381,신돈리,4377033026,충청북도,2026-01-13 13:17:56.43818,2026-01-13 13:17:56.438182,f
20382,본성리,4377033027,충청북도,2026-01-13 13:17:56.443279,2026-01-13 13:17:56.443281,f
20383,두성리,4377033028,충청북도,2026-01-13 13:17:56.44938,2026-01-13 13:17:56.449383,f
20384,통동리,4377033029,충청북도,2026-01-13 13:17:56.453767,2026-01-13 13:17:56.453769,f
20385,군자리,4377033030,충청북도,2026-01-13 13:17:56.458243,2026-01-13 13:17:56.458245,f
20386,동성리,4377033031,충청북도,2026-01-13 13:17:56.462972,2026-01-13 13:17:56.462976,f
20387,대소면,4377034000,충청북도,2026-01-13 13:17:56.47308,2026-01-13 13:17:56.473086,f
20388,오산리,4377034021,충청북도,2026-01-13 13:17:56.487619,2026-01-13 13:17:56.487628,f
20389,태생리,4377034022,충청북도,2026-01-13 13:17:56.497273,2026-01-13 13:17:56.497275,f
20390,소석리,4377034023,충청북도,2026-01-13 13:17:56.501477,2026-01-13 13:17:56.501479,f
20391,성본리,4377034024,충청북도,2026-01-13 13:17:56.505299,2026-01-13 13:17:56.505301,f
20392,부윤리,4377034025,충청북도,2026-01-13 13:17:56.509075,2026-01-13 13:17:56.509078,f
20393,수태리,4377034026,충청북도,2026-01-13 13:17:56.513409,2026-01-13 13:17:56.513412,f
20394,삼정리,4377034027,충청북도,2026-01-13 13:17:56.518279,2026-01-13 13:17:56.518282,f
20395,미곡리,4377034028,충청북도,2026-01-13 13:17:56.522168,2026-01-13 13:17:56.52217,f
20396,삼호리,4377034029,충청북도,2026-01-13 13:17:56.527272,2026-01-13 13:17:56.527274,f
20397,내산리,4377034030,충청북도,2026-01-13 13:17:56.531039,2026-01-13 13:17:56.531041,f
20398,오류리,4377034031,충청북도,2026-01-13 13:17:56.535125,2026-01-13 13:17:56.535127,f
20399,대풍리,4377034032,충청북도,2026-01-13 13:17:56.539666,2026-01-13 13:17:56.539669,f
20400,삼성면,4377035000,충청북도,2026-01-13 13:17:56.543682,2026-01-13 13:17:56.543685,f
20401,덕정리,4377035021,충청북도,2026-01-13 13:17:56.548222,2026-01-13 13:17:56.548224,f
20402,양덕리,4377035022,충청북도,2026-01-13 13:17:56.551886,2026-01-13 13:17:56.551887,f
20403,대사리,4377035023,충청북도,2026-01-13 13:17:56.555529,2026-01-13 13:17:56.55553,f
20404,용성리,4377035024,충청북도,2026-01-13 13:17:56.559093,2026-01-13 13:17:56.559095,f
20405,상곡리,4377035025,충청북도,2026-01-13 13:17:56.56287,2026-01-13 13:17:56.562871,f
20406,청용리,4377035026,충청북도,2026-01-13 13:17:56.566806,2026-01-13 13:17:56.566809,f
20407,천평리,4377035027,충청북도,2026-01-13 13:17:56.571207,2026-01-13 13:17:56.571209,f
20408,선정리,4377035028,충청북도,2026-01-13 13:17:56.5749,2026-01-13 13:17:56.574902,f
20409,대정리,4377035029,충청북도,2026-01-13 13:17:56.578789,2026-01-13 13:17:56.57879,f
20410,능산리,4377035030,충청북도,2026-01-13 13:17:56.583388,2026-01-13 13:17:56.58339,f
20411,용대리,4377035031,충청북도,2026-01-13 13:17:56.587553,2026-01-13 13:17:56.587555,f
20412,대야리,4377035032,충청북도,2026-01-13 13:17:56.591768,2026-01-13 13:17:56.59177,f
20413,생극면,4377036000,충청북도,2026-01-13 13:17:56.595593,2026-01-13 13:17:56.595594,f
20414,신양리,4377036021,충청북도,2026-01-13 13:17:56.599155,2026-01-13 13:17:56.599157,f
20415,병암리,4377036022,충청북도,2026-01-13 13:17:56.60278,2026-01-13 13:17:56.602781,f
20416,도신리,4377036023,충청북도,2026-01-13 13:17:56.606904,2026-01-13 13:17:56.606906,f
20417,관성리,4377036024,충청북도,2026-01-13 13:17:56.611697,2026-01-13 13:17:56.611699,f
20418,팔성리,4377036025,충청북도,2026-01-13 13:17:56.615591,2026-01-13 13:17:56.615592,f
20419,송곡리,4377036026,충청북도,2026-01-13 13:17:56.619423,2026-01-13 13:17:56.619424,f
20420,임곡리,4377036027,충청북도,2026-01-13 13:17:56.624092,2026-01-13 13:17:56.624094,f
20421,방축리,4377036028,충청북도,2026-01-13 13:17:56.628624,2026-01-13 13:17:56.628626,f
20422,차평리,4377036029,충청북도,2026-01-13 13:17:56.632491,2026-01-13 13:17:56.632492,f
20423,차곡리,4377036030,충청북도,2026-01-13 13:17:56.636631,2026-01-13 13:17:56.636634,f
20424,오생리,4377036031,충청북도,2026-01-13 13:17:56.6406,2026-01-13 13:17:56.640602,f
20425,생리,4377036032,충청북도,2026-01-13 13:17:56.644646,2026-01-13 13:17:56.644649,f
20426,감곡면,4377037000,충청북도,2026-01-13 13:17:56.648981,2026-01-13 13:17:56.648983,f
20427,오향리,4377037021,충청북도,2026-01-13 13:17:56.653582,2026-01-13 13:17:56.653586,f
20428,주천리,4377037022,충청북도,2026-01-13 13:17:56.657789,2026-01-13 13:17:56.65779,f
20429,원당리,4377037023,충청북도,2026-01-13 13:17:56.661432,2026-01-13 13:17:56.661433,f
20430,상평리,4377037024,충청북도,2026-01-13 13:17:56.666737,2026-01-13 13:17:56.66674,f
20431,월정리,4377037025,충청북도,2026-01-13 13:17:56.671121,2026-01-13 13:17:56.671123,f
20432,영산리,4377037026,충청북도,2026-01-13 13:17:56.674717,2026-01-13 13:17:56.67472,f
20433,사곡리,4377037027,충청북도,2026-01-13 13:17:56.678431,2026-01-13 13:17:56.678433,f
20434,문촌리,4377037028,충청북도,2026-01-13 13:17:56.682247,2026-01-13 13:17:56.682249,f
20435,오궁리,4377037029,충청북도,2026-01-13 13:17:56.685714,2026-01-13 13:17:56.685716,f
20436,상우리,4377037030,충청북도,2026-01-13 13:17:56.692103,2026-01-13 13:17:56.692106,f
20437,왕장리,4377037031,충청북도,2026-01-13 13:17:56.697165,2026-01-13 13:17:56.697168,f
20438,단평리,4377037032,충청북도,2026-01-13 13:17:56.702333,2026-01-13 13:17:56.702335,f
20439,단양군,4380000000,충청북도,2026-01-13 13:17:56.706737,2026-01-13 13:17:56.706739,f
20440,단양읍,4380025000,충청북도,2026-01-13 13:17:56.711633,2026-01-13 13:17:56.711635,f
20441,현천리,4380025021,충청북도,2026-01-13 13:17:56.715637,2026-01-13 13:17:56.715639,f
20442,덕상리,4380025022,충청북도,2026-01-13 13:17:56.719908,2026-01-13 13:17:56.719911,f
20443,심곡리,4380025023,충청북도,2026-01-13 13:17:56.724226,2026-01-13 13:17:56.724227,f
20444,증도리,4380025024,충청북도,2026-01-13 13:17:56.728085,2026-01-13 13:17:56.728087,f
20445,별곡리,4380025025,충청북도,2026-01-13 13:17:56.733576,2026-01-13 13:17:56.733579,f
20446,도전리,4380025026,충청북도,2026-01-13 13:17:56.73746,2026-01-13 13:17:56.737463,f
20447,상진리,4380025027,충청북도,2026-01-13 13:17:56.740971,2026-01-13 13:17:56.740972,f
20448,도담리,4380025028,충청북도,2026-01-13 13:17:56.745819,2026-01-13 13:17:56.745822,f
20449,후곡리,4380025029,충청북도,2026-01-13 13:17:56.750613,2026-01-13 13:17:56.750615,f
20450,장현리,4380025030,충청북도,2026-01-13 13:17:56.754508,2026-01-13 13:17:56.754511,f
20451,노동리,4380025031,충청북도,2026-01-13 13:17:56.758212,2026-01-13 13:17:56.758214,f
20452,마조리,4380025032,충청북도,2026-01-13 13:17:56.76166,2026-01-13 13:17:56.761661,f
20453,수촌리,4380025033,충청북도,2026-01-13 13:17:56.765118,2026-01-13 13:17:56.765119,f
20454,천동리,4380025034,충청북도,2026-01-13 13:17:56.769936,2026-01-13 13:17:56.769938,f
20455,금곡리,4380025035,충청북도,2026-01-13 13:17:56.774113,2026-01-13 13:17:56.774115,f
20456,기촌리,4380025036,충청북도,2026-01-13 13:17:56.778502,2026-01-13 13:17:56.778504,f
20457,고수리,4380025037,충청북도,2026-01-13 13:17:56.78312,2026-01-13 13:17:56.783122,f
20458,매포읍,4380025300,충청북도,2026-01-13 13:17:56.787522,2026-01-13 13:17:56.787525,f
20459,매포리,4380025321,충청북도,2026-01-13 13:17:56.792087,2026-01-13 13:17:56.792089,f
20460,우덕리,4380025322,충청북도,2026-01-13 13:17:56.796257,2026-01-13 13:17:56.796261,f
20461,하괴리,4380025324,충청북도,2026-01-13 13:17:56.8004,2026-01-13 13:17:56.800402,f
20462,상괴리,4380025325,충청북도,2026-01-13 13:17:56.804366,2026-01-13 13:17:56.804368,f
20463,안동리,4380025326,충청북도,2026-01-13 13:17:56.808026,2026-01-13 13:17:56.808027,f
20464,평동리,4380025327,충청북도,2026-01-13 13:17:56.812493,2026-01-13 13:17:56.812495,f
20465,도곡리,4380025328,충청북도,2026-01-13 13:17:56.816456,2026-01-13 13:17:56.816458,f
20466,하시리,4380025329,충청북도,2026-01-13 13:17:56.820448,2026-01-13 13:17:56.820451,f
20467,상시리,4380025330,충청북도,2026-01-13 13:17:56.825744,2026-01-13 13:17:56.825747,f
20468,영천리,4380025331,충청북도,2026-01-13 13:17:56.82983,2026-01-13 13:17:56.829832,f
20469,가평리,4380025332,충청북도,2026-01-13 13:17:56.833928,2026-01-13 13:17:56.83393,f
20470,삼곡리,4380025333,충청북도,2026-01-13 13:17:56.837951,2026-01-13 13:17:56.837953,f
20471,고양리,4380025334,충청북도,2026-01-13 13:17:56.841644,2026-01-13 13:17:56.841646,f
20472,김산리,4380025335,충청북도,2026-01-13 13:17:56.845675,2026-01-13 13:17:56.845677,f
20473,응실리,4380025336,충청북도,2026-01-13 13:17:56.85019,2026-01-13 13:17:56.850192,f
20474,대강면,4380031000,충청북도,2026-01-13 13:17:56.854099,2026-01-13 13:17:56.854101,f
20475,장림리,4380031021,충청북도,2026-01-13 13:17:56.858055,2026-01-13 13:17:56.858057,f
20476,당동리,4380031023,충청북도,2026-01-13 13:17:56.862436,2026-01-13 13:17:56.86244,f
20477,용부원리,4380031024,충청북도,2026-01-13 13:17:56.86738,2026-01-13 13:17:56.867387,f
20478,두음리,4380031033,충청북도,2026-01-13 13:17:56.872224,2026-01-13 13:17:56.872226,f
20479,괴평리,4380031034,충청북도,2026-01-13 13:17:56.875895,2026-01-13 13:17:56.875897,f
20480,사인암리,4380031035,충청북도,2026-01-13 13:17:56.880894,2026-01-13 13:17:56.880897,f
20481,직티리,4380031036,충청북도,2026-01-13 13:17:56.88596,2026-01-13 13:17:56.885961,f
20482,황정리,4380031037,충청북도,2026-01-13 13:17:56.89161,2026-01-13 13:17:56.891612,f
20483,성금리,4380031038,충청북도,2026-01-13 13:17:56.89588,2026-01-13 13:17:56.895882,f
20484,미노리,4380031039,충청북도,2026-01-13 13:17:56.899954,2026-01-13 13:17:56.899956,f
20485,덕촌리,4380031040,충청북도,2026-01-13 13:17:56.904578,2026-01-13 13:17:56.904581,f
20486,장정리,4380031041,충청북도,2026-01-13 13:17:56.908901,2026-01-13 13:17:56.908903,f
20487,사동리,4380031042,충청북도,2026-01-13 13:17:56.913234,2026-01-13 13:17:56.913236,f
20488,남천리,4380031043,충청북도,2026-01-13 13:17:56.917502,2026-01-13 13:17:56.917503,f
20489,남조리,4380031044,충청북도,2026-01-13 13:17:56.921427,2026-01-13 13:17:56.921429,f
20490,무수천리,4380031045,충청북도,2026-01-13 13:17:56.926234,2026-01-13 13:17:56.926237,f
20491,신구리,4380031046,충청북도,2026-01-13 13:17:56.930852,2026-01-13 13:17:56.930854,f
20492,올산리,4380031047,충청북도,2026-01-13 13:17:56.935019,2026-01-13 13:17:56.935021,f
20493,방곡리,4380031048,충청북도,2026-01-13 13:17:56.938907,2026-01-13 13:17:56.93891,f
20494,가곡면,4380032000,충청북도,2026-01-13 13:17:56.943086,2026-01-13 13:17:56.943089,f
20495,사평리,4380032021,충청북도,2026-01-13 13:17:56.948441,2026-01-13 13:17:56.948443,f
20496,가대리,4380032022,충청북도,2026-01-13 13:17:56.952554,2026-01-13 13:17:56.952556,f
20497,여천리,4380032023,충청북도,2026-01-13 13:17:56.956728,2026-01-13 13:17:56.95673,f
20498,덕천리,4380032024,충청북도,2026-01-13 13:17:56.960568,2026-01-13 13:17:56.96057,f
20499,대대리,4380032025,충청북도,2026-01-13 13:17:56.964379,2026-01-13 13:17:56.96438,f
20500,어의곡리,4380032026,충청북도,2026-01-13 13:17:56.968476,2026-01-13 13:17:56.968479,f
20501,보발리,4380032027,충청북도,2026-01-13 13:17:56.972681,2026-01-13 13:17:56.972684,f
20502,향산리,4380032028,충청북도,2026-01-13 13:17:56.976879,2026-01-13 13:17:56.976881,f
20503,영춘면,4380033000,충청북도,2026-01-13 13:17:56.981081,2026-01-13 13:17:56.981083,f
20504,상리,4380033021,충청북도,2026-01-13 13:17:56.985236,2026-01-13 13:17:56.985239,f
20505,하리,4380033022,충청북도,2026-01-13 13:17:56.994222,2026-01-13 13:17:56.994225,f
20506,남천리,4380033023,충청북도,2026-01-13 13:17:56.999457,2026-01-13 13:17:56.999459,f
20507,백자리,4380033024,충청북도,2026-01-13 13:17:57.003448,2026-01-13 13:17:57.003449,f
20508,의풍리,4380033025,충청북도,2026-01-13 13:17:57.007888,2026-01-13 13:17:57.007891,f
20509,동대리,4380033026,충청북도,2026-01-13 13:17:57.013356,2026-01-13 13:17:57.013358,f
20510,용진리,4380033027,충청북도,2026-01-13 13:17:57.017585,2026-01-13 13:17:57.017588,f
20511,오사리,4380033028,충청북도,2026-01-13 13:17:57.021365,2026-01-13 13:17:57.021367,f
20512,유암리,4380033029,충청북도,2026-01-13 13:17:57.026163,2026-01-13 13:17:57.026168,f
20513,사이곡리,4380033030,충청북도,2026-01-13 13:17:57.03438,2026-01-13 13:17:57.034382,f
20514,별방리,4380033031,충청북도,2026-01-13 13:17:57.038596,2026-01-13 13:17:57.038598,f
20515,만종리,4380033032,충청북도,2026-01-13 13:17:57.042754,2026-01-13 13:17:57.042756,f
20516,장발리,4380033033,충청북도,2026-01-13 13:17:57.04652,2026-01-13 13:17:57.046522,f
20517,사지원리,4380033034,충청북도,2026-01-13 13:17:57.051864,2026-01-13 13:17:57.051866,f
20518,어상천면,4380034000,충청북도,2026-01-13 13:17:57.055747,2026-01-13 13:17:57.055748,f
20519,임현리,4380034021,충청북도,2026-01-13 13:17:57.059472,2026-01-13 13:17:57.059474,f
20520,연곡리,4380034022,충청북도,2026-01-13 13:17:57.063488,2026-01-13 13:17:57.06349,f
20521,석교리,4380034023,충청북도,2026-01-13 13:17:57.067819,2026-01-13 13:17:57.067822,f
20522,대전리,4380034024,충청북도,2026-01-13 13:17:57.072214,2026-01-13 13:17:57.072216,f
20523,덕문곡리,4380034025,충청북도,2026-01-13 13:17:57.076272,2026-01-13 13:17:57.076275,f
20524,방북리,4380034026,충청북도,2026-01-13 13:17:57.079903,2026-01-13 13:17:57.079904,f
20525,심곡리,4380034027,충청북도,2026-01-13 13:17:57.083698,2026-01-13 13:17:57.0837,f
20526,율곡리,4380034028,충청북도,2026-01-13 13:17:57.08764,2026-01-13 13:17:57.087642,f
20527,적성면,4380035000,충청북도,2026-01-13 13:17:57.091969,2026-01-13 13:17:57.091975,f
20528,하진리,4380035021,충청북도,2026-01-13 13:17:57.097769,2026-01-13 13:17:57.097771,f
20529,현곡리,4380035022,충청북도,2026-01-13 13:17:57.101872,2026-01-13 13:17:57.101874,f
20530,하리,4380035023,충청북도,2026-01-13 13:17:57.106953,2026-01-13 13:17:57.106962,f
20531,성곡리,4380035024,충청북도,2026-01-13 13:17:57.119274,2026-01-13 13:17:57.119279,f
20532,상리,4380035025,충청북도,2026-01-13 13:17:57.12642,2026-01-13 13:17:57.126426,f
20533,애곡리,4380035026,충청북도,2026-01-13 13:17:57.13136,2026-01-13 13:17:57.131364,f
20534,기동리,4380035027,충청북도,2026-01-13 13:17:57.136194,2026-01-13 13:17:57.136197,f
20535,각기리,4380035028,충청북도,2026-01-13 13:17:57.140208,2026-01-13 13:17:57.14021,f
20536,소야리,4380035029,충청북도,2026-01-13 13:17:57.145195,2026-01-13 13:17:57.145197,f
20537,대가리,4380035030,충청북도,2026-01-13 13:17:57.150071,2026-01-13 13:17:57.150074,f
20538,파랑리,4380035031,충청북도,2026-01-13 13:17:57.154117,2026-01-13 13:17:57.154118,f
20539,하원곡리,4380035032,충청북도,2026-01-13 13:17:57.1588,2026-01-13 13:17:57.158801,f
20540,상원곡리,4380035033,충청북도,2026-01-13 13:17:57.162784,2026-01-13 13:17:57.162786,f
20541,단성면,4380036000,충청북도,2026-01-13 13:17:57.167068,2026-01-13 13:17:57.16707,f
20542,북상리,4380036021,충청북도,2026-01-13 13:17:57.171771,2026-01-13 13:17:57.171774,f
20543,북하리,4380036022,충청북도,2026-01-13 13:17:57.175579,2026-01-13 13:17:57.175581,f
20544,상방리,4380036023,충청북도,2026-01-13 13:17:57.179669,2026-01-13 13:17:57.179671,f
20545,중방리,4380036024,충청북도,2026-01-13 13:17:57.18382,2026-01-13 13:17:57.183823,f
20546,하방리,4380036025,충청북도,2026-01-13 13:17:57.188769,2026-01-13 13:17:57.188771,f
20547,외중방리,4380036026,충청북도,2026-01-13 13:17:57.192521,2026-01-13 13:17:57.192523,f
20548,장회리,4380036027,충청북도,2026-01-13 13:17:57.196389,2026-01-13 13:17:57.196391,f
20549,두항리,4380036028,충청북도,2026-01-13 13:17:57.200557,2026-01-13 13:17:57.20056,f
20550,고평리,4380036029,충청북도,2026-01-13 13:17:57.204347,2026-01-13 13:17:57.204349,f
20551,양당리,4380036030,충청북도,2026-01-13 13:17:57.208647,2026-01-13 13:17:57.20865,f
20552,벌천리,4380036031,충청북도,2026-01-13 13:17:57.212935,2026-01-13 13:17:57.212938,f
20553,회산리,4380036032,충청북도,2026-01-13 13:17:57.217113,2026-01-13 13:17:57.217117,f
20554,가산리,4380036033,충청북도,2026-01-13 13:17:57.221939,2026-01-13 13:17:57.221941,f
20555,대잠리,4380036034,충청북도,2026-01-13 13:17:57.226346,2026-01-13 13:17:57.226348,f
